"Timestamp";"UNIX-Timestamp";"1-0:1.4.0*255";"1-0:1.8.0*255";"1-0:2.4.0*255";"1-0:2.8.0*255";"1-0:3.4.0*255";"1-0:3.8.0*255";"1-0:4.4.0*255";"1-0:4.8.0*255";"1-0:9.4.0*255";"1-0:9.8.0*255";"1-0:10.4.0*255";"1-0:10.8.0*255";"1-0:13.4.0*255";"1-0:14.4.0*255";"1-0:21.4.0*255";"1-0:21.8.0*255";"1-0:22.4.0*255";"1-0:22.8.0*255";"1-0:23.4.0*255";"1-0:23.8.0*255";"1-0:24.4.0*255";"1-0:24.8.0*255";"1-0:29.4.0*255";"1-0:29.8.0*255";"1-0:30.4.0*255";"1-0:30.8.0*255";"1-0:31.4.0*255";"1-0:32.4.0*255";"1-0:33.4.0*255";"1-0:41.4.0*255";"1-0:41.8.0*255";"1-0:42.4.0*255";"1-0:42.8.0*255";"1-0:43.4.0*255";"1-0:43.8.0*255";"1-0:44.4.0*255";"1-0:44.8.0*255";"1-0:49.4.0*255";"1-0:49.8.0*255";"1-0:50.4.0*255";"1-0:50.8.0*255";"1-0:51.4.0*255";"1-0:52.4.0*255";"1-0:53.4.0*255";"1-0:61.4.0*255";"1-0:61.8.0*255";"1-0:62.4.0*255";"1-0:62.8.0*255";"1-0:63.4.0*255";"1-0:63.8.0*255";"1-0:64.4.0*255";"1-0:64.8.0*255";"1-0:69.4.0*255";"1-0:69.8.0*255";"1-0:70.4.0*255";"1-0:70.8.0*255";"1-0:71.4.0*255";"1-0:72.4.0*255";"1-0:73.4.0*255"
"Timestamp";"UNIX-Timestamp";"Active power+";"Active energy+";"Active power-";"Active energy-";"Reactive power+";"Reactive energy+";"Reactive power-";"Reactive energy-";"Apparent power+";"Apparent energy+";"Apparent power-";"Apparent energy-";"Power factor";"Supply frequency";"Active power+ (L1)";"Active energy+ (L1)";"Active power- (L1)";"Active energy- (L1)";"Reactive power+ (L1)";"Reactive energy+ (L1)";"Reactive power- (L1)";"Reactive energy- (L1)";"Apparent power+ (L1)";"Apparent energy+ (L1)";"Apparent power- (L1)";"Apparent energy- (L1)";"Current (L1)";"Voltage (L1)";"Power factor (L1)";"Active power+ (L2)";"Active energy+ (L2)";"Active power- (L2)";"Active energy- (L2)";"Reactive power+ (L2)";"Reactive energy+ (L2)";"Reactive power- (L2)";"Reactive energy- (L2)";"Apparent power+ (L2)";"Apparent energy+ (L2)";"Apparent power- (L2)";"Apparent energy- (L2)";"Current (L2)";"Voltage (L2)";"Power factor (L2)";"Active power+ (L3)";"Active energy+ (L3)";"Active power- (L3)";"Active energy- (L3)";"Reactive power+ (L3)";"Reactive energy+ (L3)";"Reactive power- (L3)";"Reactive energy- (L3)";"Apparent power+ (L3)";"Apparent energy+ (L3)";"Apparent power- (L3)";"Apparent energy- (L3)";"Current (L3)";"Voltage (L3)";"Power factor (L3)"
"";"";"W";"Wh";"W";"Wh";"var";"varh";"var";"varh";"VA";"vah";"VA";"vah";"(unitless)";"Hz";"W";"Wh";"W";"Wh";"var";"varh";"var";"varh";"VA";"vah";"VA";"vah";"A";"V";"(unitless)";"W";"Wh";"W";"Wh";"var";"varh";"var";"varh";"VA";"vah";"VA";"vah";"A";"V";"(unitless)";"W";"Wh";"W";"Wh";"var";"varh";"var";"varh";"VA";"vah";"VA";"vah";"A";"V";"(unitless)"
Wed Dec  1 00:00:03 2021;1638313203.292767805;2713.2;31782398.3;0.0;130485670.0;0.0;6974578.7;160.5;14993047.7;2717.9;37171410.4;0.0;131864810.8;0.998;50.005;966.3;10571850.7;0.0;42900194.6;36.2;2374405.9;0.0;6124663.7;967.0;12878839.9;0.0;43326626.2;4.318;232.162;0.999;891.4;6840998.6;0.0;46057057.5;43.1;2305708.1;0.0;5922563.6;892.5;9577741.7;0.0;46645541.6;4.003;231.745;0.999;855.4;16476334.1;0.0;43635203.0;0.0;3104730.1;239.9;3756086.1;888.4;18256652.9;0.0;44132423.7;3.951;231.892;0.963
Wed Dec  1 00:01:02 2021;1638313262.278411089;2730.0;31782443.0;0.0;130485670.0;0.0;6974578.7;153.6;14993050.3;2734.3;37171455.1;0.0;131864810.8;0.998;50.004;979.0;10571866.7;0.0;42900194.6;33.0;2374406.4;0.0;6124663.7;979.5;12878855.9;0.0;43326626.2;4.386;231.396;0.999;893.3;6841013.2;0.0;46057057.5;47.0;2305708.9;0.0;5922563.6;894.5;9577756.3;0.0;46645541.6;4.025;231.002;0.999;857.7;16476348.1;0.0;43635203.0;0.0;3104730.1;233.6;3756090.0;889.0;18256667.4;0.0;44132423.7;3.967;231.107;0.965
Wed Dec  1 00:02:02 2021;1638313322.273142914;2737.7;31782488.5;0.0;130485670.0;0.0;6974578.7;152.2;14993052.9;2741.9;37171500.8;0.0;131864810.8;0.998;50.015;980.7;10571883.0;0.0;42900194.6;32.1;2374407.0;0.0;6124663.7;981.2;12878872.2;0.0;43326626.2;4.385;231.492;0.999;897.4;6841028.2;0.0;46057057.5;48.3;2305709.7;0.0;5922563.6;898.8;9577771.3;0.0;46645541.6;4.041;231.142;0.999;859.5;16476362.5;0.0;43635203.0;0.0;3104730.1;232.7;3756093.9;890.5;18256682.2;0.0;44132423.7;3.972;231.209;0.965
Wed Dec  1 00:03:02 2021;1638313382.774907184;2772.5;31782534.3;0.0;130485670.0;0.0;6974578.7;133.5;14993055.3;2775.7;37171546.6;0.0;131864810.8;0.999;49.998;956.9;10571899.1;0.0;42900194.6;43.9;2374407.6;0.0;6124663.7;957.9;12878888.4;0.0;43326626.2;4.290;231.196;0.999;952.3;6841043.4;0.0;46057057.5;50.6;2305710.5;0.0;5922563.6;953.6;9577786.5;0.0;46645541.6;4.279;230.858;0.999;863.4;16476376.9;0.0;43635203.0;0.0;3104730.1;228.0;3756097.7;893.0;18256697.2;0.0;44132423.7;3.987;230.966;0.967
Wed Dec  1 00:04:02 2021;1638313442.273542514;2773.0;31782580.2;0.0;130485670.0;0.0;6974578.7;136.1;14993057.6;2776.3;37171592.6;0.0;131864810.8;0.999;49.961;975.0;10571915.3;0.0;42900194.6;39.4;2374408.3;0.0;6124663.7;975.8;12878904.6;0.0;43326626.2;4.367;231.247;0.999;931.6;6841058.7;0.0;46057057.5;51.1;2305711.3;0.0;5922563.6;933.0;9577801.9;0.0;46645541.6;4.167;230.906;0.998;866.4;16476391.2;0.0;43635203.0;0.0;3104730.1;226.6;3756101.5;895.6;18256712.0;0.0;44132423.7;4.001;230.916;0.967
Wed Dec  1 00:05:02 2021;1638313502.722195586;2771.8;31782626.7;0.0;130485670.0;0.0;6974578.7;118.3;14993059.7;2774.3;37171639.1;0.0;131864810.8;0.999;49.947;963.0;10571931.5;0.0;42900194.6;49.0;2374409.0;0.0;6124663.7;964.3;12878920.8;0.0;43326626.2;4.322;230.925;0.999;937.5;6841074.4;0.0;46057057.5;54.6;2305712.2;0.0;5922563.6;939.1;9577817.6;0.0;46645541.6;4.199;230.619;0.998;871.2;16476405.8;0.0;43635203.0;0.0;3104730.1;221.9;3756105.3;899.1;18256727.1;0.0;44132423.7;4.021;230.642;0.969
Wed Dec  1 00:06:02 2021;1638313562.208129802;2757.5;31782672.3;0.0;130485670.0;0.0;6974578.7;109.8;14993061.7;2759.7;37171684.7;0.0;131864810.8;0.999;49.910;960.9;10571947.5;0.0;42900194.6;59.6;2374409.9;0.0;6124663.7;962.8;12878936.8;0.0;43326626.2;4.323;230.873;0.998;921.6;6841089.7;0.0;46057057.5;50.6;2305713.1;0.0;5922563.6;923.0;9577832.9;0.0;46645541.6;4.135;230.462;0.998;875.0;16476420.2;0.0;43635203.0;0.0;3104730.1;220.0;3756109.0;902.2;18256742.0;0.0;44132423.7;4.034;230.607;0.970
Wed Dec  1 00:07:02 2021;1638313622.694494099;2760.5;31782718.8;0.0;130485670.0;0.0;6974578.7;97.9;14993063.5;2762.3;37171731.3;0.0;131864810.8;0.999;49.907;953.7;10571963.7;0.0;42900194.6;63.8;2374410.9;0.0;6124663.7;955.8;12878953.1;0.0;43326626.2;4.294;230.611;0.998;926.9;6841105.2;0.0;46057057.5;54.2;2305714.0;0.0;5922563.6;928.5;9577848.4;0.0;46645541.6;4.162;230.296;0.998;879.9;16476435.0;0.0;43635203.0;0.0;3104730.1;216.0;3756112.6;906.0;18256757.2;0.0;44132423.7;4.055;230.370;0.971
Wed Dec  1 00:08:02 2021;1638313682.179908361;2788.4;31782764.9;0.0;130485670.0;0.0;6974578.7;91.4;14993065.1;2789.9;37171777.5;0.0;131864810.8;0.999;49.894;974.3;10571979.9;0.0;42900194.6;63.9;2374411.9;0.0;6124663.7;976.4;12878969.3;0.0;43326626.2;4.385;230.573;0.998;930.5;6841120.6;0.0;46057057.5;56.9;2305714.9;0.0;5922563.6;932.2;9577863.8;0.0;46645541.6;4.179;230.297;0.998;883.7;16476449.6;0.0;43635203.0;0.0;3104730.1;212.2;3756116.2;908.8;18256772.2;0.0;44132423.7;4.068;230.406;0.972
Wed Dec  1 00:09:02 2021;1638313742.172815169;2818.0;31782811.9;0.0;130485670.0;0.0;6974578.7;90.5;14993066.6;2819.4;37171824.5;0.0;131864810.8;0.999;49.878;996.5;10571996.6;0.0;42900194.6;62.5;2374412.9;0.0;6124663.7;998.4;12878986.0;0.0;43326626.2;4.483;230.652;0.998;933.7;6841136.1;0.0;46057057.5;58.0;2305715.8;0.0;5922563.6;935.6;9577879.4;0.0;46645541.6;4.192;230.356;0.998;887.7;16476464.3;0.0;43635203.0;0.0;3104730.1;211.1;3756119.7;912.5;18256787.4;0.0;44132423.7;4.082;230.517;0.973
Wed Dec  1 00:10:02 2021;1638313802.173550816;2843.7;31782859.3;0.0;130485670.0;0.0;6974578.7;77.4;14993068.0;2844.8;37171871.9;0.0;131864810.8;1.000;49.887;979.0;10572013.0;0.0;42900194.6;70.5;2374414.0;0.0;6124663.7;981.6;12879002.5;0.0;43326626.2;4.407;230.589;0.997;940.1;6841151.7;0.0;46057057.5;63.2;2305716.8;0.0;5922563.6;942.2;9577895.1;0.0;46645541.6;4.223;230.322;0.998;924.6;16476479.7;0.0;43635203.0;0.0;3104730.1;211.1;3756123.2;948.4;18256803.1;0.0;44132423.7;4.263;230.428;0.975
Wed Dec  1 00:11:02 2021;1638313862.673460929;2870.0;31782907.4;0.0;130485670.0;0.0;6974578.7;75.7;14993069.4;2871.0;37171920.0;0.0;131864810.8;1.000;49.889;999.1;10572029.7;0.0;42900194.6;68.7;2374415.2;0.0;6124663.7;1001.5;12879019.2;0.0;43326626.2;4.496;230.582;0.998;942.8;6841167.6;0.0;46057057.5;64.4;2305717.9;0.0;5922563.6;945.0;9577910.9;0.0;46645541.6;4.234;230.362;0.998;928.1;16476495.2;0.0;43635203.0;0.0;3104730.1;208.8;3756126.8;951.3;18256819.0;0.0;44132423.7;4.276;230.449;0.976
Wed Dec  1 00:12:02 2021;1638313922.624773181;2871.9;31782955.3;0.0;130485670.0;0.0;6974578.7;72.6;14993070.6;2872.8;37171967.9;0.0;131864810.8;1.000;49.906;995.4;10572046.3;0.0;42900194.6;70.5;2374416.3;0.0;6124663.7;997.9;12879035.8;0.0;43326626.2;4.478;230.598;0.997;944.8;6841183.3;0.0;46057057.5;65.1;2305719.0;0.0;5922563.6;947.0;9577926.7;0.0;46645541.6;4.243;230.343;0.998;931.7;16476510.7;0.0;43635203.0;0.0;3104730.1;208.3;3756130.3;954.7;18256834.9;0.0;44132423.7;4.291;230.412;0.976
Wed Dec  1 00:13:02 2021;1638313982.610221262;2888.3;31783003.3;0.0;130485670.0;0.0;6974578.7;61.7;14993071.7;2889.0;37172015.9;0.0;131864810.8;1.000;49.930;1001.8;10572063.0;0.0;42900194.6;73.4;2374417.6;0.0;6124663.7;1004.5;12879052.5;0.0;43326626.2;4.507;230.655;0.997;951.4;6841199.1;0.0;46057057.5;68.9;2305720.1;0.0;5922563.6;953.9;9577942.6;0.0;46645541.6;4.272;230.443;0.997;935.1;16476526.3;0.0;43635203.0;0.0;3104730.1;204.1;3756133.7;957.2;18256850.9;0.0;44132423.7;4.302;230.462;0.977
Wed Dec  1 00:14:02 2021;1638314042.596113577;2900.0;31783051.6;0.0;130485670.0;0.0;6974578.7;54.3;14993072.6;2900.6;37172064.2;0.0;131864810.8;1.000;49.927;1004.2;10572079.7;0.0;42900194.6;76.3;2374418.8;0.0;6124663.7;1007.1;12879069.3;0.0;43326626.2;4.518;230.632;0.997;955.8;6841215.0;0.0;46057057.5;71.4;2305721.3;0.0;5922563.6;958.5;9577958.5;0.0;46645541.6;4.293;230.446;0.997;940.0;16476541.9;0.0;43635203.0;0.0;3104730.1;202.0;3756137.1;961.5;18256866.9;0.0;44132423.7;4.322;230.404;0.978
Wed Dec  1 00:15:02 2021;1638314102.581927550;2899.7;31783100.0;0.0;130485670.0;0.0;6974578.7;45.9;14993073.5;2900.1;37172112.6;0.0;131864810.8;1.000;49.929;998.5;10572096.5;0.0;42900194.6;80.0;2374420.1;0.0;6124663.7;1001.7;12879086.1;0.0;43326626.2;4.495;230.615;0.997;959.1;6841231.0;0.0;46057057.5;73.6;2305722.5;0.0;5922563.6;961.9;9577974.5;0.0;46645541.6;4.309;230.420;0.997;942.1;16476557.6;0.0;43635203.0;0.0;3104730.1;199.5;3756140.4;963.0;18256882.9;0.0;44132423.7;4.330;230.390;0.978
Wed Dec  1 00:16:02 2021;1638314162.573755609;2942.1;31783147.8;0.0;130485670.0;121.9;6974579.1;0.0;14993073.9;2944.6;37172160.5;0.0;131864810.8;0.999;49.921;918.6;10572112.6;0.0;42900194.6;119.5;2374421.7;0.0;6124663.7;926.4;12879102.3;0.0;43326626.2;4.175;230.719;0.992;1108.3;6841247.0;0.0;46057057.5;30.9;2305723.8;0.0;5922563.6;1108.7;9577990.6;0.0;46645541.6;4.938;230.495;1.000;915.1;16476573.2;0.0;43635203.0;0.0;3104730.1;28.5;3756143.3;915.6;18256898.8;0.0;44132423.7;4.131;230.506;1.000
Wed Dec  1 00:17:02 2021;1638314222.573634872;2830.9;31783195.4;0.0;130485670.0;54.4;6974581.1;0.0;14993073.9;2831.4;37172208.1;0.0;131864810.8;1.000;49.918;963.2;10572128.4;0.0;42900194.6;0.0;2374422.4;77.8;6124664.3;966.3;12879118.2;0.0;43326626.2;4.339;230.601;0.997;967.1;6841263.9;0.0;46057057.5;78.9;2305724.8;0.0;5922563.6;970.3;9578007.5;0.0;46645541.6;4.345;230.559;0.997;900.6;16476588.2;0.0;43635203.0;53.3;3104731.0;0.0;3756143.3;902.2;18256913.8;0.0;44132423.7;4.084;230.274;0.998
Wed Dec  1 00:18:02 2021;1638314282.573773512;2850.7;31783242.7;0.0;130485670.0;67.0;6974582.1;0.0;14993073.9;2851.5;37172255.4;0.0;131864810.8;1.000;49.939;969.8;10572144.4;0.0;42900194.6;0.0;2374422.4;73.4;6124665.5;972.6;12879134.3;0.0;43326626.2;4.370;230.595;0.997;972.5;6841280.1;0.0;46057057.5;82.6;2305726.2;0.0;5922563.6;976.0;9578023.7;0.0;46645541.6;4.371;230.538;0.996;908.4;16476603.3;0.0;43635203.0;57.8;3104731.9;0.0;3756143.3;910.2;18256928.9;0.0;44132423.7;4.119;230.342;0.998
Wed Dec  1 00:19:02 2021;1638314342.525537438;2856.6;31783290.2;0.0;130485670.0;71.8;6974583.2;0.0;14993073.9;2857.5;37172302.9;0.0;131864810.8;1.000;49.955;972.3;10572160.6;0.0;42900194.6;0.0;2374422.4;71.8;6124666.8;975.0;12879150.5;0.0;43326626.2;4.377;230.611;0.997;974.0;6841296.3;0.0;46057057.5;84.4;2305727.5;0.0;5922563.6;977.6;9578040.0;0.0;46645541.6;4.378;230.489;0.996;910.3;16476618.4;0.0;43635203.0;59.2;3104732.9;0.0;3756143.3;912.2;18256944.1;0.0;44132423.7;4.129;230.289;0.998
Wed Dec  1 00:20:02 2021;1638314402.511275264;2926.9;31783338.6;0.0;130485670.0;172.1;6974585.0;0.0;14993073.9;2931.9;37172351.3;0.0;131864810.8;0.998;49.973;1040.4;10572177.5;0.0;42900194.6;26.3;2374422.6;0.0;6124667.6;1040.7;12879167.4;0.0;43326626.2;4.648;230.734;1.000;973.5;6841312.5;0.0;46057057.5;85.3;2305728.9;0.0;5922563.6;977.3;9578056.3;0.0;46645541.6;4.374;230.590;0.996;913.0;16476633.6;0.0;43635203.0;60.5;3104733.9;0.0;3756143.3;915.0;18256959.3;0.0;44132423.7;4.138;230.482;0.998
Wed Dec  1 00:21:02 2021;1638314462.497739103;2931.0;31783387.4;0.0;130485670.0;180.7;6974588.0;0.0;14993073.9;2936.6;37172400.2;0.0;131864810.8;0.998;49.975;1034.3;10572194.8;0.0;42900194.6;28.2;2374423.1;0.0;6124667.6;1034.7;12879184.7;0.0;43326626.2;4.623;230.654;1.000;978.9;6841328.8;0.0;46057057.5;88.6;2305730.4;0.0;5922563.6;982.9;9578072.6;0.0;46645541.6;4.400;230.545;0.996;917.8;16476648.9;0.0;43635203.0;63.9;3104734.9;0.0;3756143.3;920.0;18256974.6;0.0;44132423.7;4.160;230.442;0.998
Wed Dec  1 00:22:02 2021;1638314522.482981385;2900.2;31783436.0;0.0;130485670.0;300.2;6974592.7;0.0;14993073.9;2915.7;37172449.1;0.0;131864810.8;0.995;49.982;1022.5;10572211.9;0.0;42900194.6;132.2;2374425.2;0.0;6124667.6;1031.0;12879202.0;0.0;43326626.2;4.612;230.711;0.992;955.1;6841345.0;0.0;46057057.5;99.6;2305732.0;0.0;5922563.6;960.3;9578088.9;0.0;46645541.6;4.305;230.627;0.995;922.6;16476664.2;0.0;43635203.0;68.4;3104736.0;0.0;3756143.3;925.2;18256990.0;0.0;44132423.7;4.182;230.573;0.997
Wed Dec  1 00:23:02 2021;1638314582.472792499;2979.3;31783493.9;0.0;130485670.0;302.8;6974610.0;0.0;14993073.9;2994.7;37172510.1;0.0;131864810.8;0.995;49.985;1096.9;10572232.9;0.0;42900194.6;127.5;2374431.6;0.0;6124667.6;1104.3;12879224.2;0.0;43326626.2;4.931;230.244;0.993;957.8;6841363.7;0.0;46057057.5;102.9;2305737.7;0.0;5922563.6;963.3;9578108.7;0.0;46645541.6;4.328;230.134;0.994;924.6;16476682.3;0.0;43635203.0;72.4;3104741.1;0.0;3756143.3;927.4;18257009.0;0.0;44132423.7;4.199;230.094;0.997
Wed Dec  1 00:24:02 2021;1638314642.472939082;2986.4;31783543.5;0.0;130485670.0;308.4;6974615.1;0.0;14993073.9;3002.3;37172560.1;0.0;131864810.8;0.995;49.995;1093.3;10572251.1;0.0;42900194.6;128.8;2374433.8;0.0;6124667.6;1100.8;12879242.5;0.0;43326626.2;4.907;230.644;0.993;963.3;6841379.7;0.0;46057057.5;104.9;2305739.4;0.0;5922563.6;969.0;9578124.8;0.0;46645541.6;4.346;230.527;0.994;929.9;16476697.8;0.0;43635203.0;74.8;3104742.3;0.0;3756143.3;932.9;18257024.5;0.0;44132423.7;4.215;230.541;0.997
Wed Dec  1 00:25:02 2021;1638314702.473118238;2992.4;31783593.3;0.0;130485670.0;310.0;6974620.3;0.0;14993073.9;3008.4;37172610.2;0.0;131864810.8;0.995;49.981;1093.0;10572269.3;0.0;42900194.6;129.1;2374435.9;0.0;6124667.6;1100.6;12879260.8;0.0;43326626.2;4.902;230.779;0.993;966.8;6841395.8;0.0;46057057.5;106.2;2305741.2;0.0;5922563.6;972.7;9578141.0;0.0;46645541.6;4.358;230.693;0.994;932.6;16476713.3;0.0;43635203.0;74.7;3104743.6;0.0;3756143.3;935.6;18257040.1;0.0;44132423.7;4.223;230.672;0.997
Wed Dec  1 00:26:02 2021;1638314762.426585199;3003.2;31783643.4;0.0;130485670.0;323.0;6974625.6;0.0;14993073.9;3020.5;37172660.5;0.0;131864810.8;0.994;49.999;1094.8;10572287.6;0.0;42900194.6;134.4;2374438.2;0.0;6124667.6;1103.1;12879279.2;0.0;43326626.2;4.912;230.929;0.993;971.7;6841412.0;0.0;46057057.5;110.4;2305743.0;0.0;5922563.6;977.9;9578157.3;0.0;46645541.6;4.380;230.803;0.994;936.6;16476728.9;0.0;43635203.0;78.2;3104744.9;0.0;3756143.3;939.9;18257055.7;0.0;44132423.7;4.240;230.832;0.997
Wed Dec  1 00:27:02 2021;1638314822.412917760;3039.1;31783693.8;0.0;130485670.0;327.6;6974631.1;0.0;14993073.9;3056.7;37172711.2;0.0;131864810.8;0.994;49.993;1127.2;10572306.2;0.0;42900194.6;135.2;2374440.4;0.0;6124667.6;1135.3;12879297.9;0.0;43326626.2;5.084;230.915;0.993;973.5;6841428.2;0.0;46057057.5;112.0;2305744.9;0.0;5922563.6;980.0;9578173.6;0.0;46645541.6;4.389;230.796;0.993;938.3;16476744.5;0.0;43635203.0;80.4;3104746.2;0.0;3756143.3;941.8;18257071.4;0.0;44132423.7;4.248;230.837;0.996
Wed Dec  1 00:28:02 2021;1638314882.399178781;3026.5;31783744.2;0.0;130485670.0;342.7;6974636.6;0.0;14993073.9;3045.8;37172761.9;0.0;131864810.8;0.994;50.020;1102.8;10572324.5;0.0;42900194.6;140.9;2374442.7;0.0;6124667.6;1111.8;12879316.5;0.0;43326626.2;4.950;231.007;0.992;978.8;6841444.5;0.0;46057057.5;116.9;2305746.8;0.0;5922563.6;985.7;9578190.0;0.0;46645541.6;4.414;230.831;0.993;944.9;16476760.2;0.0;43635203.0;84.9;3104747.6;0.0;3756143.3;948.7;18257087.2;0.0;44132423.7;4.279;230.849;0.996
Wed Dec  1 00:29:02 2021;1638314942.385074726;3164.4;31783796.1;0.0;130485670.0;351.7;6974642.4;0.0;14993073.9;3183.9;37172814.1;0.0;131864810.8;0.994;50.030;1231.4;10572344.3;0.0;42900194.6;141.9;2374445.1;0.0;6124667.6;1239.5;12879336.4;0.0;43326626.2;5.494;230.877;0.993;983.9;6841460.9;0.0;46057057.5;120.5;2305748.8;0.0;5922563.6;991.2;9578206.5;0.0;46645541.6;4.439;230.834;0.993;949.1;16476776.0;0.0;43635203.0;89.4;3104749.0;0.0;3756143.3;953.3;18257103.0;0.0;44132423.7;4.301;230.863;0.996
Wed Dec  1 00:30:02 2021;1638315002.873740859;3085.7;31783848.7;0.0;130485670.0;358.2;6974648.4;0.0;14993073.9;3106.4;37172867.1;0.0;131864810.8;0.993;50.020;1151.3;10572364.5;0.0;42900194.6;148.7;2374447.5;0.0;6124667.6;1160.9;12879356.7;0.0;43326626.2;5.167;230.879;0.992;982.6;6841477.4;0.0;46057057.5;120.3;2305750.8;0.0;5922563.6;990.0;9578223.1;0.0;46645541.6;4.435;230.774;0.993;951.7;16476791.9;0.0;43635203.0;89.2;3104750.5;0.0;3756143.3;955.9;18257119.1;0.0;44132423.7;4.314;230.797;0.996
Wed Dec  1 00:31:02 2021;1638315062.373451092;3223.2;31783900.0;0.0;130485670.0;367.5;6974654.4;0.0;14993073.9;3244.0;37172918.7;0.0;131864810.8;0.994;50.017;1277.3;10572383.7;0.0;42900194.6;145.9;2374450.0;0.0;6124667.6;1285.6;12879376.1;0.0;43326626.2;5.698;230.905;0.994;990.0;6841493.7;0.0;46057057.5;126.2;2305752.8;0.0;5922563.6;998.0;9578239.6;0.0;46645541.6;4.470;230.835;0.992;955.9;16476807.7;0.0;43635203.0;95.4;3104752.0;0.0;3756143.3;960.7;18257134.9;0.0;44132423.7;4.332;230.935;0.995
Wed Dec  1 00:32:02 2021;1638315122.372630997;3222.7;31783953.7;0.0;130485670.0;374.1;6974660.6;0.0;14993073.9;3244.3;37172972.7;0.0;131864810.8;0.993;50.020;1269.8;10572404.9;0.0;42900194.6;147.9;2374452.4;0.0;6124667.6;1278.4;12879397.4;0.0;43326626.2;5.668;230.865;0.993;993.7;6841510.2;0.0;46057057.5;128.6;2305754.9;0.0;5922563.6;1002.0;9578256.3;0.0;46645541.6;4.486;230.930;0.992;959.2;16476823.7;0.0;43635203.0;97.6;3104753.7;0.0;3756143.3;964.2;18257151.0;0.0;44132423.7;4.348;230.875;0.995
Wed Dec  1 00:33:01 2021;1638315181.829976974;3247.1;31784007.2;0.0;130485670.0;391.6;6974667.0;0.0;14993073.9;3270.7;37173026.7;0.0;131864810.8;0.993;49.996;1282.6;10572426.0;0.0;42900194.6;153.4;2374454.9;0.0;6124667.6;1291.7;12879418.7;0.0;43326626.2;5.732;230.846;0.993;998.9;6841526.7;0.0;46057057.5;134.5;2305757.1;0.0;5922563.6;1008.0;9578272.9;0.0;46645541.6;4.514;230.905;0.991;965.6;16476839.6;0.0;43635203.0;103.7;3104755.3;0.0;3756143.3;971.2;18257167.0;0.0;44132423.7;4.382;230.873;0.994
Wed Dec  1 00:34:01 2021;1638315241.815286127;3213.7;31784060.0;0.0;130485670.0;411.0;6974673.7;0.0;14993073.9;3239.9;37173079.8;0.0;131864810.8;0.992;49.985;1247.1;10572446.0;0.0;42900194.6;165.5;2374457.6;0.0;6124667.6;1258.0;12879438.9;0.0;43326626.2;5.583;230.860;0.991;999.8;6841543.4;0.0;46057057.5;138.1;2305759.4;0.0;5922563.6;1009.3;9578289.7;0.0;46645541.6;4.521;230.821;0.991;966.9;16476855.7;0.0;43635203.0;107.4;3104757.1;0.0;3756143.3;972.8;18257183.2;0.0;44132423.7;4.390;230.776;0.994
Wed Dec  1 00:35:01 2021;1638315301.801684258;3420.7;31784114.3;0.0;130485670.0;622.2;6974681.4;0.0;14993073.9;3476.8;37173134.8;0.0;131864810.8;0.984;49.998;1445.1;10572467.5;0.0;42900194.6;367.8;2374461.1;0.0;6124667.6;1491.2;12879460.7;0.0;43326626.2;6.583;230.658;0.969;1004.9;6841560.1;0.0;46057057.5;142.5;2305761.7;0.0;5922563.6;1015.0;9578306.5;0.0;46645541.6;4.548;230.789;0.990;970.7;16476871.8;0.0;43635203.0;111.9;3104758.9;0.0;3756143.3;977.1;18257199.4;0.0;44132423.7;4.410;230.795;0.993
Wed Dec  1 00:36:01 2021;1638315361.787350070;3368.2;31784170.5;0.0;130485670.0;626.2;6974691.8;0.0;14993073.9;3425.9;37173191.9;0.0;131864810.8;0.983;50.003;1386.4;10572490.7;0.0;42900194.6;371.6;2374467.3;0.0;6124667.6;1435.3;12879484.7;0.0;43326626.2;6.344;230.669;0.966;1007.1;6841576.8;0.0;46057057.5;142.9;2305764.1;0.0;5922563.6;1017.2;9578323.5;0.0;46645541.6;4.559;230.645;0.990;974.6;16476888.1;0.0;43635203.0;111.7;3104760.8;0.0;3756143.3;981.0;18257215.7;0.0;44132423.7;4.429;230.695;0.993
Wed Dec  1 00:37:01 2021;1638315421.784608381;2515.2;31784226.2;0.0;130485670.0;166.8;6974702.2;0.0;14993073.9;2520.7;37173248.5;0.0;131864810.8;0.998;49.995;1145.9;10572513.6;0.0;42900194.6;224.2;2374473.5;0.0;6124667.6;1167.7;12879508.4;0.0;43326626.2;5.170;230.761;0.981;639.7;6841593.4;0.0;46057057.5;0.0;2305766.5;23.2;5922563.6;640.2;9578340.3;0.0;46645541.6;2.868;230.949;0.999;729.5;16476904.2;0.0;43635203.0;0.0;3104762.6;34.1;3756143.3;730.3;18257232.0;0.0;44132423.7;3.332;230.837;0.999
Wed Dec  1 00:38:01 2021;1638315481.773902265;720.4;31784239.8;0.0;130485670.0;0.0;6974702.2;249.3;14993077.8;762.4;37173262.8;0.0;131864810.8;0.945;49.995;546.8;10572523.4;0.0;42900194.6;86.5;2374475.0;0.0;6124667.6;553.6;12879518.3;0.0;43326626.2;2.539;230.933;0.988;39.6;6841594.6;0.0;46057057.5;0.0;2305766.5;160.5;5922566.2;165.3;9578343.4;0.0;46645541.6;0.742;231.100;0.239;134.0;16476906.9;0.0;43635203.0;0.0;3104762.6;175.4;3756146.1;220.7;18257236.0;0.0;44132423.7;1.184;231.034;0.607
Wed Dec  1 00:39:01 2021;1638315541.775717314;581.9;31784250.8;0.0;130485670.0;0.0;6974702.2;250.2;14993081.9;633.4;37173274.5;0.0;131864810.8;0.919;50.006;407.3;10572531.4;0.0;42900194.6;86.1;2374476.5;0.0;6124667.6;416.3;12879526.4;0.0;43326626.2;1.956;230.849;0.978;39.6;6841595.3;0.0;46057057.5;0.0;2305766.5;160.8;5922568.9;165.6;9578346.1;0.0;46645541.6;0.743;231.288;0.239;135.1;16476909.2;0.0;43635203.0;0.0;3104762.6;175.5;3756149.0;221.5;18257239.7;0.0;44132423.7;1.190;231.195;0.610
Wed Dec  1 00:40:01 2021;1638315601.731966285;575.5;31784260.4;0.0;130485670.0;0.0;6974702.2;250.3;14993086.1;627.6;37173285.0;0.0;131864810.8;0.917;50.007;401.3;10572538.1;0.0;42900194.6;85.9;2374477.9;0.0;6124667.6;410.4;12879533.3;0.0;43326626.2;1.929;230.679;0.978;39.8;6841595.9;0.0;46057057.5;0.0;2305766.5;160.7;5922571.5;165.5;9578348.9;0.0;46645541.6;0.743;231.129;0.240;134.5;16476911.4;0.0;43635203.0;0.0;3104762.6;175.5;3756152.0;221.1;18257243.4;0.0;44132423.7;1.184;231.096;0.608
Wed Dec  1 00:41:01 2021;1638315661.718185450;574.7;31784269.9;0.0;130485670.0;0.0;6974702.2;251.9;14993090.3;627.5;37173295.4;0.0;131864810.8;0.916;50.019;400.1;10572544.8;0.0;42900194.6;84.4;2374479.3;0.0;6124667.6;408.9;12879540.1;0.0;43326626.2;1.926;230.484;0.978;39.7;6841596.6;0.0;46057057.5;0.0;2305766.5;160.6;5922574.2;165.4;9578351.6;0.0;46645541.6;0.743;231.066;0.240;135.0;16476913.7;0.0;43635203.0;0.0;3104762.6;175.7;3756154.9;221.6;18257247.1;0.0;44132423.7;1.189;230.979;0.609
Wed Dec  1 00:42:01 2021;1638315721.703679324;570.3;31784279.3;0.0;130485670.0;0.0;6974702.2;223.8;14993094.3;612.6;37173305.6;0.0;131864810.8;0.931;49.982;404.0;10572551.3;0.0;42900194.6;84.8;2374480.7;0.0;6124667.6;412.8;12879546.8;0.0;43326626.2;1.963;230.211;0.979;62.3;6841597.3;0.0;46057057.5;0.0;2305766.5;137.6;5922576.8;151.1;9578354.3;0.0;46645541.6;0.681;230.826;0.413;103.9;16476915.7;0.0;43635203.0;0.0;3104762.6;171.0;3756157.8;200.1;18257250.6;0.0;44132423.7;1.010;230.852;0.519
Wed Dec  1 00:43:01 2021;1638315781.690541481;336.4;31784288.1;0.0;130485670.0;0.0;6974702.2;412.4;14993098.2;532.2;37173315.3;0.0;131864810.8;0.632;49.991;171.6;10572557.4;0.0;42900194.6;0.0;2374482.1;102.8;6124667.7;200.0;12879553.1;0.0;43326626.2;1.182;230.488;0.858;61.9;6841598.4;0.0;46057057.5;0.0;2305766.5;138.3;5922579.1;151.5;9578356.9;0.0;46645541.6;0.682;230.875;0.408;102.9;16476917.4;0.0;43635203.0;0.0;3104762.6;171.3;3756160.6;199.8;18257254.0;0.0;44132423.7;1.007;230.883;0.515
Wed Dec  1 00:44:01 2021;1638315841.675298816;325.1;31784293.5;0.0;130485670.0;0.0;6974702.2;412.8;14993105.1;525.4;37173324.1;0.0;131864810.8;0.619;50.008;159.0;10572560.1;0.0;42900194.6;0.0;2374482.1;102.8;6124669.4;189.3;12879556.2;0.0;43326626.2;1.095;230.364;0.840;61.8;6841599.4;0.0;46057057.5;0.0;2305766.5;138.8;5922581.4;151.9;9578359.4;0.0;46645541.6;0.685;230.759;0.407;104.3;16476919.1;0.0;43635203.0;0.0;3104762.6;171.2;3756163.5;200.5;18257257.3;0.0;44132423.7;1.014;230.707;0.520
Wed Dec  1 00:45:01 2021;1638315901.674597738;332.7;31784298.9;0.0;130485670.0;0.0;6974702.2;420.2;14993112.0;536.0;37173332.9;0.0;131864810.8;0.621;50.000;167.3;10572562.7;0.0;42900194.6;0.0;2374482.1;110.2;6124671.2;200.3;12879559.4;0.0;43326626.2;1.124;230.466;0.835;61.2;6841600.4;0.0;46057057.5;0.0;2305766.5;139.0;5922583.7;151.9;9578361.9;0.0;46645541.6;0.684;230.750;0.403;104.2;16476920.9;0.0;43635203.0;0.0;3104762.6;171.1;3756166.4;200.3;18257260.7;0.0;44132423.7;1.013;230.774;0.520
Wed Dec  1 00:46:01 2021;1638315961.673613542;331.3;31784304.4;0.0;130485670.0;0.0;6974702.2;419.9;14993119.0;534.8;37173341.8;0.0;131864810.8;0.619;49.994;164.9;10572565.4;0.0;42900194.6;0.0;2374482.1;110.7;6124673.0;198.6;12879562.7;0.0;43326626.2;1.120;230.350;0.830;62.2;6841601.5;0.0;46057057.5;0.0;2305766.5;139.5;5922586.0;152.7;9578364.5;0.0;46645541.6;0.688;230.637;0.407;104.2;16476922.6;0.0;43635203.0;0.0;3104762.6;169.7;3756169.2;199.1;18257264.0;0.0;44132423.7;1.012;230.567;0.523
Wed Dec  1 00:47:01 2021;1638316021.634181743;344.4;31784310.0;0.0;130485670.0;0.0;6974702.2;419.9;14993126.0;543.0;37173350.7;0.0;131864810.8;0.634;50.008;179.3;10572568.3;0.0;42900194.6;0.0;2374482.1;109.8;6124674.8;210.2;12879566.1;0.0;43326626.2;1.151;230.191;0.853;61.1;6841602.5;0.0;46057057.5;0.0;2305766.5;139.1;5922588.4;152.0;9578367.0;0.0;46645541.6;0.685;230.530;0.402;104.0;16476924.3;0.0;43635203.0;0.0;3104762.6;171.0;3756172.0;200.1;18257267.3;0.0;44132423.7;1.012;230.541;0.520
Wed Dec  1 00:48:01 2021;1638316081.619529894;355.0;31784316.0;0.0;130485670.0;0.0;6974702.2;420.6;14993133.0;550.4;37173359.9;0.0;131864810.8;0.645;50.008;190.4;10572571.5;0.0;42900194.6;0.0;2374482.1;110.0;6124676.7;219.8;12879569.8;0.0;43326626.2;1.220;230.351;0.866;60.7;6841603.5;0.0;46057057.5;0.0;2305766.5;139.4;5922590.7;152.1;9578369.5;0.0;46645541.6;0.685;230.691;0.399;103.9;16476926.1;0.0;43635203.0;0.0;3104762.6;171.2;3756174.9;200.3;18257270.6;0.0;44132423.7;1.011;230.679;0.519
Wed Dec  1 00:49:01 2021;1638316141.605515763;352.1;31784321.9;0.0;130485670.0;0.0;6974702.2;421.1;14993140.0;548.9;37173369.1;0.0;131864810.8;0.641;50.015;186.9;10572574.7;0.0;42900194.6;0.0;2374482.1;110.4;6124678.5;217.1;12879573.5;0.0;43326626.2;1.192;230.365;0.861;61.1;6841604.5;0.0;46057057.5;0.0;2305766.5;139.6;5922593.0;152.4;9578372.1;0.0;46645541.6;0.687;230.679;0.401;104.1;16476927.8;0.0;43635203.0;0.0;3104762.6;171.1;3756177.7;200.3;18257274.0;0.0;44132423.7;1.012;230.679;0.520
Wed Dec  1 00:50:01 2021;1638316201.591995393;350.1;31784327.7;0.0;130485670.0;0.0;6974702.2;420.5;14993147.1;547.1;37173378.2;0.0;131864810.8;0.640;49.997;185.4;10572577.7;0.0;42900194.6;0.0;2374482.1;110.0;6124680.3;215.5;12879577.0;0.0;43326626.2;1.184;230.286;0.860;61.0;6841605.5;0.0;46057057.5;0.0;2305766.5;139.5;5922595.3;152.2;9578374.6;0.0;46645541.6;0.687;230.602;0.400;103.8;16476929.5;0.0;43635203.0;0.0;3104762.6;171.0;3756180.6;200.0;18257277.3;0.0;44132423.7;1.012;230.595;0.519
Wed Dec  1 00:51:01 2021;1638316261.577649878;349.2;31784333.4;0.0;130485670.0;0.0;6974702.2;419.7;14993154.1;546.0;37173387.3;0.0;131864810.8;0.640;49.996;183.3;10572580.7;0.0;42900194.6;0.0;2374482.1;110.3;6124682.1;213.9;12879580.5;0.0;43326626.2;1.172;230.338;0.857;62.2;6841606.6;0.0;46057057.5;0.0;2305766.5;138.8;5922597.7;152.1;9578377.1;0.0;46645541.6;0.685;230.678;0.409;103.7;16476931.2;0.0;43635203.0;0.0;3104762.6;170.7;3756183.4;199.7;18257280.7;0.0;44132423.7;1.011;230.544;0.519
Wed Dec  1 00:52:01 2021;1638316321.573579781;432.4;31784340.2;0.0;130485670.0;0.0;6974702.2;423.5;14993161.0;605.3;37173397.1;0.0;131864810.8;0.714;49.995;265.4;10572584.7;0.0;42900194.6;0.0;2374482.2;113.9;6124684.0;288.8;12879585.0;0.0;43326626.2;1.429;230.292;0.919;62.6;6841607.6;0.0;46057057.5;0.0;2305766.5;138.9;5922600.0;152.4;9578379.7;0.0;46645541.6;0.686;230.688;0.411;104.5;16476933.0;0.0;43635203.0;0.0;3104762.6;170.7;3756186.3;200.1;18257284.0;0.0;44132423.7;1.014;230.537;0.522
Wed Dec  1 00:53:01 2021;1638316381.573621140;426.9;31784347.3;0.0;130485670.0;0.0;6974702.2;424.6;14993168.0;602.1;37173407.1;0.0;131864810.8;0.709;50.003;260.8;10572589.1;0.0;42900194.6;0.0;2374482.2;115.0;6124685.9;285.1;12879589.7;0.0;43326626.2;1.420;230.218;0.915;62.0;6841608.6;0.0;46057057.5;0.0;2305766.5;138.9;5922602.3;152.1;9578382.2;0.0;46645541.6;0.686;230.565;0.408;104.0;16476934.7;0.0;43635203.0;0.0;3104762.6;170.7;3756189.1;199.9;18257287.3;0.0;44132423.7;1.014;230.517;0.520
Wed Dec  1 00:54:01 2021;1638316441.535141413;434.8;31784354.8;0.0;130485670.0;0.0;6974702.2;424.7;14993175.1;607.8;37173417.4;0.0;131864810.8;0.715;49.998;267.7;10572593.7;0.0;42900194.6;0.0;2374482.2;114.4;6124687.8;291.1;12879594.8;0.0;43326626.2;1.478;230.249;0.920;62.1;6841609.7;0.0;46057057.5;0.0;2305766.5;139.3;5922604.6;152.5;9578384.8;0.0;46645541.6;0.687;230.729;0.407;105.0;16476936.4;0.0;43635203.0;0.0;3104762.6;171.0;3756192.0;200.6;18257290.6;0.0;44132423.7;1.018;230.567;0.523
Wed Dec  1 00:55:01 2021;1638316501.520630781;626.1;31784363.8;0.0;130485670.0;0.0;6974702.2;424.4;14993182.2;756.4;37173428.9;0.0;131864810.8;0.828;50.015;458.5;10572599.7;0.0;42900194.6;0.0;2374482.2;114.6;6124689.7;472.6;12879601.1;0.0;43326626.2;2.165;230.133;0.970;62.5;6841610.7;0.0;46057057.5;0.0;2305766.5;139.2;5922606.9;152.5;9578387.3;0.0;46645541.6;0.688;230.741;0.410;105.1;16476938.5;0.0;43635203.0;0.0;3104762.6;170.7;3756194.8;200.4;18257294.2;0.0;44132423.7;1.018;230.600;0.524
Wed Dec  1 00:56:01 2021;1638316561.507035962;623.5;31784374.2;0.0;130485670.0;0.0;6974702.2;426.5;14993189.3;755.4;37173441.5;0.0;131864810.8;0.825;50.005;458.6;10572607.4;0.0;42900194.6;0.0;2374482.2;115.2;6124691.6;472.9;12879608.9;0.0;43326626.2;2.168;230.163;0.970;60.5;6841611.7;0.0;46057057.5;0.0;2305766.5;140.4;5922609.2;152.9;9578389.8;0.0;46645541.6;0.689;230.773;0.396;104.3;16476940.2;0.0;43635203.0;0.0;3104762.6;170.9;3756197.7;200.2;18257297.6;0.0;44132423.7;1.015;230.644;0.521
Wed Dec  1 00:57:01 2021;1638316621.492737636;625.6;31784384.6;0.0;130485670.0;0.0;6974702.2;425.9;14993196.4;756.8;37173454.1;0.0;131864810.8;0.827;50.005;459.2;10572615.0;0.0;42900194.6;0.0;2374482.2;114.9;6124693.5;473.3;12879616.8;0.0;43326626.2;2.171;230.051;0.970;61.2;6841612.8;0.0;46057057.5;0.0;2305766.5;140.4;5922611.6;153.2;9578392.4;0.0;46645541.6;0.690;230.700;0.399;105.3;16476941.9;0.0;43635203.0;0.0;3104762.6;170.6;3756200.5;200.4;18257300.9;0.0;44132423.7;1.018;230.486;0.525
Wed Dec  1 00:58:01 2021;1638316681.478962796;666.9;31784395.2;0.0;130485670.0;0.0;6974702.2;425.5;14993203.5;791.0;37173466.9;0.0;131864810.8;0.843;50.007;485.3;10572622.7;0.0;42900194.6;0.0;2374482.2;115.0;6124695.5;498.8;12879624.7;0.0;43326626.2;2.347;230.163;0.973;78.0;6841614.0;0.0;46057057.5;0.0;2305766.5;139.9;5922613.9;160.2;9578395.0;0.0;46645541.6;0.754;230.769;0.487;103.5;16476943.7;0.0;43635203.0;0.0;3104762.6;170.6;3756203.4;199.5;18257304.2;0.0;44132423.7;1.011;230.607;0.519
Wed Dec  1 00:59:01 2021;1638316741.473146818;635.4;31784406.0;0.0;130485670.0;0.0;6974702.2;425.1;14993210.6;764.5;37173479.8;0.0;131864810.8;0.831;49.998;456.7;10572630.4;0.0;42900194.6;0.0;2374482.2;115.0;6124697.4;471.0;12879632.7;0.0;43326626.2;2.160;230.110;0.970;76.0;6841615.3;0.0;46057057.5;0.0;2305766.5;139.6;5922616.2;159.0;9578397.7;0.0;46645541.6;0.746;230.665;0.478;102.8;16476945.4;0.0;43635203.0;0.0;3104762.6;170.5;3756206.2;199.1;18257307.6;0.0;44132423.7;1.009;230.462;0.516
Wed Dec  1 01:00:01 2021;1638316801.973704671;640.4;31784416.7;0.0;130485670.0;0.0;6974702.2;426.4;14993217.7;769.3;37173492.6;0.0;131864810.8;0.832;50.010;458.3;10572638.1;0.0;42900194.6;0.0;2374482.2;115.9;6124699.3;472.8;12879640.6;0.0;43326626.2;2.169;230.030;0.969;78.7;6841616.6;0.0;46057057.5;0.0;2305766.5;139.9;5922618.6;160.5;9578400.4;0.0;46645541.6;0.758;230.610;0.490;103.3;16476947.1;0.0;43635203.0;0.0;3104762.6;170.6;3756209.1;199.5;18257310.9;0.0;44132423.7;1.012;230.412;0.518
Wed Dec  1 01:01:01 2021;1638316861.472983862;641.3;31784427.3;0.0;130485670.0;0.0;6974702.2;426.5;14993224.8;770.2;37173505.3;0.0;131864810.8;0.833;50.014;458.8;10572645.6;0.0;42900194.6;0.0;2374482.2;115.5;6124701.2;473.1;12879648.4;0.0;43326626.2;2.173;230.044;0.970;78.7;6841617.9;0.0;46057057.5;0.0;2305766.5;140.1;5922620.9;160.6;9578403.0;0.0;46645541.6;0.760;230.662;0.490;103.8;16476948.8;0.0;43635203.0;0.0;3104762.6;171.0;3756211.9;200.0;18257314.2;0.0;44132423.7;1.017;230.441;0.519
Wed Dec  1 01:02:01 2021;1638316921.922945585;560.1;31784437.3;0.0;130485670.0;0.0;6974702.2;419.4;14993231.9;699.7;37173517.6;0.0;131864810.8;0.800;49.981;379.2;10572652.6;0.0;42900194.6;0.0;2374482.2;110.0;6124703.1;394.8;12879655.6;0.0;43326626.2;1.863;229.849;0.960;78.1;6841619.2;0.0;46057057.5;0.0;2305766.5;139.4;5922623.3;159.7;9578405.7;0.0;46645541.6;0.758;230.325;0.489;102.9;16476950.6;0.0;43635203.0;0.0;3104762.6;170.0;3756214.8;198.7;18257317.6;0.0;44132423.7;1.011;230.220;0.518
Wed Dec  1 01:03:01 2021;1638316981.908828058;611.9;31784446.6;0.0;130485670.0;0.0;6974702.2;422.8;14993238.9;743.7;37173529.3;0.0;131864810.8;0.823;49.984;429.5;10572658.9;0.0;42900194.6;0.0;2374482.2;113.0;6124705.0;444.1;12879662.2;0.0;43326626.2;2.210;229.869;0.967;78.8;6841620.5;0.0;46057057.5;0.0;2305766.5;139.4;5922625.6;160.1;9578408.4;0.0;46645541.6;0.760;230.420;0.492;103.6;16476952.3;0.0;43635203.0;0.0;3104762.6;170.4;3756217.6;199.4;18257320.9;0.0;44132423.7;1.013;230.350;0.519
Wed Dec  1 01:04:01 2021;1638317041.894716907;567.2;31784456.3;0.0;130485670.0;0.0;6974702.2;421.3;14993245.9;706.6;37173541.2;0.0;131864810.8;0.803;49.975;384.6;10572665.6;0.0;42900194.6;0.0;2374482.2;111.7;6124706.8;400.5;12879669.1;0.0;43326626.2;1.883;230.008;0.960;78.4;6841621.8;0.0;46057057.5;0.0;2305766.5;139.3;5922627.9;159.8;9578411.1;0.0;46645541.6;0.759;230.479;0.491;104.2;16476954.0;0.0;43635203.0;0.0;3104762.6;170.3;3756220.5;199.7;18257324.2;0.0;44132423.7;1.015;230.398;0.522
Wed Dec  1 01:05:01 2021;1638317101.880798300;563.3;31784465.7;0.0;130485670.0;0.0;6974702.2;420.7;14993252.9;703.1;37173552.9;0.0;131864810.8;0.801;49.938;380.7;10572671.9;0.0;42900194.6;0.0;2374482.2;110.8;6124708.6;396.5;12879675.7;0.0;43326626.2;1.865;230.215;0.960;79.4;6841623.1;0.0;46057057.5;0.0;2305766.5;139.3;5922630.2;160.4;9578413.7;0.0;46645541.6;0.762;230.647;0.495;103.2;16476955.7;0.0;43635203.0;0.0;3104762.6;170.6;3756223.3;199.4;18257327.5;0.0;44132423.7;1.009;230.627;0.518
Wed Dec  1 01:06:01 2021;1638317161.874093739;562.0;31784475.0;0.0;130485670.0;0.0;6974702.2;420.9;14993259.9;702.1;37173564.6;0.0;131864810.8;0.800;49.970;378.7;10572678.2;0.0;42900194.6;0.0;2374482.2;110.0;6124710.5;394.3;12879682.3;0.0;43326626.2;1.856;230.163;0.960;79.8;6841624.4;0.0;46057057.5;0.0;2305766.5;139.7;5922632.6;160.8;9578416.4;0.0;46645541.6;0.764;230.617;0.496;103.6;16476957.5;0.0;43635203.0;0.0;3104762.6;171.2;3756226.1;200.1;18257330.9;0.0;44132423.7;1.011;230.584;0.518
Wed Dec  1 01:07:01 2021;1638317221.882145723;396.7;31784482.0;0.0;130485670.0;0.0;6974702.2;421.6;14993266.9;578.8;37173574.5;0.0;131864810.8;0.685;49.978;213.5;10572682.1;0.0;42900194.6;0.0;2374482.2;110.8;6124712.3;240.5;12879686.6;0.0;43326626.2;1.270;230.405;0.888;79.3;6841625.8;0.0;46057057.5;0.0;2305766.5;139.7;5922634.9;160.6;9578419.1;0.0;46645541.6;0.763;230.734;0.493;104.0;16476959.2;0.0;43635203.0;0.0;3104762.6;171.1;3756229.0;200.2;18257334.2;0.0;44132423.7;1.014;230.737;0.519
Wed Dec  1 01:08:01 2021;1638317281.873780520;399.2;31784488.5;0.0;130485670.0;0.0;6974702.2;420.4;14993273.9;579.7;37173584.2;0.0;131864810.8;0.689;49.981;215.9;10572685.6;0.0;42900194.6;0.0;2374482.2;110.4;6124714.1;242.5;12879690.6;0.0;43326626.2;1.280;230.241;0.890;79.4;6841627.1;0.0;46057057.5;0.0;2305766.5;139.3;5922637.2;160.3;9578421.8;0.0;46645541.6;0.762;230.572;0.495;103.9;16476960.9;0.0;43635203.0;0.0;3104762.6;170.7;3756231.9;199.8;18257337.5;0.0;44132423.7;1.013;230.477;0.520
Wed Dec  1 01:09:01 2021;1638317341.824629524;403.3;31784495.3;0.0;130485670.0;0.0;6974702.2;421.4;14993280.9;583.3;37173593.9;0.0;131864810.8;0.691;49.965;220.4;10572689.3;0.0;42900194.6;0.0;2374482.2;111.7;6124716.0;247.1;12879694.7;0.0;43326626.2;1.293;230.056;0.892;79.2;6841628.4;0.0;46057057.5;0.0;2305766.5;139.3;5922639.5;160.2;9578424.4;0.0;46645541.6;0.763;230.417;0.494;103.7;16476962.7;0.0;43635203.0;0.0;3104762.6;170.4;3756234.7;199.5;18257340.9;0.0;44132423.7;1.011;230.307;0.520
Wed Dec  1 01:10:01 2021;1638317401.810844207;401.0;31784501.9;0.0;130485670.0;0.0;6974702.2;420.4;14993287.9;581.0;37173603.5;0.0;131864810.8;0.690;49.980;218.1;10572692.9;0.0;42900194.6;0.0;2374482.2;110.4;6124717.8;244.5;12879698.7;0.0;43326626.2;1.288;230.162;0.892;79.7;6841629.7;0.0;46057057.5;0.0;2305766.5;139.4;5922641.9;160.6;9578427.1;0.0;46645541.6;0.765;230.575;0.496;103.2;16476964.4;0.0;43635203.0;0.0;3104762.6;170.6;3756237.5;199.4;18257344.2;0.0;44132423.7;1.009;230.411;0.518
Wed Dec  1 01:11:01 2021;1638317461.796660573;381.6;31784508.3;0.0;130485670.0;0.0;6974702.2;421.9;14993294.9;568.9;37173613.0;0.0;131864810.8;0.671;49.993;217.7;10572696.5;0.0;42900194.6;0.0;2374482.2;110.8;6124719.6;244.2;12879702.7;0.0;43326626.2;1.287;230.181;0.891;60.1;6841630.9;0.0;46057057.5;0.0;2305766.5;140.4;5922644.2;152.7;9578429.7;0.0;46645541.6;0.689;230.520;0.394;103.9;16476966.1;0.0;43635203.0;0.0;3104762.6;170.7;3756240.4;199.8;18257347.5;0.0;44132423.7;1.014;230.476;0.520
Wed Dec  1 01:12:01 2021;1638317521.782843077;378.6;31784514.7;0.0;130485670.0;0.0;6974702.2;421.2;14993302.0;566.4;37173622.5;0.0;131864810.8;0.668;49.985;215.4;10572700.0;0.0;42900194.6;0.0;2374482.2;110.4;6124721.5;242.1;12879706.8;0.0;43326626.2;1.270;230.269;0.890;60.1;6841631.9;0.0;46057057.5;0.0;2305766.5;140.2;5922646.5;152.6;9578432.3;0.0;46645541.6;0.689;230.548;0.394;103.1;16476967.8;0.0;43635203.0;0.0;3104762.6;170.6;3756243.2;199.3;18257350.8;0.0;44132423.7;1.009;230.552;0.517
Wed Dec  1 01:13:01 2021;1638317581.773691695;378.9;31784521.0;0.0;130485670.0;0.0;6974702.2;420.6;14993309.0;566.1;37173631.9;0.0;131864810.8;0.669;50.003;216.4;10572703.6;0.0;42900194.6;0.0;2374482.2;110.4;6124723.3;242.9;12879710.8;0.0;43326626.2;1.281;230.116;0.891;59.9;6841632.9;0.0;46057057.5;0.0;2305766.5;140.1;5922648.9;152.4;9578434.8;0.0;46645541.6;0.690;230.289;0.393;102.6;16476969.5;0.0;43635203.0;0.0;3104762.6;170.2;3756246.1;198.7;18257354.2;0.0;44132423.7;1.009;230.315;0.516
Wed Dec  1 01:14:01 2021;1638317641.773819860;388.0;31784530.1;0.0;130485670.0;0.0;6974702.2;421.2;14993316.1;572.7;37173643.6;0.0;131864810.8;0.677;50.018;225.1;10572710.1;0.0;42900194.6;0.0;2374482.2;110.1;6124725.2;250.6;12879717.5;0.0;43326626.2;1.339;230.310;0.898;60.2;6841633.9;0.0;46057057.5;0.0;2305766.5;140.4;5922651.2;152.8;9578437.4;0.0;46645541.6;0.690;230.565;0.394;102.7;16476971.2;0.0;43635203.0;0.0;3104762.6;170.7;3756248.9;199.2;18257357.5;0.0;44132423.7;1.009;230.604;0.516
Wed Dec  1 01:15:01 2021;1638317701.773985420;384.0;31784536.6;0.0;130485670.0;0.0;6974702.2;421.4;14993323.1;570.1;37173653.2;0.0;131864810.8;0.674;50.023;220.9;10572713.8;0.0;42900194.6;0.0;2374482.2;110.5;6124727.1;247.0;12879721.7;0.0;43326626.2;1.305;230.239;0.894;59.8;6841634.9;0.0;46057057.5;0.0;2305766.5;140.4;5922653.5;152.6;9578439.9;0.0;46645541.6;0.690;230.426;0.392;103.3;16476972.9;0.0;43635203.0;0.0;3104762.6;170.5;3756251.8;199.4;18257360.8;0.0;44132423.7;1.013;230.439;0.518
Wed Dec  1 01:16:01 2021;1638317761.726410530;378.9;31784542.9;0.0;130485670.0;0.0;6974702.2;420.7;14993330.1;566.2;37173662.6;0.0;131864810.8;0.669;49.978;214.6;10572717.4;0.0;42900194.6;0.0;2374482.2;109.8;6124728.9;241.1;12879725.8;0.0;43326626.2;1.273;230.305;0.890;60.3;6841635.9;0.0;46057057.5;0.0;2305766.5;140.1;5922655.9;152.6;9578442.4;0.0;46645541.6;0.690;230.501;0.395;103.9;16476974.7;0.0;43635203.0;0.0;3104762.6;170.7;3756254.6;199.9;18257364.1;0.0;44132423.7;1.016;230.544;0.520
Wed Dec  1 01:17:01 2021;1638317821.712029719;371.9;31784549.2;0.0;130485670.0;0.0;6974702.2;414.7;14993337.1;557.1;37173672.0;0.0;131864810.8;0.668;50.020;209.0;10572721.0;0.0;42900194.6;0.0;2374482.2;103.4;6124730.7;233.1;12879729.7;0.0;43326626.2;1.243;230.446;0.896;60.2;6841636.9;0.0;46057057.5;0.0;2305766.5;140.4;5922658.2;152.8;9578445.0;0.0;46645541.6;0.690;230.598;0.394;102.8;16476976.4;0.0;43635203.0;0.0;3104762.6;170.9;3756257.5;199.4;18257367.5;0.0;44132423.7;1.011;230.617;0.516
Wed Dec  1 01:18:01 2021;1638317881.704756474;441.4;31784556.0;0.0;130485670.0;0.0;6974702.2;420.9;14993344.0;609.9;37173681.7;0.0;131864810.8;0.724;50.008;243.3;10572724.8;0.0;42900194.6;0.0;2374482.2;106.1;6124732.4;265.5;12879734.0;0.0;43326626.2;1.380;230.430;0.917;61.5;6841637.9;0.0;46057057.5;0.0;2305766.5;139.5;5922660.6;152.4;9578447.5;0.0;46645541.6;0.689;230.569;0.404;136.5;16476978.4;0.0;43635203.0;0.0;3104762.6;175.3;3756260.3;222.1;18257370.9;0.0;44132423.7;1.200;230.505;0.614
Wed Dec  1 01:19:01 2021;1638317941.683747793;438.4;31784563.3;0.0;130485670.0;0.0;6974702.2;419.8;14993351.0;606.9;37173691.8;0.0;131864810.8;0.722;50.009;240.8;10572728.8;0.0;42900194.6;0.0;2374482.2;105.8;6124734.2;263.0;12879738.3;0.0;43326626.2;1.365;230.315;0.916;61.8;6841638.9;0.0;46057057.5;0.0;2305766.5;139.4;5922662.9;152.5;9578450.1;0.0;46645541.6;0.691;230.453;0.405;135.8;16476980.6;0.0;43635203.0;0.0;3104762.6;174.6;3756263.3;221.2;18257374.6;0.0;44132423.7;1.200;230.387;0.614
Wed Dec  1 01:20:01 2021;1638318001.673123912;447.5;31784570.9;0.0;130485670.0;0.0;6974702.2;420.3;14993358.0;613.9;37173702.1;0.0;131864810.8;0.729;50.008;250.4;10572733.1;0.0;42900194.6;0.0;2374482.2;106.0;6124735.9;271.9;12879743.0;0.0;43326626.2;1.422;230.264;0.921;61.4;6841640.0;0.0;46057057.5;0.0;2305766.5;139.4;5922665.2;152.3;9578452.6;0.0;46645541.6;0.689;230.408;0.403;135.7;16476982.9;0.0;43635203.0;0.0;3104762.6;174.9;3756266.2;221.4;18257378.3;0.0;44132423.7;1.200;230.375;0.613
Wed Dec  1 01:21:01 2021;1638318061.673137580;439.5;31784578.2;0.0;130485670.0;0.0;6974702.2;418.5;14993365.0;606.9;37173712.3;0.0;131864810.8;0.724;49.981;242.6;10572737.2;0.0;42900194.6;0.0;2374482.2;105.0;6124737.7;264.3;12879747.4;0.0;43326626.2;1.372;230.263;0.918;61.2;6841641.0;0.0;46057057.5;0.0;2305766.5;139.3;5922667.5;152.1;9578455.2;0.0;46645541.6;0.689;230.383;0.402;135.7;16476985.1;0.0;43635203.0;0.0;3104762.6;174.3;3756269.1;220.8;18257382.0;0.0;44132423.7;1.198;230.283;0.614
Wed Dec  1 01:22:01 2021;1638318121.673146111;442.8;31784585.6;0.0;130485670.0;0.0;6974702.2;420.3;14993372.0;610.5;37173722.4;0.0;131864810.8;0.725;50.020;244.7;10572741.2;0.0;42900194.6;0.0;2374482.2;106.1;6124739.5;266.7;12879751.8;0.0;43326626.2;1.380;230.394;0.918;61.6;6841642.0;0.0;46057057.5;0.0;2305766.5;139.3;5922669.8;152.4;9578457.7;0.0;46645541.6;0.689;230.482;0.405;136.4;16476987.4;0.0;43635203.0;0.0;3104762.6;174.8;3756272.0;221.7;18257385.7;0.0;44132423.7;1.204;230.396;0.615
Wed Dec  1 01:23:01 2021;1638318181.627196694;406.7;31784592.5;0.0;130485670.0;0.0;6974702.2;418.2;14993379.0;583.3;37173732.3;0.0;131864810.8;0.697;50.008;210.9;10572744.9;0.0;42900194.6;0.0;2374482.2;103.0;6124741.2;234.7;12879755.9;0.0;43326626.2;1.260;230.353;0.899;59.8;6841643.0;0.0;46057057.5;0.0;2305766.5;140.5;5922672.2;152.6;9578460.2;0.0;46645541.6;0.690;230.450;0.392;136.1;16476989.7;0.0;43635203.0;0.0;3104762.6;174.7;3756274.9;221.4;18257389.4;0.0;44132423.7;1.204;230.304;0.614
Wed Dec  1 01:24:01 2021;1638318241.613369162;511.7;31784600.0;0.0;130485670.0;0.0;6974702.2;420.4;14993385.9;662.2;37173742.5;0.0;131864810.8;0.773;50.006;315.3;10572749.1;0.0;42900194.6;0.0;2374482.3;105.6;6124742.9;332.5;12879760.4;0.0;43326626.2;1.685;230.361;0.948;60.0;6841644.0;0.0;46057057.5;0.0;2305766.5;140.1;5922674.5;152.4;9578462.8;0.0;46645541.6;0.689;230.453;0.393;136.5;16476991.9;0.0;43635203.0;0.0;3104762.6;174.7;3756277.8;221.7;18257393.1;0.0;44132423.7;1.204;230.347;0.616
Wed Dec  1 01:25:01 2021;1638318301.599196667;483.0;31784608.2;0.0;130485670.0;0.0;6974702.2;421.6;14993392.9;641.1;37173753.4;0.0;131864810.8;0.753;50.002;287.0;10572754.1;0.0;42900194.6;0.0;2374482.3;107.5;6124744.7;306.5;12879765.7;0.0;43326626.2;1.510;230.216;0.937;60.4;6841645.1;0.0;46057057.5;0.0;2305766.5;139.9;5922676.9;152.4;9578465.3;0.0;46645541.6;0.690;230.262;0.396;135.5;16476994.2;0.0;43635203.0;0.0;3104762.6;174.2;3756280.7;220.7;18257396.8;0.0;44132423.7;1.198;230.117;0.614
Wed Dec  1 01:26:01 2021;1638318361.585512412;1034.6;31784616.5;0.0;130485670.0;0.0;6974702.2;5.2;14993399.8;1034.6;37173764.2;0.0;131864810.8;1.000;50.011;840.3;10572759.0;0.0;42900194.6;308.3;2374482.4;0.0;6124746.4;895.1;12879771.0;0.0;43326626.2;3.960;229.670;0.939;60.0;6841646.1;0.0;46057057.5;0.0;2305766.5;139.7;5922679.2;152.1;9578467.9;0.0;46645541.6;0.689;230.073;0.395;134.2;16476996.4;0.0;43635203.0;0.0;3104762.6;173.7;3756283.6;219.6;18257400.4;0.0;44132423.7;1.195;230.091;0.611
Wed Dec  1 01:27:01 2021;1638318421.573154895;525.9;31784625.9;0.0;130485670.0;0.0;6974702.2;415.8;14993406.4;670.4;37173775.9;0.0;131864810.8;0.784;50.023;330.8;10572765.3;0.0;42900194.6;0.0;2374482.6;101.5;6124748.0;346.0;12879777.5;0.0;43326626.2;1.667;230.181;0.956;59.7;6841647.1;0.0;46057057.5;0.0;2305766.5;140.1;5922681.5;152.3;9578470.4;0.0;46645541.6;0.690;230.162;0.392;135.4;16476998.7;0.0;43635203.0;0.0;3104762.6;174.2;3756286.5;220.6;18257404.1;0.0;44132423.7;1.198;230.069;0.614
Wed Dec  1 01:28:01 2021;1638318481.572979219;524.0;31784634.7;0.0;130485670.0;0.0;6974702.2;415.8;14993413.3;668.9;37173787.0;0.0;131864810.8;0.783;50.009;329.8;10572770.7;0.0;42900194.6;0.0;2374482.6;101.8;6124749.7;345.1;12879783.3;0.0;43326626.2;1.664;230.520;0.956;60.1;6841648.1;0.0;46057057.5;0.0;2305766.5;139.9;5922683.9;152.3;9578472.9;0.0;46645541.6;0.690;230.320;0.395;134.1;16477001.0;0.0;43635203.0;0.0;3104762.6;174.0;3756289.4;219.7;18257407.8;0.0;44132423.7;1.192;230.240;0.610
Wed Dec  1 01:29:01 2021;1638318541.572857331;493.2;31784643.2;0.0;130485670.0;0.0;6974702.2;415.0;14993420.2;644.6;37173798.0;0.0;131864810.8;0.765;50.023;297.9;10572776.0;0.0;42900194.6;0.0;2374482.6;100.9;6124751.4;314.5;12879788.8;0.0;43326626.2;1.547;230.468;0.947;59.8;6841649.1;0.0;46057057.5;0.0;2305766.5;140.0;5922686.2;152.2;9578475.5;0.0;46645541.6;0.690;230.184;0.393;135.5;16477003.2;0.0;43635203.0;0.0;3104762.6;174.2;3756292.3;220.7;18257411.5;0.0;44132423.7;1.200;230.158;0.614
Wed Dec  1 01:30:02 2021;1638318602.029675669;523.0;31784651.8;0.0;130485670.0;0.0;6974702.2;415.5;14993427.2;668.0;37173809.1;0.0;131864810.8;0.783;50.013;327.9;10572781.3;0.0;42900194.6;0.0;2374482.6;101.5;6124753.1;343.3;12879794.4;0.0;43326626.2;1.751;230.199;0.955;59.8;6841650.1;0.0;46057057.5;0.0;2305766.5;140.0;5922688.5;152.2;9578478.0;0.0;46645541.6;0.689;229.981;0.393;135.3;16477005.5;0.0;43635203.0;0.0;3104762.6;174.1;3756295.3;220.4;18257415.2;0.0;44132423.7;1.203;229.928;0.614
Wed Dec  1 01:31:02 2021;1638318662.015726195;475.6;31784660.0;0.0;130485670.0;0.0;6974702.2;416.7;14993434.1;632.3;37173819.8;0.0;131864810.8;0.752;50.007;279.6;10572786.2;0.0;42900194.6;0.0;2374482.6;102.3;6124754.8;297.7;12879799.6;0.0;43326626.2;1.426;230.339;0.939;60.1;6841651.1;0.0;46057057.5;0.0;2305766.5;140.1;5922690.9;152.4;9578480.6;0.0;46645541.6;0.691;230.091;0.394;136.0;16477007.7;0.0;43635203.0;0.0;3104762.6;174.3;3756298.2;221.1;18257418.8;0.0;44132423.7;1.203;229.979;0.615
Wed Dec  1 01:32:02 2021;1638318722.001494265;471.2;31784667.8;0.0;130485670.0;0.0;6974702.2;414.4;14993441.0;627.6;37173830.2;0.0;131864810.8;0.751;49.997;276.5;10572790.8;0.0;42900194.6;0.0;2374482.6;101.0;6124756.4;294.3;12879804.5;0.0;43326626.2;1.406;230.185;0.939;59.5;6841652.1;0.0;46057057.5;0.0;2305766.5;139.5;5922693.2;151.7;9578483.1;0.0;46645541.6;0.688;229.900;0.393;135.2;16477010.0;0.0;43635203.0;0.0;3104762.6;173.9;3756301.1;220.3;18257422.5;0.0;44132423.7;1.201;229.838;0.614
Wed Dec  1 01:33:01 2021;1638318781.987635835;671.6;31784676.3;0.0;130485670.0;0.0;6974702.2;214.6;14993447.3;705.0;37173840.9;0.0;131864810.8;0.953;50.021;476.7;10572796.1;0.0;42900194.6;99.1;2374483.0;0.0;6124757.8;486.9;12879810.0;0.0;43326626.2;2.202;230.066;0.979;60.0;6841653.1;0.0;46057057.5;0.0;2305766.5;139.7;5922695.5;152.1;9578485.6;0.0;46645541.6;0.690;229.889;0.394;134.9;16477012.2;0.0;43635203.0;0.0;3104762.6;173.9;3756304.0;220.1;18257426.2;0.0;44132423.7;1.202;229.948;0.613
Wed Dec  1 01:34:01 2021;1638318841.973662118;869.8;31784689.0;0.0;130485670.0;0.0;6974702.2;221.7;14993450.9;897.6;37173854.2;0.0;131864810.8;0.969;50.016;399.2;10572803.6;0.0;42900194.6;104.2;2374484.6;0.0;6124757.8;412.5;12879817.7;0.0;43326626.2;1.894;230.125;0.968;61.8;6841654.1;0.0;46057057.5;0.0;2305766.5;138.6;5922697.9;151.7;9578488.2;0.0;46645541.6;0.688;229.935;0.407;408.8;16477016.4;0.0;43635203.0;0.0;3104762.6;187.2;3756307.0;449.7;18257431.5;0.0;44132423.7;2.092;229.728;0.909
Wed Dec  1 01:35:01 2021;1638318901.973797865;6420.4;31784781.3;0.0;130485670.0;3040.4;6974749.7;0.0;14993451.0;7103.9;37173958.1;0.0;131864810.8;0.904;50.030;2238.1;10572836.0;0.0;42900194.6;1274.0;2374504.5;0.0;6124757.8;2575.3;12879855.8;0.0;43326626.2;11.241;229.427;0.869;1853.7;6841680.2;0.0;46057057.5;907.7;2305780.6;0.0;5922697.9;2064.0;9578518.0;0.0;46645541.6;9.014;229.219;0.898;2328.6;16477050.1;0.0;43635203.0;858.7;3104776.1;0.0;3756307.0;2481.8;18257467.8;0.0;44132423.7;10.863;228.951;0.938
Wed Dec  1 01:36:01 2021;1638318961.973899617;854.1;31784802.9;0.0;130485670.0;0.0;6974753.6;222.9;14993454.4;882.8;37173981.0;0.0;131864810.8;0.968;50.028;382.4;10572844.9;0.0;42900194.6;102.1;2374507.8;0.0;6124757.8;395.8;12879865.3;0.0;43326626.2;1.825;229.944;0.966;61.8;6841683.6;0.0;46057057.5;0.0;2305781.8;138.5;5922700.0;151.6;9578523.0;0.0;46645541.6;0.689;229.720;0.407;409.9;16477059.4;0.0;43635203.0;0.0;3104777.2;186.6;3756309.9;450.4;18257477.9;0.0;44132423.7;2.098;229.533;0.910
Wed Dec  1 01:37:01 2021;1638319021.932196123;573.6;31784812.9;0.0;130485670.0;0.0;6974753.6;212.0;14993458.0;611.6;37173991.6;0.0;131864810.8;0.938;50.031;377.0;10572851.3;0.0;42900194.6;100.8;2374509.5;0.0;6124757.8;390.2;12879871.9;0.0;43326626.2;1.803;229.925;0.966;61.5;6841684.6;0.0;46057057.5;0.0;2305781.8;138.8;5922702.3;151.8;9578525.5;0.0;46645541.6;0.690;229.800;0.405;135.1;16477062.1;0.0;43635203.0;0.0;3104777.2;173.9;3756312.8;220.2;18257481.9;0.0;44132423.7;1.201;229.741;0.614
Wed Dec  1 01:38:01 2021;1638319081.917310062;593.4;31784822.5;0.0;130485670.0;0.0;6974753.6;212.8;14993461.5;630.4;37174001.8;0.0;131864810.8;0.941;50.022;397.3;10572857.6;0.0;42900194.6;99.9;2374511.1;0.0;6124757.8;409.7;12879878.4;0.0;43326626.2;1.930;229.965;0.970;61.1;6841685.7;0.0;46057057.5;0.0;2305781.8;138.8;5922704.7;151.7;9578528.1;0.0;46645541.6;0.688;229.745;0.403;134.9;16477064.3;0.0;43635203.0;0.0;3104777.2;173.9;3756315.7;220.1;18257485.6;0.0;44132423.7;1.203;229.786;0.613
Wed Dec  1 01:39:01 2021;1638319141.903484213;585.2;31784832.3;0.0;130485670.0;0.0;6974753.6;213.2;14993465.0;622.8;37174012.2;0.0;131864810.8;0.940;50.006;388.4;10572864.1;0.0;42900194.6;99.2;2374512.8;0.0;6124757.8;400.8;12879885.2;0.0;43326626.2;1.895;229.972;0.969;61.2;6841686.7;0.0;46057057.5;0.0;2305781.8;138.7;5922707.0;151.6;9578530.6;0.0;46645541.6;0.688;229.791;0.404;135.7;16477066.5;0.0;43635203.0;0.0;3104777.2;173.7;3756318.6;220.4;18257489.2;0.0;44132423.7;1.205;229.808;0.616
Wed Dec  1 01:40:01 2021;1638319201.890032455;588.0;31784842.0;0.0;130485670.0;0.0;6974753.6;229.6;14993468.6;631.3;37174022.6;0.0;131864810.8;0.931;50.018;392.5;10572870.6;0.0;42900194.6;82.6;2374514.4;0.0;6124757.8;401.1;12879891.8;0.0;43326626.2;1.910;230.036;0.979;61.3;6841687.7;0.0;46057057.5;0.0;2305781.8;138.7;5922709.3;151.7;9578533.1;0.0;46645541.6;0.688;229.838;0.404;134.2;16477068.8;0.0;43635203.0;0.0;3104777.2;173.6;3756321.5;219.4;18257492.9;0.0;44132423.7;1.198;229.848;0.612
Wed Dec  1 01:41:01 2021;1638319261.875765297;413.6;31784851.5;0.0;130485670.0;0.0;6974753.6;424.0;14993472.8;592.4;37174033.1;0.0;131864810.8;0.698;50.002;219.5;10572876.8;0.0;42900194.6;0.0;2374515.7;111.5;6124758.1;246.2;12879898.2;0.0;43326626.2;1.306;229.899;0.892;59.4;6841688.7;0.0;46057057.5;0.0;2305781.8;139.3;5922711.6;151.4;9578535.7;0.0;46645541.6;0.689;229.577;0.392;134.7;16477071.0;0.0;43635203.0;0.0;3104777.2;173.3;3756324.4;219.5;18257496.6;0.0;44132423.7;1.203;229.541;0.614
Wed Dec  1 01:42:01 2021;1638319321.874343408;413.1;31784858.4;0.0;130485670.0;0.0;6974753.6;423.5;14993479.9;591.6;37174042.9;0.0;131864810.8;0.698;50.007;219.5;10572880.5;0.0;42900194.6;0.0;2374515.7;110.6;6124759.9;245.8;12879902.3;0.0;43326626.2;1.302;230.254;0.893;59.7;6841689.7;0.0;46057057.5;0.0;2305781.8;139.6;5922713.9;151.8;9578538.2;0.0;46645541.6;0.690;229.890;0.394;133.9;16477073.3;0.0;43635203.0;0.0;3104777.2;173.3;3756327.3;219.0;18257500.2;0.0;44132423.7;1.197;229.844;0.611
Wed Dec  1 01:43:01 2021;1638319381.874681356;417.8;31784865.3;0.0;130485670.0;0.0;6974753.6;423.3;14993486.9;594.8;37174052.8;0.0;131864810.8;0.702;50.000;223.7;10572884.1;0.0;42900194.6;0.0;2374515.7;111.1;6124761.8;249.8;12879906.4;0.0;43326626.2;1.323;230.334;0.896;60.1;6841690.7;0.0;46057057.5;0.0;2305781.8;139.5;5922716.2;151.9;9578540.7;0.0;46645541.6;0.691;229.961;0.396;134.0;16477075.5;0.0;43635203.0;0.0;3104777.2;172.7;3756330.1;218.6;18257503.8;0.0;44132423.7;1.197;229.865;0.613
Wed Dec  1 01:44:01 2021;1638319441.832930428;413.4;31784872.2;0.0;130485670.0;0.0;6974753.6;424.7;14993494.0;592.7;37174062.7;0.0;131864810.8;0.697;50.023;219.2;10572887.8;0.0;42900194.6;0.0;2374515.7;111.1;6124763.6;245.8;12879910.5;0.0;43326626.2;1.298;230.543;0.892;59.7;6841691.7;0.0;46057057.5;0.0;2305781.8;139.8;5922718.6;152.0;9578543.2;0.0;46645541.6;0.690;230.176;0.393;134.5;16477077.8;0.0;43635203.0;0.0;3104777.2;173.8;3756333.0;219.7;18257507.5;0.0;44132423.7;1.195;230.130;0.612
Wed Dec  1 01:45:02 2021;1638319502.318995694;414.5;31784879.1;0.0;130485670.0;0.0;6974753.6;424.9;14993501.2;593.6;37174072.7;0.0;131864810.8;0.698;50.043;219.6;10572891.5;0.0;42900194.6;0.0;2374515.7;111.5;6124765.5;246.2;12879914.7;0.0;43326626.2;1.303;230.395;0.892;59.4;6841692.7;0.0;46057057.5;0.0;2305781.8;139.7;5922720.9;151.8;9578545.8;0.0;46645541.6;0.690;229.961;0.392;135.5;16477080.0;0.0;43635203.0;0.0;3104777.2;173.7;3756336.0;220.3;18257511.2;0.0;44132423.7;1.203;229.995;0.615
Wed Dec  1 01:46:01 2021;1638319561.804946555;410.5;31784886.1;0.0;130485670.0;0.0;6974753.6;423.1;14993508.2;589.5;37174082.6;0.0;131864810.8;0.696;49.991;215.7;10572895.3;0.0;42900194.6;0.0;2374515.7;109.9;6124767.3;242.1;12879918.9;0.0;43326626.2;1.272;230.474;0.891;59.8;6841693.7;0.0;46057057.5;0.0;2305781.8;139.5;5922723.2;151.7;9578548.3;0.0;46645541.6;0.690;230.002;0.394;135.0;16477082.2;0.0;43635203.0;0.0;3104777.2;173.7;3756338.8;220.0;18257514.8;0.0;44132423.7;1.200;230.065;0.614
Wed Dec  1 01:47:01 2021;1638319621.790670092;410.0;31784893.0;0.0;130485670.0;0.0;6974753.6;424.5;14993515.2;590.2;37174092.4;0.0;131864810.8;0.695;50.012;216.0;10572898.9;0.0;42900194.6;0.0;2374515.7;111.1;6124769.2;242.9;12879922.9;0.0;43326626.2;1.273;230.508;0.889;59.4;6841694.7;0.0;46057057.5;0.0;2305781.8;139.6;5922725.6;151.7;9578550.8;0.0;46645541.6;0.690;230.024;0.391;134.6;16477084.5;0.0;43635203.0;0.0;3104777.2;173.8;3756341.7;219.9;18257518.5;0.0;44132423.7;1.199;230.102;0.612
Wed Dec  1 01:48:01 2021;1638319681.776803621;412.5;31784899.8;0.0;130485670.0;0.0;6974753.6;423.1;14993522.3;590.9;37174102.2;0.0;131864810.8;0.698;50.006;216.9;10572902.4;0.0;42900194.6;0.0;2374515.7;110.5;6124771.0;243.5;12879926.9;0.0;43326626.2;1.283;230.059;0.891;59.6;6841695.7;0.0;46057057.5;0.0;2305781.8;139.1;5922727.9;151.4;9578553.4;0.0;46645541.6;0.690;229.633;0.394;135.9;16477086.8;0.0;43635203.0;0.0;3104777.2;173.4;3756344.6;220.4;18257522.2;0.0;44132423.7;1.206;229.744;0.617
Wed Dec  1 01:49:01 2021;1638319741.773693164;413.7;31784906.5;0.0;130485670.0;0.0;6974753.6;424.5;14993529.4;592.8;37174112.0;0.0;131864810.8;0.698;50.029;219.8;10572905.9;0.0;42900194.6;0.0;2374515.7;111.3;6124772.8;246.4;12879930.9;0.0;43326626.2;1.292;230.220;0.892;59.9;6841696.7;0.0;46057057.5;0.0;2305781.8;139.6;5922730.2;151.9;9578555.9;0.0;46645541.6;0.691;229.867;0.395;133.9;16477089.0;0.0;43635203.0;0.0;3104777.2;173.7;3756347.5;219.3;18257525.8;0.0;44132423.7;1.197;229.879;0.611
Wed Dec  1 01:50:01 2021;1638319801.773895517;420.8;31784913.3;0.0;130485670.0;0.0;6974753.6;424.1;14993536.4;597.5;37174121.8;0.0;131864810.8;0.704;50.044;226.6;10572909.5;0.0;42900194.6;0.0;2374515.7;110.2;6124774.7;252.0;12879934.9;0.0;43326626.2;1.357;230.528;0.899;59.6;6841697.7;0.0;46057057.5;0.0;2305781.8;139.8;5922732.5;152.0;9578558.4;0.0;46645541.6;0.691;230.131;0.392;134.5;16477091.2;0.0;43635203.0;0.0;3104777.2;174.1;3756350.4;220.0;18257529.5;0.0;44132423.7;1.199;230.231;0.612
Wed Dec  1 01:51:01 2021;1638319861.734485726;380.0;31784919.9;0.0;130485670.0;0.0;6974753.6;420.7;14993543.5;566.9;37174131.4;0.0;131864810.8;0.670;50.022;216.4;10572913.1;0.0;42900194.6;0.0;2374515.7;110.8;6124776.5;243.1;12879939.0;0.0;43326626.2;1.285;230.625;0.890;59.9;6841698.7;0.0;46057057.5;0.0;2305781.8;139.9;5922734.9;152.2;9578561.0;0.0;46645541.6;0.692;230.221;0.394;103.7;16477093.1;0.0;43635203.0;0.0;3104777.2;170.1;3756353.3;199.2;18257532.9;0.0;44132423.7;1.019;230.329;0.521
Wed Dec  1 01:52:01 2021;1638319921.721230483;376.3;31784926.1;0.0;130485670.0;0.0;6974753.6;421.3;14993550.5;564.9;37174140.8;0.0;131864810.8;0.666;50.027;212.6;10572916.7;0.0;42900194.6;0.0;2374515.7;111.0;6124778.4;239.8;12879943.0;0.0;43326626.2;1.258;230.700;0.886;59.8;6841699.7;0.0;46057057.5;0.0;2305781.8;140.1;5922737.2;152.4;9578563.5;0.0;46645541.6;0.691;230.317;0.392;103.9;16477094.9;0.0;43635203.0;0.0;3104777.2;170.2;3756356.1;199.4;18257536.3;0.0;44132423.7;1.021;230.433;0.521
Wed Dec  1 01:53:01 2021;1638319981.707288531;375.2;31784932.4;0.0;130485670.0;0.0;6974753.6;421.6;14993557.5;564.4;37174150.2;0.0;131864810.8;0.665;50.012;210.4;10572920.2;0.0;42900194.6;0.0;2374515.7;111.1;6124780.2;237.9;12879947.0;0.0;43326626.2;1.244;230.661;0.884;60.2;6841700.7;0.0;46057057.5;0.0;2305781.8;140.1;5922739.5;152.4;9578566.1;0.0;46645541.6;0.692;230.286;0.395;104.7;16477096.6;0.0;43635203.0;0.0;3104777.2;170.4;3756359.0;200.0;18257539.6;0.0;44132423.7;1.024;230.401;0.523
Wed Dec  1 01:54:01 2021;1638320041.703838178;373.0;31784938.7;0.0;130485670.0;0.0;6974753.6;421.3;14993564.5;562.7;37174159.6;0.0;131864810.8;0.663;50.035;209.6;10572923.7;0.0;42900194.6;0.0;2374515.7;111.1;6124782.1;237.2;12879950.9;0.0;43326626.2;1.245;230.644;0.884;59.7;6841701.7;0.0;46057057.5;0.0;2305781.8;140.0;5922741.9;152.2;9578568.6;0.0;46645541.6;0.691;230.263;0.392;103.7;16477098.4;0.0;43635203.0;0.0;3104777.2;170.2;3756361.8;199.3;18257542.9;0.0;44132423.7;1.020;230.340;0.520
Wed Dec  1 01:55:01 2021;1638320101.678138454;381.2;31784944.9;0.0;130485670.0;0.0;6974753.6;421.4;14993571.5;568.2;37174169.0;0.0;131864810.8;0.671;50.030;217.7;10572927.2;0.0;42900194.6;0.0;2374515.7;111.4;6124783.9;244.5;12879954.9;0.0;43326626.2;1.302;230.464;0.890;59.8;6841702.7;0.0;46057057.5;0.0;2305781.8;139.8;5922744.2;152.1;9578571.1;0.0;46645541.6;0.691;230.137;0.393;103.7;16477100.1;0.0;43635203.0;0.0;3104777.2;170.2;3756364.6;199.3;18257546.2;0.0;44132423.7;1.019;230.178;0.520
Wed Dec  1 01:56:01 2021;1638320161.672800104;1412.0;31784954.7;0.0;130485670.0;0.0;6974753.6;232.6;14993578.1;1431.0;37174181.2;0.0;131864810.8;0.987;50.030;568.1;10572932.5;0.0;42900194.6;0.0;2374515.7;60.4;6124785.7;571.3;12879960.5;0.0;43326626.2;2.617;230.489;0.994;470.1;6841705.1;0.0;46057057.5;0.0;2305781.8;60.1;5922746.3;473.9;9578574.6;0.0;46645541.6;2.199;230.170;0.992;373.8;16477102.2;0.0;43635203.0;0.0;3104777.2;112.2;3756367.4;390.3;18257549.9;0.0;44132423.7;1.863;230.288;0.958
Wed Dec  1 01:57:02 2021;1638320222.172794480;2486.4;31784992.4;0.0;130485670.0;45.8;6974753.9;0.0;14993578.9;2486.8;37174218.9;0.0;131864810.8;1.000;50.014;927.1;10572946.7;0.0;42900194.6;33.2;2374516.1;0.0;6124785.9;927.7;12879974.7;0.0;43326626.2;4.148;230.333;0.999;821.0;6841717.5;0.0;46057057.5;31.2;2305782.1;0.0;5922746.5;821.6;9578587.1;0.0;46645541.6;3.696;230.046;0.999;738.3;16477113.2;0.0;43635203.0;0.0;3104777.2;18.5;3756368.1;738.5;18257560.9;0.0;44132423.7;3.346;230.126;1.000
Wed Dec  1 01:58:01 2021;1638320281.673382949;2486.1;31785033.6;0.0;130485670.0;49.5;6974754.8;0.0;14993578.9;2486.6;37174260.1;0.0;131864810.8;1.000;50.019;927.8;10572962.0;0.0;42900194.6;35.5;2374516.7;0.0;6124785.9;928.4;12879990.1;0.0;43326626.2;4.156;230.163;0.999;819.6;6841731.1;0.0;46057057.5;31.8;2305782.6;0.0;5922746.5;820.2;9578600.7;0.0;46645541.6;3.693;229.845;0.999;738.7;16477125.5;0.0;43635203.0;0.0;3104777.2;17.8;3756368.4;738.9;18257573.2;0.0;44132423.7;3.352;229.915;1.000
Wed Dec  1 01:59:02 2021;1638320342.122307414;2480.2;31785075.2;0.0;130485670.0;45.8;6974755.4;0.0;14993578.9;2480.6;37174301.7;0.0;131864810.8;1.000;50.036;924.1;10572977.7;0.0;42900194.6;33.8;2374517.2;0.0;6124785.9;924.7;12880005.7;0.0;43326626.2;4.138;230.323;0.999;818.1;6841744.8;0.0;46057057.5;30.8;2305783.1;0.0;5922746.5;818.7;9578614.3;0.0;46645541.6;3.684;230.017;0.999;737.9;16477137.8;0.0;43635203.0;0.0;3104777.2;18.8;3756368.7;738.2;18257585.5;0.0;44132423.7;3.348;230.030;1.000
Wed Dec  1 02:00:02 2021;1638320402.108361223;2467.5;31785116.5;0.0;130485670.0;43.1;6974756.2;0.0;14993578.9;2467.9;37174343.1;0.0;131864810.8;1.000;50.018;920.1;10572993.1;0.0;42900194.6;33.1;2374517.8;0.0;6124785.9;920.7;12880021.2;0.0;43326626.2;4.121;230.178;0.999;813.1;6841758.4;0.0;46057057.5;29.7;2305783.6;0.0;5922746.5;813.6;9578628.0;0.0;46645541.6;3.663;229.830;0.999;734.4;16477150.1;0.0;43635203.0;0.0;3104777.2;19.7;3756369.0;734.7;18257597.8;0.0;44132423.7;3.333;229.884;1.000
Wed Dec  1 02:01:02 2021;1638320462.093056245;2446.4;31785157.4;0.0;130485670.0;35.9;6974756.9;0.0;14993578.9;2446.7;37174384.0;0.0;131864810.8;1.000;50.000;913.3;10573008.4;0.0;42900194.6;30.3;2374518.3;0.0;6124785.9;913.8;12880036.4;0.0;43326626.2;4.095;229.949;0.999;806.6;6841771.9;0.0;46057057.5;27.3;2305784.1;0.0;5922746.5;807.1;9578641.4;0.0;46645541.6;3.638;229.617;0.999;726.5;16477162.2;0.0;43635203.0;0.0;3104777.2;21.7;3756369.4;726.8;18257609.9;0.0;44132423.7;3.302;229.694;1.000
Wed Dec  1 02:02:02 2021;1638320522.079241588;2451.3;31785198.1;0.0;130485670.0;39.4;6974757.4;0.0;14993578.9;2451.6;37174424.7;0.0;131864810.8;1.000;50.007;914.9;10573023.5;0.0;42900194.6;32.4;2374518.8;0.0;6124785.9;915.5;12880051.6;0.0;43326626.2;4.101;229.997;0.999;806.7;6841785.3;0.0;46057057.5;27.9;2305784.5;0.0;5922746.5;807.2;9578654.9;0.0;46645541.6;3.637;229.621;0.999;729.7;16477174.3;0.0;43635203.0;0.0;3104777.2;21.0;3756369.8;730.0;18257622.1;0.0;44132423.7;3.315;229.741;1.000
Wed Dec  1 02:03:02 2021;1638320582.073781002;2482.9;31785239.3;0.0;130485670.0;50.6;6974758.2;0.0;14993578.9;2483.4;37174465.8;0.0;131864810.8;1.000;49.978;924.4;10573038.9;0.0;42900194.6;35.0;2374519.4;0.0;6124785.9;925.1;12880067.0;0.0;43326626.2;4.141;230.102;0.999;818.6;6841798.9;0.0;46057057.5;32.7;2305785.0;0.0;5922746.5;819.2;9578668.4;0.0;46645541.6;3.689;229.761;0.999;739.9;16477186.6;0.0;43635203.0;0.0;3104777.2;17.1;3756370.1;740.1;18257634.3;0.0;44132423.7;3.357;229.894;1.000
Wed Dec  1 02:04:02 2021;1638320642.073102675;2459.1;31785280.8;0.0;130485670.0;74.7;6974759.2;0.0;14993578.9;2460.2;37174507.4;0.0;131864810.8;1.000;49.981;874.9;10573054.2;0.0;42900194.6;50.2;2374520.0;0.0;6124785.9;876.3;12880082.4;0.0;43326626.2;3.937;230.172;0.998;830.6;6841812.6;0.0;46057057.5;37.2;2305785.6;0.0;5922746.5;831.5;9578682.2;0.0;46645541.6;3.741;229.768;0.999;753.6;16477199.0;0.0;43635203.0;0.0;3104777.2;12.7;3756370.3;753.7;18257646.8;0.0;44132423.7;3.416;229.940;1.000
Wed Dec  1 02:05:02 2021;1638320702.073114006;2486.6;31785322.0;0.0;130485670.0;83.8;6974760.5;0.0;14993578.9;2488.0;37174548.6;0.0;131864810.8;0.999;49.986;888.1;10573068.9;0.0;42900194.6;53.3;2374520.9;0.0;6124785.9;889.7;12880097.0;0.0;43326626.2;3.991;230.426;0.998;838.5;6841826.5;0.0;46057057.5;40.2;2305786.3;0.0;5922746.5;839.4;9578696.1;0.0;46645541.6;3.772;230.014;0.999;760.0;16477211.7;0.0;43635203.0;0.0;3104777.2;9.6;3756370.5;760.1;18257659.4;0.0;44132423.7;3.439;230.190;1.000
Wed Dec  1 02:06:02 2021;1638320762.023051300;2424.2;31785362.9;0.0;130485670.0;97.4;6974762.0;0.0;14993578.9;2426.1;37174589.5;0.0;131864810.8;0.999;49.973;814.1;10573083.0;0.0;42900194.6;60.9;2374521.8;0.0;6124785.9;816.4;12880111.2;0.0;43326626.2;3.698;230.236;0.997;844.0;6841840.5;0.0;46057057.5;43.5;2305787.0;0.0;5922746.5;845.1;9578710.2;0.0;46645541.6;3.801;229.815;0.999;766.0;16477224.4;0.0;43635203.0;0.0;3104777.2;7.0;3756370.7;766.1;18257672.1;0.0;44132423.7;3.469;229.950;1.000
Wed Dec  1 02:07:02 2021;1638320822.009215457;2442.1;31785403.4;0.0;130485670.0;105.4;6974763.7;0.0;14993578.9;2444.4;37174630.1;0.0;131864810.8;0.999;49.958;820.2;10573096.6;0.0;42900194.6;63.6;2374522.9;0.0;6124785.9;822.7;12880124.9;0.0;43326626.2;3.728;230.159;0.997;850.4;6841854.7;0.0;46057057.5;46.2;2305787.7;0.0;5922746.5;851.6;9578724.3;0.0;46645541.6;3.832;229.682;0.999;771.5;16477237.2;0.0;43635203.0;0.0;3104777.2;4.4;3756370.8;771.5;18257684.9;0.0;44132423.7;3.494;229.831;1.000
Wed Dec  1 02:08:01 2021;1638320881.995020237;2467.5;31785444.4;0.0;130485670.0;109.2;6974765.5;0.0;14993578.9;2469.9;37174671.1;0.0;131864810.8;0.999;49.973;823.6;10573110.3;0.0;42900194.6;64.9;2374524.0;0.0;6124785.9;826.2;12880138.6;0.0;43326626.2;3.741;230.273;0.997;869.0;6841869.1;0.0;46057057.5;47.7;2305788.5;0.0;5922746.5;870.3;9578738.7;0.0;46645541.6;3.930;229.797;0.998;774.9;16477250.1;0.0;43635203.0;0.0;3104777.2;3.3;3756370.8;774.9;18257697.8;0.0;44132423.7;3.507;229.956;1.000
Wed Dec  1 02:09:01 2021;1638320941.980884972;2480.2;31785485.6;0.0;130485670.0;116.2;6974767.4;0.0;14993578.9;2482.9;37174712.3;0.0;131864810.8;0.999;49.972;829.1;10573124.0;0.0;42900194.6;66.6;2374525.1;0.0;6124785.9;831.7;12880152.3;0.0;43326626.2;3.770;229.930;0.997;872.7;6841883.6;0.0;46057057.5;49.8;2305789.3;0.0;5922746.5;874.1;9578753.3;0.0;46645541.6;3.950;229.501;0.998;778.4;16477263.0;0.0;43635203.0;0.0;3104777.2;0.1;3756370.9;778.4;18257710.7;0.0;44132423.7;3.526;229.659;1.000
Wed Dec  1 02:10:01 2021;1638321001.972952125;2484.4;31785526.9;0.0;130485670.0;116.2;6974769.3;0.0;14993578.9;2487.1;37174753.7;0.0;131864810.8;0.999;49.978;829.0;10573137.8;0.0;42900194.6;67.0;2374526.2;0.0;6124785.9;831.7;12880166.2;0.0;43326626.2;3.763;230.275;0.997;874.7;6841898.1;0.0;46057057.5;49.7;2305790.1;0.0;5922746.5;876.1;9578767.9;0.0;46645541.6;3.954;229.839;0.998;780.7;16477276.0;0.0;43635203.0;0.0;3104777.2;0.5;3756370.9;780.7;18257723.7;0.0;44132423.7;3.532;229.960;1.000
Wed Dec  1 02:11:01 2021;1638321061.973437932;2498.6;31785568.4;0.0;130485670.0;124.6;6974771.3;0.0;14993578.9;2501.7;37174795.3;0.0;131864810.8;0.999;49.983;832.9;10573151.7;0.0;42900194.6;69.7;2374527.3;0.0;6124785.9;835.8;12880180.1;0.0;43326626.2;3.786;230.122;0.997;880.1;6841912.8;0.0;46057057.5;52.7;2305791.0;0.0;5922746.5;881.7;9578782.5;0.0;46645541.6;3.980;229.739;0.998;785.7;16477289.1;0.0;43635203.0;2.2;3104777.2;0.0;3756370.9;785.7;18257736.8;0.0;44132423.7;3.556;229.795;1.000
Wed Dec  1 02:12:01 2021;1638321121.973123365;2508.7;31785610.1;0.0;130485670.0;128.4;6974773.4;0.0;14993578.9;2512.0;37174837.0;0.0;131864810.8;0.999;49.989;838.3;10573165.6;0.0;42900194.6;71.3;2374528.5;0.0;6124785.9;841.4;12880194.0;0.0;43326626.2;3.810;230.218;0.996;881.1;6841927.5;0.0;46057057.5;53.9;2305791.9;0.0;5922746.5;882.7;9578797.2;0.0;46645541.6;3.982;229.826;0.998;789.2;16477302.2;0.0;43635203.0;3.3;3104777.2;0.0;3756370.9;789.3;18257749.9;0.0;44132423.7;3.570;229.860;1.000
Wed Dec  1 02:13:01 2021;1638321181.925222913;2522.7;31785652.0;0.0;130485670.0;135.8;6974775.6;0.0;14993578.9;2526.3;37174879.0;0.0;131864810.8;0.999;50.001;842.3;10573179.5;0.0;42900194.6;73.4;2374529.7;0.0;6124785.9;845.5;12880208.0;0.0;43326626.2;3.827;230.033;0.996;886.2;6841942.2;0.0;46057057.5;56.3;2305792.8;0.0;5922746.5;888.0;9578812.0;0.0;46645541.6;4.007;229.703;0.998;794.1;16477315.4;0.0;43635203.0;6.2;3104777.3;0.0;3756370.9;794.2;18257763.1;0.0;44132423.7;3.595;229.648;1.000
Wed Dec  1 02:14:01 2021;1638321241.911007423;2534.5;31785694.1;0.0;130485670.0;141.6;6974777.9;0.0;14993578.9;2538.5;37174921.1;0.0;131864810.8;0.998;50.009;845.8;10573193.6;0.0;42900194.6;75.1;2374530.9;0.0;6124785.9;849.1;12880222.1;0.0;43326626.2;3.844;229.934;0.996;890.6;6841957.0;0.0;46057057.5;58.2;2305793.7;0.0;5922746.5;892.5;9578826.8;0.0;46645541.6;4.029;229.601;0.998;798.1;16477328.6;0.0;43635203.0;8.2;3104777.4;0.0;3756370.9;798.2;18257776.3;0.0;44132423.7;3.614;229.567;1.000
Wed Dec  1 02:15:02 2021;1638321302.396880857;2570.5;31785737.2;0.0;130485670.0;139.8;6974780.2;0.0;14993578.9;2574.3;37174964.3;0.0;131864810.8;0.999;49.985;846.3;10573207.8;0.0;42900194.6;77.0;2374532.2;0.0;6124785.9;849.8;12880236.4;0.0;43326626.2;3.849;229.760;0.996;922.1;6841972.4;0.0;46057057.5;53.0;2305794.6;0.0;5922746.5;923.6;9578842.3;0.0;46645541.6;4.163;229.386;0.998;802.1;16477342.1;0.0;43635203.0;9.8;3104777.5;0.0;3756370.9;802.2;18257789.8;0.0;44132423.7;3.632;229.462;1.000
Wed Dec  1 02:16:01 2021;1638321361.882529891;2584.6;31785779.9;0.0;130485670.0;147.0;6974782.6;0.0;14993578.9;2588.8;37175007.0;0.0;131864810.8;0.998;49.976;853.7;10573221.9;0.0;42900194.6;79.6;2374533.5;0.0;6124785.9;857.4;12880250.5;0.0;43326626.2;3.884;229.641;0.996;925.5;6841987.7;0.0;46057057.5;55.2;2305795.5;0.0;5922746.5;927.2;9578857.6;0.0;46645541.6;4.183;229.208;0.998;805.4;16477355.4;0.0;43635203.0;12.2;3104777.7;0.0;3756370.9;805.5;18257803.1;0.0;44132423.7;3.649;229.315;1.000
Wed Dec  1 02:17:01 2021;1638321421.873021946;2598.3;31785823.0;0.0;130485670.0;152.3;6974785.1;0.0;14993578.9;2602.7;37175050.2;0.0;131864810.8;0.998;50.000;859.4;10573236.1;0.0;42900194.6;81.9;2374534.8;0.0;6124785.9;863.3;12880264.8;0.0;43326626.2;3.914;229.473;0.995;929.2;6842003.2;0.0;46057057.5;56.3;2305796.4;0.0;5922746.5;930.9;9578873.1;0.0;46645541.6;4.203;229.000;0.998;809.6;16477368.8;0.0;43635203.0;14.1;3104777.9;0.0;3756370.9;809.7;18257816.5;0.0;44132423.7;3.669;229.226;1.000
Wed Dec  1 02:18:01 2021;1638321481.873061899;2607.1;31785866.3;0.0;130485670.0;157.1;6974787.6;0.0;14993578.9;2611.8;37175093.6;0.0;131864810.8;0.998;49.999;857.9;10573250.4;0.0;42900194.6;83.3;2374536.2;0.0;6124785.9;861.9;12880279.2;0.0;43326626.2;3.902;229.657;0.995;935.6;6842018.7;0.0;46057057.5;58.3;2305797.4;0.0;5922746.5;937.4;9578888.6;0.0;46645541.6;4.230;229.179;0.998;813.7;16477382.3;0.0;43635203.0;15.5;3104778.2;0.0;3756370.9;813.8;18257830.0;0.0;44132423.7;3.685;229.387;1.000
Wed Dec  1 02:19:01 2021;1638321541.873015558;2612.8;31785909.9;0.0;130485670.0;157.8;6974790.3;0.0;14993578.9;2617.5;37175137.2;0.0;131864810.8;0.998;49.982;861.1;10573264.7;0.0;42900194.6;83.9;2374537.6;0.0;6124785.9;865.2;12880293.6;0.0;43326626.2;3.915;229.754;0.995;935.4;6842034.3;0.0;46057057.5;58.4;2305798.4;0.0;5922746.5;937.2;9578904.3;0.0;46645541.6;4.227;229.252;0.998;816.3;16477395.9;0.0;43635203.0;15.5;3104778.5;0.0;3756370.9;816.4;18257843.6;0.0;44132423.7;3.696;229.469;1.000
Wed Dec  1 02:20:02 2021;1638321602.326737502;2631.6;31785953.9;0.0;130485670.0;165.1;6974793.0;0.0;14993578.9;2636.8;37175181.4;0.0;131864810.8;0.998;49.973;866.2;10573279.3;0.0;42900194.6;86.1;2374539.0;0.0;6124785.9;870.5;12880308.2;0.0;43326626.2;3.936;229.908;0.995;942.8;6842050.1;0.0;46057057.5;60.8;2305799.4;0.0;5922746.5;944.8;9578920.1;0.0;46645541.6;4.258;229.390;0.998;822.6;16477409.7;0.0;43635203.0;18.2;3104778.8;0.0;3756370.9;822.8;18257857.4;0.0;44132423.7;3.721;229.621;1.000
Wed Dec  1 02:21:02 2021;1638321662.312709989;2636.1;31785997.8;0.0;130485670.0;172.8;6974795.8;0.0;14993578.9;2641.7;37175225.4;0.0;131864810.8;0.998;50.018;867.5;10573293.7;0.0;42900194.6;88.5;2374540.5;0.0;6124785.9;872.0;12880322.7;0.0;43326626.2;3.951;229.362;0.995;943.9;6842065.8;0.0;46057057.5;62.9;2305800.4;0.0;5922746.5;946.0;9578935.8;0.0;46645541.6;4.272;228.898;0.998;824.7;16477423.4;0.0;43635203.0;21.4;3104779.1;0.0;3756370.9;825.0;18257871.1;0.0;44132423.7;3.739;229.073;1.000
Wed Dec  1 02:22:02 2021;1638321722.298274558;2651.9;31786041.9;0.0;130485670.0;182.9;6974798.8;0.0;14993578.9;2658.2;37175269.6;0.0;131864810.8;0.998;49.979;875.8;10573308.3;0.0;42900194.6;91.9;2374542.0;0.0;6124785.9;880.6;12880337.3;0.0;43326626.2;3.993;229.278;0.995;948.7;6842081.6;0.0;46057057.5;66.0;2305801.5;0.0;5922746.5;951.0;9578951.6;0.0;46645541.6;4.296;228.852;0.998;827.4;16477437.2;0.0;43635203.0;25.0;3104779.5;0.0;3756370.9;827.8;18257884.9;0.0;44132423.7;3.752;229.012;1.000
Wed Dec  1 02:23:02 2021;1638321782.284280413;2941.3;31786086.5;0.0;130485670.0;179.6;6974801.9;0.0;14993578.9;2946.8;37175314.3;0.0;131864810.8;0.998;50.004;1175.8;10573323.2;0.0;42900194.6;84.8;2374543.5;0.0;6124785.9;1178.8;12880352.4;0.0;43326626.2;5.246;229.280;0.997;933.6;6842097.4;0.0;46057057.5;66.7;2305802.6;0.0;5922746.5;936.0;9578967.5;0.0;46645541.6;4.209;229.033;0.997;832.0;16477451.0;0.0;43635203.0;28.1;3104779.9;0.0;3756370.9;832.4;18257898.7;0.0;44132423.7;3.769;229.212;0.999
Wed Dec  1 02:24:02 2021;1638321842.273665037;2644.6;31786133.0;0.0;130485670.0;194.0;6974805.0;0.0;14993578.9;2651.7;37175360.8;0.0;131864810.8;0.997;49.995;877.8;10573340.2;0.0;42900194.6;96.5;2374545.0;0.0;6124785.9;883.1;12880369.4;0.0;43326626.2;3.999;229.389;0.994;933.3;6842113.0;0.0;46057057.5;68.8;2305803.7;0.0;5922746.5;935.8;9578983.1;0.0;46645541.6;4.210;228.941;0.997;833.5;16477464.9;0.0;43635203.0;28.7;3104780.4;0.0;3756370.9;834.0;18257912.7;0.0;44132423.7;3.777;229.107;0.999
Wed Dec  1 02:25:02 2021;1638321902.273853302;2666.6;31786177.3;0.0;130485670.0;204.0;6974808.3;0.0;14993578.9;2674.4;37175405.2;0.0;131864810.8;0.997;50.000;885.2;10573354.9;0.0;42900194.6;100.0;2374546.7;0.0;6124785.9;890.8;12880384.2;0.0;43326626.2;4.030;229.601;0.994;941.3;6842128.6;0.0;46057057.5;72.5;2305804.9;0.0;5922746.5;944.1;9578998.8;0.0;46645541.6;4.244;229.181;0.997;840.2;16477478.9;0.0;43635203.0;31.5;3104780.9;0.0;3756370.9;840.8;18257926.6;0.0;44132423.7;3.805;229.307;0.999
Wed Dec  1 02:26:02 2021;1638321962.273209569;2674.5;31786221.7;0.0;130485670.0;213.4;6974811.8;0.0;14993578.9;2683.0;37175449.9;0.0;131864810.8;0.997;49.985;887.4;10573369.6;0.0;42900194.6;103.2;2374548.4;0.0;6124785.9;893.4;12880399.1;0.0;43326626.2;4.044;229.408;0.993;943.4;6842144.3;0.0;46057057.5;75.5;2305806.1;0.0;5922746.5;946.4;9579014.5;0.0;46645541.6;4.258;228.950;0.997;843.7;16477492.9;0.0;43635203.0;34.7;3104781.4;0.0;3756370.9;844.4;18257940.7;0.0;44132423.7;3.826;229.073;0.999
Wed Dec  1 02:27:02 2021;1638322022.228675471;2684.0;31786266.4;0.0;130485670.0;216.6;6974815.4;0.0;14993578.9;2692.7;37175494.7;0.0;131864810.8;0.997;49.999;892.5;10573384.5;0.0;42900194.6;104.0;2374550.1;0.0;6124785.9;898.6;12880414.0;0.0;43326626.2;4.067;229.515;0.993;945.3;6842160.1;0.0;46057057.5;76.7;2305807.4;0.0;5922746.5;948.4;9579030.3;0.0;46645541.6;4.265;229.100;0.997;846.2;16477507.0;0.0;43635203.0;35.9;3104782.0;0.0;3756370.9;847.0;18257954.8;0.0;44132423.7;3.835;229.228;0.999
Wed Dec  1 02:28:02 2021;1638322082.214103483;2732.4;31786311.7;0.0;130485670.0;222.5;6974819.1;0.0;14993578.9;2741.4;37175540.1;0.0;131864810.8;0.997;49.980;901.7;10573399.3;0.0;42900194.6;107.3;2374551.9;0.0;6124785.9;908.1;12880429.0;0.0;43326626.2;4.110;229.475;0.993;948.3;6842175.8;0.0;46057057.5;80.1;2305808.7;0.0;5922746.5;951.6;9579046.2;0.0;46645541.6;4.279;229.060;0.996;882.4;16477521.6;0.0;43635203.0;35.1;3104782.6;0.0;3756370.9;883.1;18257969.4;0.0;44132423.7;4.021;229.166;0.999
Wed Dec  1 02:29:02 2021;1638322142.200085613;2818.3;31786358.8;0.0;130485670.0;220.4;6974822.8;0.0;14993578.9;2826.9;37175587.4;0.0;131864810.8;0.997;50.019;982.3;10573415.9;0.0;42900194.6;103.9;2374553.8;0.0;6124785.9;987.8;12880445.6;0.0;43326626.2;4.433;229.845;0.994;951.4;6842191.7;0.0;46057057.5;80.2;2305810.0;0.0;5922746.5;954.8;9579062.1;0.0;46645541.6;4.285;229.511;0.996;884.5;16477536.3;0.0;43635203.0;36.3;3104783.2;0.0;3756370.9;885.3;18257984.1;0.0;44132423.7;4.023;229.602;0.999
Wed Dec  1 02:30:02 2021;1638322202.192174330;2832.6;31786405.9;0.0;130485670.0;226.4;6974826.6;0.0;14993578.9;2841.6;37175634.6;0.0;131864810.8;0.997;50.012;983.3;10573432.2;0.0;42900194.6;106.6;2374555.5;0.0;6124785.9;989.0;12880462.0;0.0;43326626.2;4.438;229.938;0.994;956.9;6842207.6;0.0;46057057.5;84.0;2305811.4;0.0;5922746.5;960.6;9579078.1;0.0;46645541.6;4.309;229.585;0.996;892.5;16477551.2;0.0;43635203.0;35.8;3104783.8;0.0;3756370.9;893.2;18257999.0;0.0;44132423.7;4.059;229.679;0.999
Wed Dec  1 02:31:02 2021;1638322262.172771612;3037.3;31786453.3;0.0;130485670.0;433.9;6974830.6;0.0;14993578.9;3068.1;37175682.1;0.0;131864810.8;0.990;49.984;1179.0;10573448.7;0.0;42900194.6;309.1;2374557.4;0.0;6124785.9;1218.9;12880478.6;0.0;43326626.2;5.432;229.633;0.967;963.1;6842223.6;0.0;46057057.5;86.5;2305812.9;0.0;5922746.5;967.0;9579094.1;0.0;46645541.6;4.342;229.359;0.996;895.2;16477566.1;0.0;43635203.0;38.3;3104784.4;0.0;3756370.9;896.0;18258013.9;0.0;44132423.7;4.072;229.605;0.999
Wed Dec  1 02:32:02 2021;1638322322.173127899;3061.2;31786504.1;0.0;130485670.0;447.6;6974837.9;0.0;14993578.9;3093.8;37175733.5;0.0;131864810.8;0.989;50.013;1194.2;10573468.5;0.0;42900194.6;312.3;2374562.6;0.0;6124785.9;1234.4;12880499.1;0.0;43326626.2;5.496;229.328;0.967;967.7;6842239.7;0.0;46057057.5;91.6;2305814.3;0.0;5922746.5;972.0;9579110.3;0.0;46645541.6;4.370;229.147;0.996;899.3;16477581.0;0.0;43635203.0;43.6;3104785.1;0.0;3756370.9;900.4;18258028.8;0.0;44132423.7;4.098;229.342;0.999
Wed Dec  1 02:33:02 2021;1638322382.173123019;3454.5;31786562.4;0.0;130485670.0;813.2;6974850.5;0.0;14993578.9;3548.9;37175793.2;0.0;131864810.8;0.973;50.010;1335.9;10573491.1;0.0;42900194.6;428.5;2374569.4;0.0;6124785.9;1403.0;12880522.7;0.0;43326626.2;6.277;229.242;0.952;1093.6;6842258.1;0.0;46057057.5;215.0;2305817.6;0.0;5922746.5;1114.5;9579129.0;0.0;46645541.6;5.020;229.052;0.981;1024.9;16477598.2;0.0;43635203.0;169.7;3104787.6;0.0;3756370.9;1038.9;18258046.3;0.0;44132423.7;4.732;229.218;0.987
Wed Dec  1 02:34:02 2021;1638322442.128832401;3914.0;31786621.3;0.0;130485670.0;957.0;6974863.8;0.0;14993578.9;4029.3;37175853.6;0.0;131864810.8;0.971;50.005;1488.6;10573513.8;0.0;42900194.6;472.8;2374576.4;0.0;6124785.9;1561.8;12880546.5;0.0;43326626.2;6.956;229.343;0.953;1250.6;6842276.9;0.0;46057057.5;266.1;2305821.2;0.0;5922746.5;1278.6;9579148.1;0.0;46645541.6;5.720;229.027;0.978;1174.8;16477615.7;0.0;43635203.0;218.2;3104790.3;0.0;3756370.9;1194.9;18258064.0;0.0;44132423.7;5.390;229.260;0.983
Wed Dec  1 02:35:02 2021;1638322502.115035765;3993.3;31786688.5;0.0;130485670.0;986.7;6974880.5;0.0;14993578.9;4113.4;37175922.8;0.0;131864810.8;0.971;49.989;1510.7;10573539.2;0.0;42900194.6;482.5;2374584.6;0.0;6124785.9;1585.9;12880573.2;0.0;43326626.2;7.061;229.259;0.953;1278.5;6842298.4;0.0;46057057.5;275.8;2305825.8;0.0;5922746.5;1307.9;9579170.1;0.0;46645541.6;5.848;228.890;0.978;1204.0;16477636.0;0.0;43635203.0;228.4;3104794.2;0.0;3756370.9;1225.5;18258084.6;0.0;44132423.7;5.522;229.119;0.982
Wed Dec  1 02:36:02 2021;1638322562.100621922;4644.9;31786763.6;0.0;130485670.0;2197.1;6974904.6;0.0;14993578.9;5138.3;37176002.0;0.0;131864810.8;0.904;49.992;1782.8;10573568.2;0.0;42900194.6;875.8;2374595.4;0.0;6124785.9;1986.3;12880604.1;0.0;43326626.2;8.768;229.175;0.898;1470.8;6842322.1;0.0;46057057.5;690.9;2305832.9;0.0;5922746.5;1625.0;9579195.0;0.0;46645541.6;7.195;228.876;0.905;1391.3;16477658.4;0.0;43635203.0;630.4;3104800.5;0.0;3756370.9;1527.4;18258108.1;0.0;44132423.7;6.792;229.034;0.911
Wed Dec  1 02:37:02 2021;1638322622.086691156;4165.0;31786833.3;0.0;130485670.0;1013.4;6974925.5;0.0;14993578.9;4286.6;37176075.0;0.0;131864810.8;0.972;50.006;1606.0;10573595.1;0.0;42900194.6;483.8;2374604.8;0.0;6124785.9;1677.3;12880632.7;0.0;43326626.2;7.463;228.914;0.957;1316.2;6842344.1;0.0;46057057.5;287.5;2305839.1;0.0;5922746.5;1347.2;9579218.0;0.0;46645541.6;6.016;228.898;0.977;1242.8;16477679.2;0.0;43635203.0;242.1;3104805.8;0.0;3756370.9;1266.2;18258129.6;0.0;44132423.7;5.695;229.093;0.982
Wed Dec  1 02:38:02 2021;1638322682.073471718;4245.2;31786903.5;0.0;130485670.0;1044.2;6974942.8;0.0;14993578.9;4371.8;37176147.3;0.0;131864810.8;0.971;50.029;1627.3;10573622.0;0.0;42900194.6;493.9;2374612.9;0.0;6124785.9;1700.6;12880660.9;0.0;43326626.2;7.558;229.029;0.957;1346.1;6842366.4;0.0;46057057.5;297.8;2305844.0;0.0;5922746.5;1378.6;9579240.7;0.0;46645541.6;6.148;228.973;0.976;1271.8;16477700.2;0.0;43635203.0;252.6;3104810.0;0.0;3756370.9;1296.7;18258151.0;0.0;44132423.7;5.822;229.143;0.981
Wed Dec  1 02:39:02 2021;1638322742.073115867;4093.8;31786972.8;0.0;130485670.0;1019.7;6974960.1;0.0;14993578.9;4218.9;37176218.8;0.0;131864810.8;0.970;50.010;1521.1;10573647.8;0.0;42900194.6;489.5;2374621.2;0.0;6124785.9;1597.9;12880687.9;0.0;43326626.2;7.119;228.950;0.952;1321.8;6842388.7;0.0;46057057.5;288.9;2305848.9;0.0;5922746.5;1353.0;9579263.7;0.0;46645541.6;6.038;228.952;0.977;1250.9;16477721.4;0.0;43635203.0;241.3;3104814.1;0.0;3756370.9;1274.0;18258172.6;0.0;44132423.7;5.728;229.058;0.982
Wed Dec  1 02:40:02 2021;1638322802.073116762;4047.6;31787039.0;0.0;130485670.0;873.1;6974974.4;0.0;14993578.9;4140.7;37176286.5;0.0;131864810.8;0.978;50.012;1392.6;10573670.7;0.0;42900194.6;312.4;2374626.5;0.0;6124785.9;1427.2;12880711.5;0.0;43326626.2;6.388;228.995;0.976;1362.1;6842411.0;0.0;46057057.5;304.4;2305853.8;0.0;5922746.5;1395.7;9579286.4;0.0;46645541.6;6.223;228.887;0.976;1292.9;16477742.4;0.0;43635203.0;256.3;3104818.2;0.0;3756370.9;1318.1;18258194.0;0.0;44132423.7;5.915;229.024;0.981
Wed Dec  1 02:41:02 2021;1638322862.030482909;4116.6;31787107.3;0.0;130485670.0;898.3;6974989.2;0.0;14993578.9;4213.5;37176356.4;0.0;131864810.8;0.977;50.012;1418.2;10573694.2;0.0;42900194.6;320.9;2374631.8;0.0;6124785.9;1454.0;12880735.6;0.0;43326626.2;6.508;228.902;0.975;1382.9;6842433.9;0.0;46057057.5;313.0;2305859.0;0.0;5922746.5;1417.9;9579309.9;0.0;46645541.6;6.320;228.786;0.975;1315.5;16477764.2;0.0;43635203.0;264.4;3104822.6;0.0;3756370.9;1341.8;18258216.3;0.0;44132423.7;6.020;228.903;0.980
Wed Dec  1 02:42:02 2021;1638322922.016607674;4109.9;31787176.0;0.0;130485670.0;904.1;6975004.3;0.0;14993578.9;4208.2;37176426.8;0.0;131864810.8;0.977;50.002;1414.2;10573717.9;0.0;42900194.6;322.0;2374637.2;0.0;6124785.9;1450.4;12880759.8;0.0;43326626.2;6.494;228.776;0.975;1383.5;6842457.1;0.0;46057057.5;313.7;2305864.3;0.0;5922746.5;1418.6;9579333.7;0.0;46645541.6;6.327;228.679;0.975;1312.2;16477786.2;0.0;43635203.0;268.3;3104827.0;0.0;3756370.9;1339.3;18258238.7;0.0;44132423.7;6.011;228.822;0.980
Wed Dec  1 02:43:02 2021;1638322982.002806978;4194.9;31787245.1;0.0;130485670.0;934.8;6975019.6;0.0;14993578.9;4297.8;37176497.5;0.0;131864810.8;0.976;49.992;1444.5;10573741.7;0.0;42900194.6;332.2;2374642.6;0.0;6124785.9;1482.2;12880784.2;0.0;43326626.2;6.627;228.874;0.975;1411.0;6842480.3;0.0;46057057.5;324.1;2305869.5;0.0;5922746.5;1447.7;9579357.5;0.0;46645541.6;6.449;228.798;0.975;1339.4;16477808.2;0.0;43635203.0;278.5;3104831.6;0.0;3756370.9;1368.1;18258261.2;0.0;44132423.7;6.131;228.934;0.979
Wed Dec  1 02:44:01 2021;1638323041.988695490;4259.7;31787315.6;0.0;130485670.0;964.4;6975035.5;0.0;14993578.9;4367.5;37176569.8;0.0;131864810.8;0.975;49.988;1465.8;10573765.9;0.0;42900194.6;342.1;2374648.2;0.0;6124785.9;1505.1;12880809.1;0.0;43326626.2;6.735;228.547;0.974;1432.0;6842504.0;0.0;46057057.5;334.0;2305875.0;0.0;5922746.5;1470.4;9579381.9;0.0;46645541.6;6.555;228.444;0.974;1361.9;16477830.7;0.0;43635203.0;288.2;3104836.3;0.0;3756370.9;1392.1;18258284.2;0.0;44132423.7;6.242;228.588;0.978
Wed Dec  1 02:45:02 2021;1638323102.474949717;4236.9;31787387.3;0.0;130485670.0;970.0;6975051.7;0.0;14993578.9;4346.6;37176643.2;0.0;131864810.8;0.975;50.021;1468.5;10573790.6;0.0;42900194.6;341.4;2374654.0;0.0;6124785.9;1507.6;12880834.4;0.0;43326626.2;6.751;228.309;0.974;1405.6;6842528.1;0.0;46057057.5;340.1;2305880.7;0.0;5922746.5;1446.1;9579406.6;0.0;46645541.6;6.455;228.259;0.972;1362.9;16477853.7;0.0;43635203.0;288.5;3104841.2;0.0;3756370.9;1393.1;18258307.6;0.0;44132423.7;6.252;228.335;0.978
Wed Dec  1 02:46:01 2021;1638323161.973272223;4294.5;31787457.7;0.0;130485670.0;992.9;6975067.9;0.0;14993578.9;4407.8;37176715.5;0.0;131864810.8;0.974;50.006;1488.1;10573814.9;0.0;42900194.6;349.2;2374659.7;0.0;6124785.9;1528.6;12880859.4;0.0;43326626.2;6.835;228.545;0.974;1424.6;6842551.5;0.0;46057057.5;348.0;2305886.3;0.0;5922746.5;1466.4;9579430.7;0.0;46645541.6;6.537;228.463;0.971;1381.8;16477876.3;0.0;43635203.0;295.7;3104846.0;0.0;3756370.9;1413.1;18258330.8;0.0;44132423.7;6.330;228.650;0.978
Wed Dec  1 02:47:01 2021;1638323221.973431101;4335.0;31787529.5;0.0;130485670.0;1015.9;6975084.6;0.0;14993578.9;4452.5;37176789.3;0.0;131864810.8;0.974;50.011;1499.7;10573839.8;0.0;42900194.6;356.6;2374665.6;0.0;6124785.9;1541.5;12880885.0;0.0;43326626.2;6.900;228.214;0.973;1438.2;6842575.4;0.0;46057057.5;355.4;2305892.2;0.0;5922746.5;1481.4;9579455.2;0.0;46645541.6;6.609;228.194;0.971;1397.2;16477899.5;0.0;43635203.0;304.0;3104851.0;0.0;3756370.9;1429.9;18258354.5;0.0;44132423.7;6.410;228.329;0.977
Wed Dec  1 02:48:02 2021;1638323282.433124564;4359.0;31787614.3;0.0;130485670.0;1022.2;6975114.8;0.0;14993578.9;4477.2;37176879.5;0.0;131864810.8;0.974;50.029;1506.8;10573868.9;0.0;42900194.6;358.6;2374675.9;0.0;6124785.9;1548.9;12880916.0;0.0;43326626.2;6.928;228.238;0.973;1447.3;6842603.5;0.0;46057057.5;357.2;2305902.6;0.0;5922746.5;1490.7;9579485.3;0.0;46645541.6;6.648;228.185;0.971;1404.9;16477926.9;0.0;43635203.0;306.4;3104860.4;0.0;3756370.9;1437.9;18258383.6;0.0;44132423.7;6.442;228.330;0.977
Wed Dec  1 02:49:02 2021;1638323342.418791150;4414.9;31787687.3;0.0;130485670.0;1046.8;6975132.0;0.0;14993578.9;4537.3;37176954.5;0.0;131864810.8;0.973;50.012;1530.6;10573894.2;0.0;42900194.6;367.6;2374682.0;0.0;6124785.9;1574.1;12880942.0;0.0;43326626.2;7.042;228.276;0.972;1462.0;6842627.8;0.0;46057057.5;364.9;2305908.6;0.0;5922746.5;1506.9;9579510.3;0.0;46645541.6;6.716;228.244;0.970;1422.3;16477950.5;0.0;43635203.0;314.3;3104865.6;0.0;3756370.9;1456.6;18258407.7;0.0;44132423.7;6.522;228.398;0.976
Wed Dec  1 02:50:02 2021;1638323402.404446860;4447.5;31787761.1;0.0;130485670.0;1063.1;6975149.6;0.0;14993578.9;4572.8;37177030.4;0.0;131864810.8;0.973;50.030;1537.2;10573919.7;0.0;42900194.6;373.2;2374688.1;0.0;6124785.9;1581.9;12880968.2;0.0;43326626.2;7.065;228.528;0.972;1475.0;6842652.2;0.0;46057057.5;370.6;2305914.7;0.0;5922746.5;1520.8;9579535.5;0.0;46645541.6;6.768;228.512;0.970;1435.3;16477974.3;0.0;43635203.0;319.3;3104870.9;0.0;3756370.9;1470.4;18258432.1;0.0;44132423.7;6.574;228.663;0.976
Wed Dec  1 02:51:02 2021;1638323462.390208150;4471.8;31787836.2;0.0;130485670.0;1109.2;6975167.8;0.0;14993578.9;4607.3;37177107.7;0.0;131864810.8;0.971;50.040;1505.9;10573945.6;0.0;42900194.6;395.4;2374694.5;0.0;6124785.9;1557.0;12880994.9;0.0;43326626.2;6.962;228.356;0.967;1502.5;6842677.2;0.0;46057057.5;382.7;2305921.0;0.0;5922746.5;1550.4;9579561.3;0.0;46645541.6;6.906;228.177;0.969;1463.4;16477998.5;0.0;43635203.0;331.1;3104876.3;0.0;3756370.9;1500.4;18258457.0;0.0;44132423.7;6.709;228.432;0.975
Wed Dec  1 02:52:02 2021;1638323522.376849808;4504.4;31787912.7;0.0;130485670.0;1127.0;6975187.2;0.0;14993578.9;4643.3;37177186.6;0.0;131864810.8;0.970;50.037;1515.6;10573971.3;0.0;42900194.6;401.1;2374701.4;0.0;6124785.9;1567.8;12881021.6;0.0;43326626.2;7.004;228.471;0.967;1514.2;6842702.9;0.0;46057057.5;388.4;2305927.7;0.0;5922746.5;1563.2;9579587.8;0.0;46645541.6;6.954;228.389;0.969;1474.6;16478023.6;0.0;43635203.0;337.5;3104882.2;0.0;3756370.9;1512.8;18258482.7;0.0;44132423.7;6.758;228.538;0.975
Wed Dec  1 02:53:02 2021;1638323582.373801527;4540.6;31787990.5;0.0;130485670.0;1141.3;6975207.3;0.0;14993578.9;4681.9;37177267.0;0.0;131864810.8;0.970;50.019;1525.5;10573997.5;0.0;42900194.6;407.2;2374708.6;0.0;6124785.9;1578.9;12881048.7;0.0;43326626.2;7.051;228.482;0.966;1525.5;6842729.0;0.0;46057057.5;394.1;2305934.6;0.0;5922746.5;1575.6;9579614.9;0.0;46645541.6;7.007;228.411;0.968;1489.5;16478049.1;0.0;43635203.0;340.1;3104888.2;0.0;3756370.9;1527.9;18258508.9;0.0;44132423.7;6.823;228.594;0.975
Wed Dec  1 02:54:02 2021;1638323642.373816270;4955.7;31788069.7;0.0;130485670.0;1326.6;6975227.6;0.0;14993578.9;5130.2;37177348.7;0.0;131864810.8;0.966;50.032;1690.0;10574024.6;0.0;42900194.6;469.2;2374715.8;0.0;6124785.9;1753.9;12881076.7;0.0;43326626.2;7.807;228.534;0.964;1650.5;6842755.3;0.0;46057057.5;455.3;2305941.6;0.0;5922746.5;1712.1;9579642.1;0.0;46645541.6;7.593;228.486;0.964;1615.2;16478074.8;0.0;43635203.0;402.1;3104894.3;0.0;3756370.9;1664.5;18258535.3;0.0;44132423.7;7.405;228.676;0.970
Wed Dec  1 02:55:02 2021;1638323702.334059432;4966.4;31788151.2;0.0;130485670.0;1335.0;6975249.1;0.0;14993578.9;5142.7;37177433.0;0.0;131864810.8;0.966;50.037;1692.6;10574052.3;0.0;42900194.6;471.6;2374723.4;0.0;6124785.9;1757.1;12881105.4;0.0;43326626.2;7.818;228.578;0.963;1654.4;6842782.4;0.0;46057057.5;458.4;2305949.0;0.0;5922746.5;1716.7;9579670.1;0.0;46645541.6;7.613;228.507;0.964;1619.4;16478101.6;0.0;43635203.0;405.0;3104900.8;0.0;3756370.9;1669.3;18258562.9;0.0;44132423.7;7.426;228.683;0.970
Wed Dec  1 02:56:02 2021;1638323762.319684782;5100.7;31788235.4;0.0;130485670.0;1395.8;6975272.1;0.0;14993578.9;5288.2;37177520.3;0.0;131864810.8;0.965;50.042;1757.0;10574081.0;0.0;42900194.6;489.5;2374731.5;0.0;6124785.9;1823.9;12881135.3;0.0;43326626.2;8.106;228.614;0.963;1691.2;6842810.5;0.0;46057057.5;478.3;2305956.9;0.0;5922746.5;1757.5;9579699.3;0.0;46645541.6;7.786;228.585;0.962;1652.5;16478129.0;0.0;43635203.0;428.0;3104907.8;0.0;3756370.9;1707.0;18258591.2;0.0;44132423.7;7.586;228.696;0.968
Wed Dec  1 02:57:02 2021;1638323822.306000303;3637.1;31788313.5;0.0;130485670.0;772.3;6975292.2;0.0;14993578.9;3718.2;37177601.0;0.0;131864810.8;0.978;50.026;1256.0;10574108.0;0.0;42900194.6;283.3;2374738.6;0.0;6124785.9;1287.6;12881163.2;0.0;43326626.2;5.789;228.587;0.975;1210.5;6842836.3;0.0;46057057.5;270.7;2305963.8;0.0;5922746.5;1240.4;9579726.1;0.0;46645541.6;5.570;228.392;0.976;1170.5;16478154.3;0.0;43635203.0;218.3;3104913.9;0.0;3756370.9;1190.7;18258617.2;0.0;44132423.7;5.385;228.657;0.983
Wed Dec  1 02:58:02 2021;1638323882.292336540;420.6;31788334.6;0.0;130485670.0;0.0;6975295.2;408.1;14993583.7;586.0;37177624.2;0.0;131864810.8;0.718;50.021;224.7;10574116.3;0.0;42900194.6;0.0;2374739.8;97.8;6124787.0;245.1;12881171.8;0.0;43326626.2;1.320;229.068;0.917;60.7;6842842.4;0.0;46057057.5;0.0;2305964.8;137.6;5922748.1;150.4;9579733.3;0.0;46645541.6;0.686;229.053;0.404;135.2;16478161.0;0.0;43635203.0;0.0;3104914.7;172.6;3756372.9;219.2;18258624.9;0.0;44132423.7;1.210;229.225;0.616
Wed Dec  1 02:59:02 2021;1638323942.278502491;768.0;31788342.2;0.0;130485670.0;0.0;6975295.2;375.6;14993590.4;854.9;37177634.4;0.0;131864810.8;0.898;50.031;363.4;10574120.3;0.0;42900194.6;0.0;2374739.8;89.2;6124788.6;374.2;12881176.2;0.0;43326626.2;1.918;228.912;0.971;166.2;6842843.6;0.0;46057057.5;0.0;2305964.8;127.9;5922750.4;209.7;9579735.9;0.0;46645541.6;0.953;228.921;0.792;238.4;16478163.4;0.0;43635203.0;0.0;3104914.7;158.4;3756375.8;286.2;18258628.7;0.0;44132423.7;1.446;229.077;0.833
Wed Dec  1 03:00:02 2021;1638324002.773699420;1260.2;31788365.4;0.0;130485670.0;0.0;6975295.2;238.9;14993594.2;1282.7;37177658.0;0.0;131864810.8;0.982;50.024;500.0;10574129.4;0.0;42900194.6;0.0;2374739.8;44.8;6124789.3;502.0;12881185.3;0.0;43326626.2;2.364;228.866;0.996;345.7;6842850.0;0.0;46057057.5;0.0;2305964.8;80.7;5922751.7;355.0;9579742.5;0.0;46645541.6;1.637;228.869;0.974;414.6;16478171.0;0.0;43635203.0;0.0;3104914.7;113.4;3756377.6;429.8;18258636.6;0.0;44132423.7;2.088;228.941;0.965
Wed Dec  1 03:01:02 2021;1638324062.273730559;1218.6;31788386.5;0.0;130485670.0;0.0;6975295.2;243.2;14993598.1;1242.6;37177679.5;0.0;131864810.8;0.981;50.006;531.7;10574138.8;0.0;42900194.6;0.0;2374739.9;48.3;6124790.1;533.9;12881194.7;0.0;43326626.2;2.480;228.706;0.996;324.5;6842855.6;0.0;46057057.5;0.0;2305964.8;83.6;5922753.0;335.1;9579748.2;0.0;46645541.6;1.553;228.800;0.968;362.3;16478177.3;0.0;43635203.0;0.0;3104914.7;111.4;3756379.4;379.1;18258643.1;0.0;44132423.7;1.826;228.915;0.956
Wed Dec  1 03:02:02 2021;1638324122.273502021;1327.2;31788407.3;0.0;130485670.0;0.0;6975295.2;228.4;14993602.1;1346.7;37177700.7;0.0;131864810.8;0.986;50.000;563.6;10574147.7;0.0;42900194.6;0.0;2374739.9;43.8;6124790.9;565.3;12881203.7;0.0;43326626.2;2.610;228.768;0.997;362.3;6842861.2;0.0;46057057.5;0.0;2305964.8;77.9;5922754.4;370.5;9579754.0;0.0;46645541.6;1.705;228.804;0.978;401.4;16478183.5;0.0;43635203.0;0.0;3104914.7;106.7;3756381.3;415.4;18258649.6;0.0;44132423.7;1.979;228.905;0.966
Wed Dec  1 03:03:02 2021;1638324182.722591782;1165.5;31788428.1;0.0;130485670.0;0.0;6975295.2;251.5;14993606.2;1192.3;37177721.9;0.0;131864810.8;0.978;50.000;509.2;10574156.7;0.0;42900194.6;0.0;2374739.9;49.7;6124791.7;511.6;12881212.7;0.0;43326626.2;2.383;228.868;0.995;306.9;6842866.7;0.0;46057057.5;0.0;2305964.8;87.7;5922755.8;319.2;9579759.7;0.0;46645541.6;1.483;228.869;0.962;349.4;16478189.7;0.0;43635203.0;0.0;3104914.7;114.1;3756383.1;367.6;18258656.1;0.0;44132423.7;1.778;229.015;0.951
Wed Dec  1 03:04:02 2021;1638324242.208140760;1215.8;31788448.6;0.0;130485670.0;0.0;6975295.2;244.1;14993610.2;1240.1;37177742.8;0.0;131864810.8;0.980;50.011;528.9;10574165.6;0.0;42900194.6;0.0;2374739.9;48.6;6124792.4;531.1;12881221.6;0.0;43326626.2;2.471;228.383;0.996;322.8;6842872.2;0.0;46057057.5;0.0;2305964.8;83.7;5922757.2;333.5;9579765.4;0.0;46645541.6;1.548;228.429;0.968;364.1;16478195.9;0.0;43635203.0;0.0;3104914.7;111.7;3756385.0;380.8;18258662.5;0.0;44132423.7;1.840;228.548;0.956
Wed Dec  1 03:05:02 2021;1638324302.194968842;1342.9;31788469.7;0.0;130485670.0;0.0;6975295.2;227.9;14993614.1;1362.1;37177764.2;0.0;131864810.8;0.986;50.013;573.2;10574174.6;0.0;42900194.6;0.0;2374739.9;43.4;6124793.2;574.9;12881230.7;0.0;43326626.2;2.655;228.537;0.997;364.5;6842877.9;0.0;46057057.5;0.0;2305964.8;78.3;5922758.5;372.8;9579771.2;0.0;46645541.6;1.717;228.585;0.978;405.2;16478202.2;0.0;43635203.0;0.0;3104914.7;106.2;3756386.8;418.9;18258669.1;0.0;44132423.7;1.997;228.644;0.967
Wed Dec  1 03:06:02 2021;1638324362.180016349;1326.7;31788490.9;0.0;130485670.0;0.0;6975295.2;230.7;14993618.1;1346.6;37177785.8;0.0;131864810.8;0.985;50.029;565.3;10574183.7;0.0;42900194.6;0.0;2374739.9;44.1;6124794.0;567.0;12881239.9;0.0;43326626.2;2.623;228.512;0.997;360.7;6842883.6;0.0;46057057.5;0.0;2305964.8;79.6;5922759.9;369.4;9579777.1;0.0;46645541.6;1.702;228.613;0.977;400.6;16478208.6;0.0;43635203.0;0.0;3104914.7;107.0;3756388.6;414.7;18258675.8;0.0;44132423.7;1.977;228.630;0.966
Wed Dec  1 03:07:02 2021;1638324422.173135510;1369.1;31788512.4;0.0;130485670.0;0.0;6975295.2;224.2;14993622.0;1387.3;37177807.7;0.0;131864810.8;0.987;50.011;579.9;10574193.0;0.0;42900194.6;0.0;2374739.9;41.9;6124794.7;581.4;12881249.1;0.0;43326626.2;2.680;228.807;0.997;374.1;6842889.4;0.0;46057057.5;0.0;2305964.8;77.3;5922761.2;382.0;9579783.1;0.0;46645541.6;1.755;228.855;0.979;415.0;16478215.1;0.0;43635203.0;0.0;3104914.7;105.0;3756390.4;428.1;18258682.5;0.0;44132423.7;2.034;228.894;0.969
Wed Dec  1 03:08:02 2021;1638324482.172780169;1574.8;31788536.9;0.0;130485670.0;0.0;6975295.2;249.4;14993626.0;1594.4;37177832.4;0.0;131864810.8;0.988;50.012;845.9;10574204.9;0.0;42900194.6;0.0;2374739.9;58.6;6124795.6;847.9;12881261.0;0.0;43326626.2;3.795;228.829;0.998;345.1;6842895.4;0.0;46057057.5;0.0;2305964.8;81.9;5922762.6;354.7;9579789.2;0.0;46645541.6;1.634;229.120;0.973;383.8;16478221.7;0.0;43635203.0;0.0;3104914.7;108.9;3756392.2;399.0;18258689.3;0.0;44132423.7;1.906;229.126;0.962
Wed Dec  1 03:09:02 2021;1638324542.173128692;1463.0;31788559.7;0.0;130485670.0;0.0;6975295.2;206.7;14993629.7;1477.5;37177855.6;0.0;131864810.8;0.990;50.001;609.1;10574214.6;0.0;42900194.6;0.0;2374739.9;35.5;6124796.2;610.2;12881270.8;0.0;43326626.2;2.799;228.995;0.998;407.3;6842901.6;0.0;46057057.5;0.0;2305964.8;72.0;5922763.9;413.6;9579795.5;0.0;46645541.6;1.890;229.116;0.985;446.6;16478228.6;0.0;43635203.0;0.0;3104914.7;99.2;3756393.9;457.5;18258696.5;0.0;44132423.7;2.152;229.114;0.976
Wed Dec  1 03:10:02 2021;1638324602.123361430;2087.4;31788588.6;0.0;130485670.0;0.0;6975295.2;51.1;14993632.1;2088.1;37177884.6;0.0;131864810.8;1.000;49.999;820.0;10574226.2;0.0;42900194.6;16.8;2374739.9;0.0;6124796.5;820.2;12881282.4;0.0;43326626.2;3.710;229.028;1.000;612.5;6842909.9;0.0;46057057.5;0.0;2305964.8;21.1;5922764.7;612.9;9579803.9;0.0;46645541.6;2.764;229.095;0.999;654.9;16478237.6;0.0;43635203.0;0.0;3104914.7;46.8;3756395.3;656.6;18258705.5;0.0;44132423.7;3.006;229.110;0.997
Wed Dec  1 03:11:02 2021;1638324662.109903980;375.5;31788604.1;0.0;130485670.0;0.0;6975295.2;408.8;14993637.0;555.1;37177902.0;0.0;131864810.8;0.676;50.002;212.5;10574233.1;0.0;42900194.6;0.0;2374740.0;101.0;6124797.7;235.3;12881289.5;0.0;43326626.2;1.241;228.967;0.903;59.0;6842913.9;0.0;46057057.5;0.0;2305964.8;138.9;5922766.4;150.9;9579808.8;0.0;46645541.6;0.689;229.005;0.391;104.0;16478242.3;0.0;43635203.0;0.0;3104914.7;169.0;3756397.4;198.4;18258711.2;0.0;44132423.7;1.023;229.022;0.524
Wed Dec  1 03:12:02 2021;1638324722.095441193;381.9;31788610.4;0.0;130485670.0;0.0;6975295.2;409.4;14993643.8;559.9;37177911.2;0.0;131864810.8;0.682;50.016;219.0;10574236.6;0.0;42900194.6;0.0;2374740.0;101.6;6124799.4;241.5;12881293.4;0.0;43326626.2;1.276;229.122;0.907;59.0;6842914.9;0.0;46057057.5;0.0;2305964.8;138.7;5922768.7;150.7;9579811.3;0.0;46645541.6;0.688;229.170;0.391;103.9;16478244.0;0.0;43635203.0;0.0;3104914.7;169.1;3756400.2;198.5;18258714.5;0.0;44132423.7;1.023;229.178;0.523
Wed Dec  1 03:13:02 2021;1638324782.081981098;377.9;31788616.7;0.0;130485670.0;0.0;6975295.2;409.7;14993650.6;557.4;37177920.5;0.0;131864810.8;0.678;50.016;214.8;10574240.2;0.0;42900194.6;0.0;2374740.0;101.3;6124801.1;237.5;12881297.4;0.0;43326626.2;1.251;229.148;0.905;59.1;6842915.9;0.0;46057057.5;0.0;2305964.8;139.1;5922771.1;151.1;9579813.8;0.0;46645541.6;0.689;229.227;0.391;103.9;16478245.7;0.0;43635203.0;0.0;3104914.7;169.3;3756403.1;198.7;18258717.8;0.0;44132423.7;1.023;229.211;0.523
Wed Dec  1 03:14:02 2021;1638324842.072826507;658.3;31788623.4;0.0;130485670.0;0.0;6975295.2;421.5;14993657.5;781.6;37177930.1;0.0;131864810.8;0.842;50.003;214.9;10574243.7;0.0;42900194.6;0.0;2374740.0;101.3;6124802.7;237.6;12881301.3;0.0;43326626.2;1.250;229.054;0.905;61.2;6842916.9;0.0;46057057.5;0.0;2305964.8;137.6;5922773.4;150.6;9579816.4;0.0;46645541.6;0.687;229.081;0.406;382.1;16478247.9;0.0;43635203.0;0.0;3104914.7;182.5;3756405.9;423.5;18258721.5;0.0;44132423.7;1.932;228.929;0.902
Wed Dec  1 03:15:02 2021;1638324902.573770503;5604.7;31788683.8;0.0;130485670.0;2716.3;6975324.1;0.0;14993660.0;6228.2;37177998.2;0.0;131864810.8;0.900;50.031;1841.2;10574263.5;0.0;42900194.6;1022.5;2374750.8;0.0;6124803.3;2106.0;12881324.2;0.0;43326626.2;9.246;228.272;0.874;1663.8;6842933.9;0.0;46057057.5;860.8;2305974.0;0.0;5922774.2;1873.3;9579836.3;0.0;46645541.6;8.215;228.309;0.888;2099.7;16478271.4;0.0;43635203.0;833.0;3104923.6;0.0;3756407.0;2258.9;18258747.1;0.0;44132423.7;9.918;228.113;0.930
Wed Dec  1 03:16:02 2021;1638324962.573125459;616.6;31788729.8;0.0;130485670.0;0.0;6975342.6;420.3;14993664.1;746.2;37178049.6;0.0;131864810.8;0.826;50.016;178.2;10574278.3;0.0;42900194.6;0.0;2374757.8;101.6;6124804.3;205.1;12881341.0;0.0;43326626.2;1.135;229.146;0.869;61.1;6842946.5;0.0;46057057.5;0.0;2305979.9;137.9;5922775.5;150.9;9579851.1;0.0;46645541.6;0.688;228.981;0.405;377.2;16478290.1;0.0;43635203.0;0.0;3104929.2;180.8;3756408.8;418.3;18258767.2;0.0;44132423.7;1.912;228.856;0.902
Wed Dec  1 03:17:02 2021;1638325022.528095212;345.7;31788737.3;0.0;130485670.0;0.0;6975342.6;407.0;14993671.0;534.0;37178059.9;0.0;131864810.8;0.647;50.027;180.8;10574281.2;0.0;42900194.6;0.0;2374757.8;100.8;6124806.0;207.0;12881344.4;0.0;43326626.2;1.144;228.835;0.873;60.4;6842947.5;0.0;46057057.5;0.0;2305979.9;137.4;5922777.8;150.1;9579853.6;0.0;46645541.6;0.687;228.686;0.403;104.5;16478293.7;0.0;43635203.0;0.0;3104929.2;168.8;3756411.7;198.5;18258771.9;0.0;44132423.7;1.027;228.850;0.526
Wed Dec  1 03:18:02 2021;1638325082.510661406;343.3;31788743.0;0.0;130485670.0;0.0;6975342.6;407.4;14993677.8;532.8;37178068.8;0.0;131864810.8;0.644;50.050;178.9;10574284.2;0.0;42900194.6;0.0;2374757.8;100.9;6124807.7;205.4;12881347.8;0.0;43326626.2;1.137;228.919;0.871;60.9;6842948.5;0.0;46057057.5;0.0;2305979.9;137.8;5922780.1;150.7;9579856.1;0.0;46645541.6;0.689;228.795;0.404;103.5;16478295.4;0.0;43635203.0;0.0;3104929.2;168.7;3756414.5;197.9;18258775.2;0.0;44132423.7;1.023;228.903;0.523
Wed Dec  1 03:19:02 2021;1638325142.497803639;342.5;31788748.8;0.0;130485670.0;0.0;6975342.6;406.8;14993684.6;531.8;37178077.7;0.0;131864810.8;0.644;50.031;177.5;10574287.2;0.0;42900194.6;0.0;2374757.8;100.4;6124809.4;204.0;12881351.2;0.0;43326626.2;1.127;229.006;0.870;60.7;6842949.5;0.0;46057057.5;0.0;2305979.9;137.7;5922782.4;150.5;9579858.6;0.0;46645541.6;0.687;228.871;0.403;104.3;16478297.1;0.0;43635203.0;0.0;3104929.2;168.8;3756417.3;198.4;18258778.5;0.0;44132423.7;1.026;228.932;0.526
Wed Dec  1 03:20:02 2021;1638325202.483491697;344.9;31788754.5;0.0;130485670.0;0.0;6975342.6;407.6;14993691.4;534.0;37178086.5;0.0;131864810.8;0.646;50.033;180.3;10574290.2;0.0;42900194.6;0.0;2374757.8;101.1;6124811.1;206.7;12881354.6;0.0;43326626.2;1.138;229.007;0.872;60.4;6842950.5;0.0;46057057.5;0.0;2305979.9;137.5;5922784.7;150.2;9579861.2;0.0;46645541.6;0.687;228.848;0.402;104.2;16478298.8;0.0;43635203.0;0.0;3104929.2;169.0;3756420.1;198.6;18258781.9;0.0;44132423.7;1.024;228.964;0.525
Wed Dec  1 03:21:02 2021;1638325262.473612084;343.1;31788760.2;0.0;130485670.0;0.0;6975342.6;407.9;14993698.2;533.0;37178095.4;0.0;131864810.8;0.644;50.021;180.0;10574293.2;0.0;42900194.6;0.0;2374757.8;100.6;6124812.7;206.2;12881358.1;0.0;43326626.2;1.145;228.823;0.873;59.4;6842951.5;0.0;46057057.5;0.0;2305979.9;138.8;5922787.0;150.9;9579863.7;0.0;46645541.6;0.690;228.696;0.394;103.7;16478300.6;0.0;43635203.0;0.0;3104929.2;168.5;3756422.9;197.9;18258785.2;0.0;44132423.7;1.021;228.766;0.524
Wed Dec  1 03:22:02 2021;1638325322.473688974;338.4;31788765.9;0.0;130485670.0;0.0;6975342.6;407.0;14993705.0;529.3;37178104.3;0.0;131864810.8;0.639;50.020;175.7;10574296.1;0.0;42900194.6;0.0;2374757.8;100.0;6124814.4;202.2;12881361.5;0.0;43326626.2;1.124;229.020;0.869;59.2;6842952.5;0.0;46057057.5;0.0;2305979.9;138.5;5922789.3;150.7;9579866.2;0.0;46645541.6;0.689;228.895;0.393;103.5;16478302.3;0.0;43635203.0;0.0;3104929.2;168.5;3756425.7;197.7;18258788.5;0.0;44132423.7;1.023;228.943;0.523
Wed Dec  1 03:23:02 2021;1638325382.473433262;354.6;31788771.7;0.0;130485670.0;0.0;6975342.6;405.0;14993711.8;538.3;37178113.2;0.0;131864810.8;0.659;50.024;174.9;10574299.1;0.0;42900194.6;0.0;2374757.8;99.7;6124816.1;201.3;12881364.9;0.0;43326626.2;1.122;228.576;0.869;75.9;6842953.7;0.0;46057057.5;0.0;2305979.9;137.4;5922791.6;157.0;9579868.8;0.0;46645541.6;0.755;228.383;0.484;103.8;16478304.0;0.0;43635203.0;0.0;3104929.2;167.9;3756428.6;197.4;18258791.8;0.0;44132423.7;1.024;228.482;0.526
Wed Dec  1 03:24:02 2021;1638325442.427048351;1944.2;31788782.0;0.0;130485670.0;0.0;6975342.6;76.7;14993717.7;1945.7;37178125.8;0.0;131864810.8;0.999;50.010;660.6;10574303.3;0.0;42900194.6;3.3;2374757.8;0.0;6124817.5;660.6;12881369.4;0.0;43326626.2;3.056;228.601;1.000;676.9;6842956.8;0.0;46057057.5;0.0;2305979.9;17.9;5922793.6;677.1;9579872.8;0.0;46645541.6;3.095;228.247;1.000;606.7;16478307.1;0.0;43635203.0;0.0;3104929.2;62.1;3756431.1;609.8;18258796.0;0.0;44132423.7;2.813;228.425;0.995
Wed Dec  1 03:25:02 2021;1638325502.412847639;2222.3;31788818.4;0.0;130485670.0;17.3;6975342.8;0.0;14993717.7;2222.4;37178162.2;0.0;131864810.8;1.000;50.017;746.3;10574315.5;0.0;42900194.6;34.8;2374758.3;0.0;6124817.5;747.1;12881381.6;0.0;43326626.2;3.422;228.739;0.999;776.0;6842969.4;0.0;46057057.5;14.1;2305980.1;0.0;5922793.6;776.1;9579885.5;0.0;46645541.6;3.533;228.312;1.000;700.1;16478318.6;0.0;43635203.0;0.0;3104929.2;31.6;3756431.7;700.8;18258807.5;0.0;44132423.7;3.205;228.615;0.999
Wed Dec  1 03:26:02 2021;1638325562.398451863;2218.8;31788855.0;0.0;130485670.0;17.6;6975342.9;0.0;14993717.8;2218.8;37178198.8;0.0;131864810.8;1.000;50.017;747.3;10574327.8;0.0;42900194.6;34.1;2374758.9;0.0;6124817.5;748.1;12881393.9;0.0;43326626.2;3.433;228.422;0.999;774.6;6842982.3;0.0;46057057.5;14.6;2305980.2;0.0;5922793.6;774.7;9579898.3;0.0;46645541.6;3.529;228.027;1.000;696.9;16478330.1;0.0;43635203.0;0.0;3104929.2;31.1;3756432.3;697.6;18258819.0;0.0;44132423.7;3.194;228.298;0.999
Wed Dec  1 03:27:02 2021;1638325622.384305061;2314.5;31788893.4;0.0;130485670.0;24.3;6975343.6;0.0;14993717.8;2314.6;37178237.2;0.0;131864810.8;1.000;50.003;822.7;10574341.4;0.0;42900194.6;30.6;2374759.8;0.0;6124817.5;823.2;12881407.6;0.0;43326626.2;3.749;228.033;0.999;786.7;6842995.3;0.0;46057057.5;19.3;2305980.5;0.0;5922793.6;787.0;9579911.3;0.0;46645541.6;3.593;227.654;1.000;705.1;16478341.7;0.0;43635203.0;0.0;3104929.2;25.7;3756432.8;705.6;18258830.7;0.0;44132423.7;3.233;227.940;0.999
Wed Dec  1 03:28:02 2021;1638325682.373330591;2307.7;31788932.0;0.0;130485670.0;21.6;6975344.0;0.0;14993717.8;2307.8;37178275.8;0.0;131864810.8;1.000;49.999;816.0;10574355.1;0.0;42900194.6;29.5;2374760.3;0.0;6124817.5;816.5;12881421.3;0.0;43326626.2;3.717;228.256;0.999;786.2;6843008.4;0.0;46057057.5;19.1;2305980.8;0.0;5922793.6;786.4;9579924.5;0.0;46645541.6;3.588;227.844;1.000;705.6;16478353.5;0.0;43635203.0;0.0;3104929.2;26.9;3756433.2;706.1;18258842.5;0.0;44132423.7;3.235;228.121;0.999
Wed Dec  1 03:29:02 2021;1638325742.373789608;2288.2;31788970.3;0.0;130485670.0;12.9;6975344.3;0.0;14993717.8;2288.3;37178314.1;0.0;131864810.8;1.000;49.989;808.2;10574368.7;0.0;42900194.6;25.8;2374760.8;0.0;6124817.5;808.6;12881434.9;0.0;43326626.2;3.671;228.474;0.999;780.7;6843021.5;0.0;46057057.5;16.6;2305981.1;0.0;5922793.6;780.9;9579937.5;0.0;46645541.6;3.560;228.049;1.000;699.3;16478365.2;0.0;43635203.0;0.0;3104929.2;29.5;3756433.7;699.9;18258854.2;0.0;44132423.7;3.205;228.346;0.999
Wed Dec  1 03:30:02 2021;1638325802.873996728;2309.5;31789008.8;0.0;130485670.0;20.9;6975344.6;0.0;14993717.8;2309.6;37178352.6;0.0;131864810.8;1.000;50.002;816.7;10574382.3;0.0;42900194.6;29.2;2374761.3;0.0;6124817.5;817.2;12881448.5;0.0;43326626.2;3.723;228.442;0.999;788.3;6843034.6;0.0;46057057.5;19.8;2305981.4;0.0;5922793.6;788.5;9579950.7;0.0;46645541.6;3.601;227.821;1.000;704.6;16478377.0;0.0;43635203.0;0.0;3104929.2;28.1;3756434.2;705.1;18258866.0;0.0;44132423.7;3.232;228.115;0.999
Wed Dec  1 03:31:02 2021;1638325862.327581431;2538.6;31789047.3;0.0;130485670.0;233.9;6975345.1;0.0;14993717.8;2549.4;37178391.1;0.0;131864810.8;0.996;49.973;1025.7;10574395.9;0.0;42900194.6;234.3;2374761.8;0.0;6124817.5;1052.1;12881462.2;0.0;43326626.2;4.774;227.914;0.975;798.4;6843047.7;0.0;46057057.5;23.4;2305981.8;0.0;5922793.6;798.7;9579963.8;0.0;46645541.6;3.649;227.418;1.000;714.6;16478388.7;0.0;43635203.0;0.0;3104929.2;23.9;3756434.6;715.0;18258877.7;0.0;44132423.7;3.278;227.782;0.999
Wed Dec  1 03:32:02 2021;1638325922.314045785;2577.2;31789089.9;0.0;130485670.0;240.4;6975349.0;0.0;14993717.8;2588.4;37178433.9;0.0;131864810.8;0.996;50.006;1041.9;10574413.2;0.0;42900194.6;233.7;2374765.7;0.0;6124817.5;1067.7;12881479.8;0.0;43326626.2;4.793;228.246;0.976;809.2;6843061.1;0.0;46057057.5;27.1;2305982.2;0.0;5922793.6;809.7;9579977.2;0.0;46645541.6;3.693;227.736;0.999;726.2;16478400.7;0.0;43635203.0;0.0;3104929.2;20.3;3756435.0;726.5;18258889.7;0.0;44132423.7;3.324;228.111;1.000
Wed Dec  1 03:33:02 2021;1638325982.299998654;2675.2;31789134.0;0.0;130485670.0;246.4;6975353.2;0.0;14993717.8;2686.5;37178478.1;0.0;131864810.8;0.996;49.986;1124.4;10574431.5;0.0;42900194.6;232.0;2374769.7;0.0;6124817.5;1148.1;12881498.6;0.0;43326626.2;5.134;228.151;0.979;816.1;6843074.7;0.0;46057057.5;30.4;2305982.7;0.0;5922793.6;816.7;9579990.8;0.0;46645541.6;3.723;227.753;0.999;734.6;16478412.9;0.0;43635203.0;0.0;3104929.2;16.0;3756435.3;734.8;18258901.9;0.0;44132423.7;3.361;228.043;1.000
Wed Dec  1 03:34:02 2021;1638326042.285979742;2687.6;31789178.6;0.0;130485670.0;255.6;6975357.4;0.0;14993717.8;2699.8;37178523.0;0.0;131864810.8;0.996;49.991;1118.5;10574450.2;0.0;42900194.6;233.9;2374773.6;0.0;6124817.5;1142.7;12881517.7;0.0;43326626.2;5.108;228.275;0.979;826.3;6843088.4;0.0;46057057.5;33.3;2305983.2;0.0;5922793.6;827.0;9580004.5;0.0;46645541.6;3.765;227.968;0.999;742.8;16478425.2;0.0;43635203.0;0.0;3104929.2;11.6;3756435.5;742.9;18258914.2;0.0;44132423.7;3.390;228.304;1.000
Wed Dec  1 03:35:02 2021;1638326102.273189252;2701.9;31789223.5;0.0;130485670.0;261.2;6975361.7;0.0;14993717.8;2714.5;37178568.1;0.0;131864810.8;0.995;49.973;1118.6;10574468.8;0.0;42900194.6;235.4;2374777.5;0.0;6124817.5;1143.1;12881536.7;0.0;43326626.2;5.107;228.386;0.979;833.5;6843102.2;0.0;46057057.5;35.7;2305983.8;0.0;5922793.6;834.2;9580018.3;0.0;46645541.6;3.795;228.101;0.999;749.8;16478437.6;0.0;43635203.0;0.0;3104929.2;10.0;3756435.7;749.8;18258926.6;0.0;44132423.7;3.421;228.350;1.000
Wed Dec  1 03:36:02 2021;1638326162.273741440;2718.1;31789268.7;0.0;130485670.0;267.1;6975366.1;0.0;14993717.8;2731.2;37178613.5;0.0;131864810.8;0.995;49.969;1124.9;10574487.5;0.0;42900194.6;236.6;2374781.5;0.0;6124817.5;1149.5;12881555.8;0.0;43326626.2;5.138;228.329;0.979;839.3;6843116.1;0.0;46057057.5;38.1;2305984.4;0.0;5922793.6;840.1;9580032.3;0.0;46645541.6;3.823;228.068;0.999;753.9;16478450.1;0.0;43635203.0;0.0;3104929.2;7.6;3756435.8;753.9;18258939.1;0.0;44132423.7;3.440;228.284;1.000
Wed Dec  1 03:37:02 2021;1638326222.273753391;2760.9;31789314.1;0.0;130485670.0;267.0;6975370.6;0.0;14993717.8;2773.8;37178659.2;0.0;131864810.8;0.995;50.001;1126.2;10574506.2;0.0;42900194.6;237.4;2374785.4;0.0;6124817.5;1151.0;12881574.9;0.0;43326626.2;5.144;228.265;0.978;842.7;6843130.2;0.0;46057057.5;39.7;2305985.1;0.0;5922793.6;843.6;9580046.3;0.0;46645541.6;3.839;227.964;0.999;792.0;16478462.9;0.0;43635203.0;0.0;3104929.2;10.1;3756436.0;792.1;18258951.9;0.0;44132423.7;3.641;228.156;1.000
Wed Dec  1 03:38:02 2021;1638326282.229217830;2781.7;31789360.4;0.0;130485670.0;271.6;6975375.1;0.0;14993717.8;2794.9;37178705.6;0.0;131864810.8;0.995;49.995;1153.8;10574525.3;0.0;42900194.6;236.8;2374789.4;0.0;6124817.5;1177.9;12881594.5;0.0;43326626.2;5.267;228.026;0.980;831.6;6843144.1;0.0;46057057.5;42.2;2305985.8;0.0;5922793.6;832.7;9580060.2;0.0;46645541.6;3.775;227.761;0.999;796.3;16478476.1;0.0;43635203.0;0.0;3104929.2;7.4;3756436.1;796.3;18258965.1;0.0;44132423.7;3.662;227.929;1.000
Wed Dec  1 03:39:02 2021;1638326342.215558089;2796.3;31789406.9;0.0;130485670.0;273.4;6975379.6;0.0;14993717.8;2809.6;37178752.4;0.0;131864810.8;0.995;49.983;1155.0;10574544.5;0.0;42900194.6;238.3;2374793.3;0.0;6124817.5;1179.3;12881614.1;0.0;43326626.2;5.268;228.208;0.979;836.9;6843158.0;0.0;46057057.5;43.9;2305986.5;0.0;5922793.6;838.1;9580074.1;0.0;46645541.6;3.796;227.958;0.999;804.3;16478489.5;0.0;43635203.0;0.0;3104929.2;8.8;3756436.3;804.4;18258978.5;0.0;44132423.7;3.695;228.170;1.000
Wed Dec  1 03:40:02 2021;1638326402.201528066;2637.5;31789451.2;0.0;130485670.0;86.6;6975381.5;0.0;14993717.8;2638.9;37178796.8;0.0;131864810.8;0.999;49.969;990.7;10574561.5;0.0;42900194.6;49.4;2374794.6;0.0;6124817.5;992.0;12881631.1;0.0;43326626.2;4.461;228.432;0.999;836.8;6843171.9;0.0;46057057.5;45.4;2305987.2;0.0;5922793.6;838.0;9580088.1;0.0;46645541.6;3.794;227.991;0.999;810.0;16478502.9;0.0;43635203.0;0.0;3104929.2;8.2;3756436.4;810.0;18258991.9;0.0;44132423.7;3.721;228.141;1.000
Wed Dec  1 03:41:02 2021;1638326462.193954469;2659.4;31789495.3;0.0;130485670.0;95.3;6975383.0;0.0;14993717.8;2661.1;37178840.9;0.0;131864810.8;0.999;49.984;1000.6;10574578.0;0.0;42900194.6;52.2;2374795.5;0.0;6124817.5;1001.9;12881647.7;0.0;43326626.2;4.510;228.271;0.999;842.9;6843185.9;0.0;46057057.5;48.1;2305988.0;0.0;5922793.6;844.3;9580102.1;0.0;46645541.6;3.824;227.859;0.998;815.9;16478516.5;0.0;43635203.0;0.0;3104929.2;5.1;3756436.5;815.9;18259005.5;0.0;44132423.7;3.747;228.039;1.000
Wed Dec  1 03:42:02 2021;1638326522.173152875;2611.4;31789538.9;0.0;130485670.0;112.3;6975384.8;0.0;14993717.8;2613.8;37178884.5;0.0;131864810.8;0.999;49.977;947.2;10574593.9;0.0;42900194.6;63.1;2374796.5;0.0;6124817.5;949.3;12881663.6;0.0;43326626.2;4.287;228.521;0.998;846.7;6843200.0;0.0;46057057.5;49.8;2305988.8;0.0;5922793.6;848.2;9580116.2;0.0;46645541.6;3.838;228.025;0.998;817.5;16478530.1;0.0;43635203.0;0.0;3104929.2;0.5;3756436.6;817.5;18259019.1;0.0;44132423.7;3.751;228.143;1.000
Wed Dec  1 03:43:02 2021;1638326582.173153118;2558.0;31789581.8;0.0;130485670.0;124.4;6975386.8;0.0;14993717.8;2561.0;37178927.4;0.0;131864810.8;0.999;49.988;876.6;10574609.0;0.0;42900194.6;71.2;2374797.6;0.0;6124817.5;879.5;12881678.7;0.0;43326626.2;3.999;228.398;0.997;853.7;6843214.2;0.0;46057057.5;53.7;2305989.7;0.0;5922793.6;855.4;9580130.4;0.0;46645541.6;3.873;227.862;0.998;827.6;16478543.7;0.0;43635203.0;0.0;3104929.2;0.5;3756436.6;827.6;18259032.7;0.0;44132423.7;3.799;227.985;1.000
Wed Dec  1 03:44:02 2021;1638326642.173446906;2569.8;31789624.5;0.0;130485670.0;132.3;6975388.9;0.0;14993717.8;2573.2;37178970.2;0.0;131864810.8;0.999;50.005;879.7;10574623.6;0.0;42900194.6;73.9;2374798.8;0.0;6124817.5;882.8;12881693.3;0.0;43326626.2;4.018;228.214;0.996;859.4;6843228.4;0.0;46057057.5;57.0;2305990.6;0.0;5922793.6;861.3;9580144.7;0.0;46645541.6;3.902;227.646;0.998;830.7;16478557.5;0.0;43635203.0;1.4;3104929.3;0.0;3756436.6;830.7;18259046.5;0.0;44132423.7;3.816;227.745;1.000
Wed Dec  1 03:45:03 2021;1638326703.130904892;2580.6;31789668.1;0.0;130485670.0;139.8;6975391.2;0.0;14993717.8;2584.3;37179013.8;0.0;131864810.8;0.999;49.996;882.9;10574638.5;0.0;42900194.6;76.6;2374800.1;0.0;6124817.5;886.2;12881708.3;0.0;43326626.2;4.034;228.080;0.996;862.5;6843243.0;0.0;46057057.5;59.1;2305991.6;0.0;5922793.6;864.5;9580159.4;0.0;46645541.6;3.920;227.428;0.998;835.2;16478571.7;0.0;43635203.0;4.2;3104929.3;0.0;3756436.6;835.2;18259060.7;0.0;44132423.7;3.837;227.647;1.000
Wed Dec  1 03:46:02 2021;1638326762.616526558;2597.2;31789710.9;0.0;130485670.0;147.0;6975393.6;0.0;14993717.8;2601.4;37179056.7;0.0;131864810.8;0.998;49.977;892.0;10574653.1;0.0;42900194.6;77.3;2374801.4;0.0;6124817.5;895.3;12881723.0;0.0;43326626.2;4.073;228.243;0.996;867.2;6843257.3;0.0;46057057.5;60.5;2305992.6;0.0;5922793.6;869.3;9580173.7;0.0;46645541.6;3.937;227.697;0.998;838.0;16478585.5;0.0;43635203.0;9.2;3104929.4;0.0;3756436.6;838.0;18259074.5;0.0;44132423.7;3.845;227.852;1.000
Wed Dec  1 03:47:02 2021;1638326822.602308819;2604.9;31789754.2;0.0;130485670.0;152.2;6975396.1;0.0;14993717.8;2609.4;37179100.1;0.0;131864810.8;0.998;49.988;892.1;10574667.9;0.0;42900194.6;79.4;2374802.7;0.0;6124817.5;895.6;12881737.8;0.0;43326626.2;4.069;228.496;0.996;871.6;6843271.9;0.0;46057057.5;62.0;2305993.6;0.0;5922793.6;873.8;9580188.2;0.0;46645541.6;3.953;227.883;0.997;841.2;16478599.5;0.0;43635203.0;10.8;3104929.5;0.0;3756436.6;841.3;18259088.5;0.0;44132423.7;3.856;228.027;1.000
Wed Dec  1 03:48:02 2021;1638326882.588728411;2625.4;31789800.4;0.0;130485670.0;156.7;6975398.5;0.0;14993717.8;2630.0;37179146.4;0.0;131864810.8;0.998;50.005;895.8;10574685.4;0.0;42900194.6;82.8;2374804.0;0.0;6124817.5;899.6;12881755.4;0.0;43326626.2;4.078;228.919;0.996;878.8;6843286.4;0.0;46057057.5;64.0;2305994.6;0.0;5922793.6;881.1;9580202.9;0.0;46645541.6;3.980;228.248;0.997;850.7;16478613.6;0.0;43635203.0;10.0;3104929.7;0.0;3756436.6;850.8;18259102.6;0.0;44132423.7;3.890;228.449;1.000
Wed Dec  1 03:49:02 2021;1638326942.574458383;2638.1;31789844.3;0.0;130485670.0;161.9;6975401.2;0.0;14993717.8;2643.0;37179190.3;0.0;131864810.8;0.998;49.999;902.7;10574700.4;0.0;42900194.6;84.5;2374805.3;0.0;6124817.5;906.6;12881770.5;0.0;43326626.2;4.111;228.763;0.996;881.4;6843301.1;0.0;46057057.5;65.1;2305995.7;0.0;5922793.6;883.8;9580217.6;0.0;46645541.6;3.994;228.126;0.997;854.0;16478627.8;0.0;43635203.0;12.3;3104929.9;0.0;3756436.6;854.1;18259116.8;0.0;44132423.7;3.907;228.317;1.000
Wed Dec  1 03:50:02 2021;1638327002.573790857;2648.7;31789888.3;0.0;130485670.0;167.2;6975403.9;0.0;14993717.8;2654.0;37179234.4;0.0;131864810.8;0.998;49.983;902.7;10574715.5;0.0;42900194.6;86.3;2374806.8;0.0;6124817.5;906.8;12881785.6;0.0;43326626.2;4.114;228.600;0.995;886.1;6843315.8;0.0;46057057.5;67.0;2305996.8;0.0;5922793.6;888.6;9580232.3;0.0;46645541.6;4.016;228.018;0.997;860.0;16478642.1;0.0;43635203.0;13.9;3104930.1;0.0;3756436.6;860.1;18259131.1;0.0;44132423.7;3.937;228.148;1.000
Wed Dec  1 03:51:02 2021;1638327062.572963290;2660.4;31789932.5;0.0;130485670.0;178.5;6975406.8;0.0;14993717.8;2666.4;37179278.7;0.0;131864810.8;0.998;49.977;906.8;10574730.6;0.0;42900194.6;90.8;2374808.2;0.0;6124817.5;911.4;12881800.8;0.0;43326626.2;4.135;228.533;0.995;889.5;6843330.6;0.0;46057057.5;69.9;2305997.9;0.0;5922793.6;892.2;9580247.2;0.0;46645541.6;4.035;227.956;0.997;864.1;16478656.4;0.0;43635203.0;17.8;3104930.4;0.0;3756436.6;864.3;18259145.5;0.0;44132423.7;3.956;228.102;1.000
Wed Dec  1 03:52:02 2021;1638327122.533031084;2669.3;31789977.0;0.0;130485670.0;181.7;6975409.8;0.0;14993717.8;2675.5;37179323.3;0.0;131864810.8;0.998;49.979;909.0;10574745.7;0.0;42900194.6;91.9;2374809.8;0.0;6124817.5;913.7;12881816.0;0.0;43326626.2;4.141;228.718;0.995;892.8;6843345.5;0.0;46057057.5;71.1;2305999.1;0.0;5922793.6;895.6;9580262.1;0.0;46645541.6;4.046;228.127;0.997;867.5;16478670.9;0.0;43635203.0;18.7;3104930.7;0.0;3756436.6;867.7;18259159.9;0.0;44132423.7;3.968;228.279;1.000
Wed Dec  1 03:53:02 2021;1638327182.518413766;2684.0;31790021.7;0.0;130485670.0;191.9;6975412.9;0.0;14993717.8;2690.9;37179368.1;0.0;131864810.8;0.997;49.991;914.7;10574761.0;0.0;42900194.6;95.3;2374811.3;0.0;6124817.5;919.7;12881831.3;0.0;43326626.2;4.169;228.595;0.995;896.4;6843360.4;0.0;46057057.5;74.3;2306000.3;0.0;5922793.6;899.5;9580277.0;0.0;46645541.6;4.068;227.925;0.997;872.9;16478685.4;0.0;43635203.0;22.3;3104931.0;0.0;3756436.6;873.2;18259174.4;0.0;44132423.7;3.995;228.140;1.000
Wed Dec  1 03:54:02 2021;1638327242.504295318;2698.5;31790066.5;0.0;130485670.0;202.8;6975416.2;0.0;14993717.8;2706.1;37179413.1;0.0;131864810.8;0.997;49.972;918.3;10574776.3;0.0;42900194.6;98.7;2374812.9;0.0;6124817.5;923.6;12881846.7;0.0;43326626.2;4.187;228.622;0.994;902.8;6843375.4;0.0;46057057.5;77.8;2306001.6;0.0;5922793.6;906.2;9580292.1;0.0;46645541.6;4.096;228.022;0.996;877.4;16478700.0;0.0;43635203.0;26.3;3104931.4;0.0;3756436.6;877.7;18259189.0;0.0;44132423.7;4.012;228.236;1.000
Wed Dec  1 03:55:02 2021;1638327302.489844661;2708.1;31790111.6;0.0;130485670.0;214.4;6975419.7;0.0;14993717.8;2716.5;37179458.3;0.0;131864810.8;0.997;49.998;921.2;10574791.7;0.0;42900194.6;102.3;2374814.6;0.0;6124817.5;926.9;12881862.2;0.0;43326626.2;4.211;228.044;0.994;905.3;6843390.4;0.0;46057057.5;81.5;2306002.9;0.0;5922793.6;909.0;9580307.2;0.0;46645541.6;4.118;227.495;0.996;881.5;16478714.6;0.0;43635203.0;30.6;3104931.9;0.0;3756436.6;882.0;18259203.6;0.0;44132423.7;4.042;227.712;0.999
Wed Dec  1 03:56:02 2021;1638327362.475892248;2730.3;31790156.9;0.0;130485670.0;224.0;6975423.3;0.0;14993717.8;2739.5;37179503.7;0.0;131864810.8;0.997;50.015;932.2;10574807.1;0.0;42900194.6;105.6;2374816.3;0.0;6124817.5;938.1;12881877.7;0.0;43326626.2;4.256;228.409;0.994;911.4;6843405.6;0.0;46057057.5;85.3;2306004.3;0.0;5922793.6;915.4;9580322.4;0.0;46645541.6;4.141;227.842;0.996;886.7;16478729.3;0.0;43635203.0;33.1;3104932.4;0.0;3756436.6;887.3;18259218.4;0.0;44132423.7;4.060;227.994;0.999
Wed Dec  1 03:57:02 2021;1638327422.475357042;2734.5;31790202.4;0.0;130485670.0;230.8;6975427.0;0.0;14993717.8;2744.2;37179549.4;0.0;131864810.8;0.996;50.024;931.8;10574822.6;0.0;42900194.6;107.7;2374818.1;0.0;6124817.5;938.1;12881893.3;0.0;43326626.2;4.258;228.239;0.993;913.3;6843420.8;0.0;46057057.5;87.4;2306005.7;0.0;5922793.6;917.5;9580337.7;0.0;46645541.6;4.153;227.694;0.995;889.3;16478744.1;0.0;43635203.0;35.6;3104933.0;0.0;3756436.6;890.0;18259233.2;0.0;44132423.7;4.074;227.851;0.999
Wed Dec  1 03:58:02 2021;1638327482.473813755;2772.0;31790248.3;0.0;130485670.0;244.2;6975431.1;0.0;14993717.8;2782.7;37179595.4;0.0;131864810.8;0.996;49.981;964.8;10574838.4;0.0;42900194.6;111.3;2374819.9;0.0;6124817.5;971.2;12881909.2;0.0;43326626.2;4.441;228.108;0.993;917.1;6843436.1;0.0;46057057.5;91.0;2306007.2;0.0;5922793.6;921.6;9580353.0;0.0;46645541.6;4.173;227.594;0.995;890.1;16478759.0;0.0;43635203.0;41.9;3104933.6;0.0;3756436.6;891.1;18259248.0;0.0;44132423.7;4.083;227.666;0.999
Wed Dec  1 03:59:02 2021;1638327542.434408317;2808.4;31790294.6;0.0;130485670.0;249.3;6975435.2;0.0;14993717.8;2819.4;37179641.9;0.0;131864810.8;0.996;50.005;989.0;10574854.4;0.0;42900194.6;112.7;2374821.8;0.0;6124817.5;995.5;12881925.3;0.0;43326626.2;4.573;228.415;0.994;922.2;6843451.4;0.0;46057057.5;92.7;2306008.8;0.0;5922793.6;926.9;9580368.5;0.0;46645541.6;4.193;227.791;0.995;897.1;16478773.9;0.0;43635203.0;43.9;3104934.4;0.0;3756436.6;898.2;18259262.9;0.0;44132423.7;4.108;227.962;0.999
Wed Dec  1 04:00:02 2021;1638327602.919757489;2781.2;31790341.1;0.0;130485670.0;258.6;6975439.4;0.0;14993717.8;2793.2;37179688.7;0.0;131864810.8;0.996;49.992;947.6;10574870.3;0.0;42900194.6;116.9;2374823.8;0.0;6124817.5;954.8;12881941.3;0.0;43326626.2;4.335;228.190;0.992;929.5;6843467.0;0.0;46057057.5;96.1;2306010.3;0.0;5922793.6;934.5;9580384.1;0.0;46645541.6;4.227;227.867;0.995;904.1;16478789.0;0.0;43635203.0;45.6;3104935.1;0.0;3756436.6;905.2;18259278.1;0.0;44132423.7;4.139;228.057;0.999
Wed Dec  1 04:01:02 2021;1638327662.405746122;2783.5;31790387.1;0.0;130485670.0;272.8;6975443.8;0.0;14993717.8;2796.8;37179734.8;0.0;131864810.8;0.995;49.991;947.9;10574886.0;0.0;42900194.6;121.8;2374825.7;0.0;6124817.5;955.7;12881957.1;0.0;43326626.2;4.345;227.938;0.992;930.3;6843482.3;0.0;46057057.5;100.4;2306012.0;0.0;5922793.6;935.7;9580399.5;0.0;46645541.6;4.238;227.614;0.994;905.3;16478803.9;0.0;43635203.0;50.6;3104935.9;0.0;3756436.6;906.7;18259293.1;0.0;44132423.7;4.151;227.776;0.998
Wed Dec  1 04:02:02 2021;1638327722.391247267;2775.6;31790433.1;0.0;130485670.0;285.8;6975448.5;0.0;14993717.8;2790.3;37179781.1;0.0;131864810.8;0.995;49.987;925.8;10574901.3;0.0;42900194.6;127.8;2374827.8;0.0;6124817.5;934.6;12881972.6;0.0;43326626.2;4.254;227.957;0.991;937.0;6843497.9;0.0;46057057.5;103.8;2306013.7;0.0;5922793.6;942.8;9580415.2;0.0;46645541.6;4.268;227.648;0.994;912.8;16478819.1;0.0;43635203.0;54.2;3104936.8;0.0;3756436.6;914.4;18259308.2;0.0;44132423.7;4.184;227.850;0.998
Wed Dec  1 04:03:02 2021;1638327782.877408185;2783.6;31790479.8;0.0;130485670.0;301.2;6975453.4;0.0;14993717.8;2799.8;37179828.0;0.0;131864810.8;0.994;49.984;926.2;10574916.8;0.0;42900194.6;131.9;2374830.0;0.0;6124817.5;935.5;12881988.3;0.0;43326626.2;4.255;228.145;0.990;942.8;6843513.7;0.0;46057057.5;107.4;2306015.4;0.0;5922793.6;948.9;9580431.1;0.0;46645541.6;4.292;227.915;0.994;914.6;16478834.4;0.0;43635203.0;61.8;3104937.7;0.0;3756436.6;916.7;18259323.6;0.0;44132423.7;4.190;228.027;0.998
Wed Dec  1 04:04:02 2021;1638327842.373125329;2826.4;31790526.2;0.0;130485670.0;296.7;6975458.4;0.0;14993717.8;2841.9;37179874.6;0.0;131864810.8;0.995;49.979;961.1;10574932.3;0.0;42900194.6;129.3;2374832.2;0.0;6124817.5;969.7;12882004.0;0.0;43326626.2;4.398;228.312;0.991;946.0;6843529.3;0.0;46057057.5;108.2;2306017.2;0.0;5922793.6;952.2;9580446.8;0.0;46645541.6;4.301;228.180;0.994;919.3;16478849.6;0.0;43635203.0;59.1;3104938.7;0.0;3756436.6;921.2;18259338.8;0.0;44132423.7;4.207;228.273;0.998
Wed Dec  1 04:05:02 2021;1638327902.372781109;2932.8;31790574.1;0.0;130485670.0;311.9;6975463.6;0.0;14993717.8;2949.3;37179922.9;0.0;131864810.8;0.994;49.976;1054.8;10574949.1;0.0;42900194.6;132.0;2374834.5;0.0;6124817.5;1063.0;12882020.9;0.0;43326626.2;4.796;228.115;0.992;953.1;6843545.1;0.0;46057057.5;114.0;2306019.1;0.0;5922793.6;959.8;9580462.7;0.0;46645541.6;4.338;228.026;0.993;924.9;16478865.0;0.0;43635203.0;65.8;3104939.7;0.0;3756436.6;927.3;18259354.2;0.0;44132423.7;4.235;228.156;0.997
Wed Dec  1 04:06:02 2021;1638327962.335478238;2928.1;31790623.0;0.0;130485670.0;320.8;6975468.9;0.0;14993717.8;2945.6;37179972.0;0.0;131864810.8;0.994;49.994;1045.6;10574966.6;0.0;42900194.6;134.3;2374836.7;0.0;6124817.5;1054.2;12882038.5;0.0;43326626.2;4.759;228.040;0.992;954.2;6843561.0;0.0;46057057.5;117.4;2306021.0;0.0;5922793.6;961.4;9580478.7;0.0;46645541.6;4.349;227.894;0.993;928.3;16478880.4;0.0;43635203.0;69.1;3104940.9;0.0;3756436.6;930.8;18259369.7;0.0;44132423.7;4.254;228.054;0.997
Wed Dec  1 04:07:02 2021;1638328022.821308681;2943.9;31790672.3;0.0;130485670.0;338.0;6975474.4;0.0;14993717.8;2963.2;37180021.7;0.0;131864810.8;0.993;49.994;1052.5;10574984.2;0.0;42900194.6;138.6;2374839.0;0.0;6124817.5;1061.6;12882056.3;0.0;43326626.2;4.792;228.054;0.991;960.9;6843577.1;0.0;46057057.5;122.2;2306023.0;0.0;5922793.6;968.6;9580495.0;0.0;46645541.6;4.380;227.925;0.992;930.5;16478896.1;0.0;43635203.0;77.2;3104942.1;0.0;3756436.6;933.7;18259385.4;0.0;44132423.7;4.267;228.036;0.997
Wed Dec  1 04:08:02 2021;1638328082.307842139;2960.1;31790721.1;0.0;130485670.0;350.1;6975480.0;0.0;14993717.8;2980.7;37180070.7;0.0;131864810.8;0.993;50.013;1057.5;10575001.7;0.0;42900194.6;143.5;2374841.3;0.0;6124817.5;1067.2;12882073.9;0.0;43326626.2;4.821;227.883;0.991;964.8;6843593.0;0.0;46057057.5;127.1;2306025.0;0.0;5922793.6;973.1;9580511.0;0.0;46645541.6;4.404;227.752;0.991;937.8;16478911.5;0.0;43635203.0;79.5;3104943.4;0.0;3756436.6;941.1;18259400.9;0.0;44132423.7;4.303;227.876;0.996
Wed Dec  1 04:09:02 2021;1638328142.792972716;2972.1;31790770.9;0.0;130485670.0;353.8;6975485.9;0.0;14993717.8;2993.1;37180120.9;0.0;131864810.8;0.993;50.004;1061.8;10575019.4;0.0;42900194.6;145.1;2374843.8;0.0;6124817.5;1071.7;12882091.9;0.0;43326626.2;4.840;227.962;0.991;968.3;6843609.2;0.0;46057057.5;128.4;2306027.2;0.0;5922793.6;976.8;9580527.4;0.0;46645541.6;4.419;227.806;0.991;942.0;16478927.3;0.0;43635203.0;80.3;3104944.7;0.0;3756436.6;945.5;18259416.7;0.0;44132423.7;4.322;227.895;0.996
Wed Dec  1 04:10:02 2021;1638328202.779032965;2950.8;31790820.3;0.0;130485670.0;385.0;6975492.0;0.0;14993717.8;2975.8;37180170.7;0.0;131864810.8;0.992;50.003;1063.7;10575037.2;0.0;42900194.6;153.5;2374846.3;0.0;6124817.5;1074.8;12882109.7;0.0;43326626.2;4.860;227.777;0.990;973.4;6843625.4;0.0;46057057.5;137.8;2306029.4;0.0;5922793.6;983.1;9580543.7;0.0;46645541.6;4.450;227.767;0.990;913.7;16478942.8;0.0;43635203.0;93.7;3104946.1;0.0;3756436.6;918.5;18259432.3;0.0;44132423.7;4.182;227.804;0.995
Wed Dec  1 04:11:01 2021;1638328261.772815312;2961.3;31790868.7;0.0;130485670.0;394.7;6975498.4;0.0;14993717.8;2987.5;37180219.5;0.0;131864810.8;0.991;50.011;1069.1;10575054.6;0.0;42900194.6;156.0;2374848.8;0.0;6124817.5;1080.4;12882127.4;0.0;43326626.2;4.886;227.819;0.990;977.3;6843641.4;0.0;46057057.5;139.2;2306031.6;0.0;5922793.6;987.1;9580559.8;0.0;46645541.6;4.469;227.732;0.990;914.9;16478957.7;0.0;43635203.0;99.4;3104947.7;0.0;3756436.6;920.3;18259447.3;0.0;44132423.7;4.188;227.882;0.994
Wed Dec  1 04:12:01 2021;1638328321.773418019;2971.7;31790918.1;0.0;130485670.0;398.7;6975505.0;0.0;14993717.8;2998.3;37180269.4;0.0;131864810.8;0.991;50.013;1070.1;10575072.5;0.0;42900194.6;158.6;2374851.4;0.0;6124817.5;1081.8;12882145.4;0.0;43326626.2;4.894;227.598;0.989;980.3;6843657.7;0.0;46057057.5;141.7;2306034.0;0.0;5922793.6;990.5;9580576.3;0.0;46645541.6;4.487;227.517;0.990;921.4;16478973.0;0.0;43635203.0;98.4;3104949.4;0.0;3756436.6;926.6;18259462.7;0.0;44132423.7;4.221;227.609;0.994
Wed Dec  1 04:13:01 2021;1638328381.773028610;2988.8;31790967.8;0.0;130485670.0;411.8;6975511.7;0.0;14993717.8;3017.1;37180319.5;0.0;131864810.8;0.991;50.009;1076.2;10575090.4;0.0;42900194.6;162.6;2374854.1;0.0;6124817.5;1088.4;12882163.5;0.0;43326626.2;4.924;227.613;0.989;986.7;6843674.1;0.0;46057057.5;147.3;2306036.4;0.0;5922793.6;997.6;9580592.9;0.0;46645541.6;4.519;227.550;0.989;926.0;16478988.4;0.0;43635203.0;102.0;3104951.0;0.0;3756436.6;931.6;18259478.2;0.0;44132423.7;4.244;227.604;0.994
Wed Dec  1 04:14:01 2021;1638328441.722889127;423.3;31790997.4;0.0;130485670.0;0.0;6975514.9;414.0;14993720.9;592.1;37180350.5;0.0;131864810.8;0.715;49.988;257.5;10575101.9;0.0;42900194.6;0.0;2374855.4;107.2;6124818.3;278.9;12882175.3;0.0;43326626.2;1.409;227.848;0.923;60.6;6843683.1;0.0;46057057.5;0.0;2306037.5;136.5;5922794.7;149.4;9580602.6;0.0;46645541.6;0.685;227.817;0.406;105.2;16478997.4;0.0;43635203.0;0.0;3104951.8;170.3;3756437.9;200.1;18259487.9;0.0;44132423.7;1.033;227.887;0.526
Wed Dec  1 04:15:02 2021;1638328502.209569500;313.6;31791003.5;0.0;130485670.0;0.0;6975514.9;402.9;14993727.8;510.6;37180359.8;0.0;131864810.8;0.614;49.976;151.6;10575105.3;0.0;42900194.6;0.0;2374855.4;100.0;6124820.0;181.7;12882179.2;0.0;43326626.2;1.067;227.880;0.835;60.2;6843684.2;0.0;46057057.5;0.0;2306037.5;136.2;5922797.0;148.9;9580605.1;0.0;46645541.6;0.683;227.792;0.404;101.8;16478999.1;0.0;43635203.0;0.0;3104951.8;166.7;3756440.8;195.4;18259491.2;0.0;44132423.7;1.012;227.857;0.521
Wed Dec  1 04:16:01 2021;1638328561.695405814;314.6;31791008.7;0.0;130485670.0;0.0;6975514.9;403.1;14993734.5;511.3;37180368.2;0.0;131864810.8;0.615;49.981;152.0;10575107.8;0.0;42900194.6;0.0;2374855.4;99.8;6124821.7;181.9;12882182.1;0.0;43326626.2;1.066;228.108;0.836;60.8;6843685.2;0.0;46057057.5;0.0;2306037.5;136.3;5922799.2;149.3;9580607.6;0.0;46645541.6;0.685;227.927;0.408;101.7;16479000.8;0.0;43635203.0;0.0;3104951.8;166.9;3756443.5;195.5;18259494.4;0.0;44132423.7;1.011;228.068;0.520
Wed Dec  1 04:17:01 2021;1638328621.680726708;316.0;31791013.9;0.0;130485670.0;0.0;6975514.9;406.9;14993741.2;515.2;37180376.7;0.0;131864810.8;0.613;49.974;150.3;10575110.3;0.0;42900194.6;0.0;2374855.4;100.5;6124823.4;180.8;12882185.1;0.0;43326626.2;1.056;227.948;0.831;60.5;6843686.2;0.0;46057057.5;0.0;2306037.5;136.4;5922801.5;149.2;9580610.1;0.0;46645541.6;0.685;227.830;0.406;105.2;16479002.5;0.0;43635203.0;0.0;3104951.8;170.0;3756446.3;199.9;18259497.7;0.0;44132423.7;1.034;227.961;0.526
Wed Dec  1 04:18:01 2021;1638328681.673500559;311.1;31791019.1;0.0;130485670.0;0.0;6975514.9;408.5;14993748.0;513.4;37180385.3;0.0;131864810.8;0.606;50.008;147.4;10575112.8;0.0;42900194.6;0.0;2374855.4;99.7;6124825.0;178.0;12882188.1;0.0;43326626.2;1.044;228.351;0.828;59.1;6843687.2;0.0;46057057.5;0.0;2306037.5;138.0;5922803.8;150.1;9580612.6;0.0;46645541.6;0.686;228.330;0.394;104.6;16479004.2;0.0;43635203.0;0.0;3104951.8;170.7;3756449.1;200.2;18259501.0;0.0;44132423.7;1.029;228.375;0.522
Wed Dec  1 04:19:01 2021;1638328741.673147162;382.9;31791025.3;0.0;130485670.0;0.0;6975514.9;416.5;14993754.4;565.8;37180394.5;0.0;131864810.8;0.677;49.985;217.1;10575116.3;0.0;42900194.6;0.0;2374855.7;107.8;6124826.6;242.3;12882192.1;0.0;43326626.2;1.273;228.218;0.896;59.6;6843688.2;0.0;46057057.5;0.0;2306037.5;138.0;5922806.1;150.3;9580615.1;0.0;46645541.6;0.688;228.213;0.396;106.3;16479006.0;0.0;43635203.0;0.0;3104951.8;170.8;3756452.0;201.2;18259504.4;0.0;44132423.7;1.040;228.211;0.528
Wed Dec  1 04:20:01 2021;1638328801.673516346;375.4;31791031.7;0.0;130485670.0;0.0;6975514.9;414.0;14993761.4;558.8;37180403.9;0.0;131864810.8;0.672;49.998;212.3;10575119.9;0.0;42900194.6;0.0;2374855.7;109.2;6124828.4;238.8;12882196.1;0.0;43326626.2;1.257;228.086;0.889;59.0;6843689.1;0.0;46057057.5;0.0;2306037.5;137.9;5922808.4;150.0;9580617.6;0.0;46645541.6;0.687;228.076;0.394;104.0;16479007.7;0.0;43635203.0;0.0;3104951.8;167.0;3756454.8;196.7;18259507.7;0.0;44132423.7;1.024;227.934;0.529
Wed Dec  1 04:21:01 2021;1638328861.625708239;373.8;31791037.9;0.0;130485670.0;0.0;6975514.9;414.5;14993768.3;558.1;37180413.2;0.0;131864810.8;0.670;49.968;210.2;10575123.4;0.0;42900194.6;0.0;2374855.7;109.4;6124830.2;236.9;12882200.1;0.0;43326626.2;1.249;228.195;0.887;59.4;6843690.1;0.0;46057057.5;0.0;2306037.5;137.8;5922810.7;150.1;9580620.1;0.0;46645541.6;0.687;228.239;0.396;104.2;16479009.5;0.0;43635203.0;0.0;3104951.8;167.2;3756457.6;197.0;18259511.0;0.0;44132423.7;1.023;228.065;0.529
Wed Dec  1 04:22:01 2021;1638328921.621159082;373.2;31791044.1;0.0;130485670.0;0.0;6975514.9;418.8;14993775.2;560.9;37180422.5;0.0;131864810.8;0.665;49.981;208.0;10575126.9;0.0;42900194.6;0.0;2374855.7;109.3;6124832.1;235.0;12882204.1;0.0;43326626.2;1.245;228.441;0.885;59.5;6843691.1;0.0;46057057.5;0.0;2306037.5;138.3;5922813.0;150.5;9580622.6;0.0;46645541.6;0.689;228.457;0.395;105.6;16479011.2;0.0;43635203.0;0.0;3104951.8;171.2;3756460.4;201.1;18259514.3;0.0;44132423.7;1.038;228.318;0.525
Wed Dec  1 04:23:01 2021;1638328981.597672374;377.0;31791050.4;0.0;130485670.0;0.0;6975514.9;418.6;14993782.2;563.3;37180431.9;0.0;131864810.8;0.669;50.001;210.2;10575130.4;0.0;42900194.6;0.0;2374855.7;109.5;6124833.9;237.0;12882208.0;0.0;43326626.2;1.249;228.326;0.887;60.2;6843692.1;0.0;46057057.5;0.0;2306037.5;138.0;5922815.3;150.6;9580625.1;0.0;46645541.6;0.689;228.311;0.400;106.5;16479012.9;0.0;43635203.0;0.0;3104951.8;171.1;3756463.3;201.6;18259517.6;0.0;44132423.7;1.038;228.187;0.529
Wed Dec  1 04:24:01 2021;1638329041.582860824;1134.1;31791062.9;0.0;130485670.0;859.4;6975518.9;0.0;14993787.4;1422.9;37180447.8;0.0;131864810.8;0.797;49.986;471.4;10575136.0;0.0;42900194.6;314.9;2374857.1;0.0;6124835.3;566.9;12882214.3;0.0;43326626.2;2.575;228.176;0.832;308.4;6843695.2;0.0;46057057.5;294.1;2306038.9;0.0;5922817.0;426.1;9580629.7;0.0;46645541.6;1.879;228.109;0.724;354.2;16479016.8;0.0;43635203.0;250.4;3104953.0;0.0;3756465.4;433.8;18259522.9;0.0;44132423.7;1.968;228.151;0.817
Wed Dec  1 04:25:01 2021;1638329101.573829908;469.2;31791074.7;0.0;130485670.0;0.0;6975523.0;421.5;14993792.4;630.8;37180462.6;0.0;131864810.8;0.744;49.974;303.7;10575142.3;0.0;42900194.6;0.0;2374858.6;112.3;6124836.6;323.8;12882221.2;0.0;43326626.2;1.586;228.572;0.938;59.3;6843697.5;0.0;46057057.5;0.0;2306040.3;137.8;5922818.6;150.0;9580633.6;0.0;46645541.6;0.687;228.139;0.395;106.2;16479019.9;0.0;43635203.0;0.0;3104954.2;171.4;3756467.4;201.6;18259527.5;0.0;44132423.7;1.037;228.275;0.527
Wed Dec  1 04:26:01 2021;1638329161.573722190;468.7;31791082.4;0.0;130485670.0;0.0;6975523.0;420.3;14993799.4;629.6;37180473.1;0.0;131864810.8;0.744;49.984;304.7;10575147.4;0.0;42900194.6;0.0;2374858.6;111.9;6124838.4;324.6;12882226.6;0.0;43326626.2;1.594;228.470;0.939;59.0;6843698.5;0.0;46057057.5;0.0;2306040.3;137.6;5922820.9;149.7;9580636.1;0.0;46645541.6;0.686;228.048;0.394;105.0;16479021.6;0.0;43635203.0;0.0;3104954.2;170.9;3756470.2;200.6;18259530.8;0.0;44132423.7;1.033;228.236;0.524
Wed Dec  1 04:27:01 2021;1638329221.578910151;496.6;31791090.3;0.0;130485670.0;0.0;6975523.0;421.1;14993806.4;651.1;37180483.6;0.0;131864810.8;0.763;49.977;332.2;10575152.5;0.0;42900194.6;0.0;2374858.6;112.3;6124840.3;350.6;12882232.1;0.0;43326626.2;1.693;228.429;0.947;59.0;6843699.5;0.0;46057057.5;0.0;2306040.3;137.6;5922823.2;149.7;9580638.6;0.0;46645541.6;0.686;227.930;0.394;105.5;16479023.3;0.0;43635203.0;0.0;3104954.2;171.3;3756473.1;201.1;18259534.2;0.0;44132423.7;1.036;228.282;0.524
Wed Dec  1 04:28:01 2021;1638329281.527297163;433.3;31791111.9;0.0;130485670.0;0.0;6975532.8;421.2;14993808.8;604.3;37180508.6;0.0;131864810.8;0.717;49.978;268.3;10575162.4;0.0;42900194.6;0.0;2374862.1;112.5;6124841.0;290.9;12882242.9;0.0;43326626.2;1.464;228.352;0.922;58.8;6843705.0;0.0;46057057.5;0.0;2306043.6;137.5;5922824.0;149.5;9580645.7;0.0;46645541.6;0.685;227.740;0.393;106.2;16479029.6;0.0;43635203.0;0.0;3104957.1;171.2;3756474.1;201.4;18259541.7;0.0;44132423.7;1.040;228.062;0.527
Wed Dec  1 04:29:01 2021;1638329341.512091875;432.2;31791119.2;0.0;130485670.0;0.0;6975532.8;419.8;14993815.9;602.6;37180518.7;0.0;131864810.8;0.717;49.975;269.2;10575167.0;0.0;42900194.6;0.0;2374862.1;112.9;6124842.9;291.9;12882247.8;0.0;43326626.2;1.467;228.500;0.922;59.2;6843706.0;0.0;46057057.5;0.0;2306043.6;138.1;5922826.3;150.2;9580648.1;0.0;46645541.6;0.687;228.358;0.394;103.8;16479031.3;0.0;43635203.0;0.0;3104957.1;168.9;3756476.9;198.2;18259545.0;0.0;44132423.7;1.022;228.660;0.524
Wed Dec  1 04:30:01 2021;1638329401.999258065;431.5;31791126.4;0.0;130485670.0;0.0;6975532.8;422.0;14993822.9;603.5;37180528.8;0.0;131864810.8;0.715;49.985;268.8;10575171.5;0.0;42900194.6;0.0;2374862.1;114.1;6124844.8;292.0;12882252.7;0.0;43326626.2;1.457;228.628;0.921;58.9;6843706.9;0.0;46057057.5;0.0;2306043.6;138.4;5922828.6;150.4;9580650.7;0.0;46645541.6;0.685;228.539;0.392;103.7;16479033.1;0.0;43635203.0;0.0;3104957.1;169.5;3756479.8;198.8;18259548.3;0.0;44132423.7;1.023;228.742;0.522
Wed Dec  1 04:31:01 2021;1638329461.484233830;637.0;31791136.0;0.0;130485670.0;0.0;6975532.8;222.4;14993827.5;674.8;37180539.7;0.0;131864810.8;0.944;50.003;475.4;10575178.4;0.0;42900194.6;83.8;2374863.2;0.0;6124845.3;482.7;12882259.8;0.0;43326626.2;2.236;227.912;0.985;59.4;6843707.9;0.0;46057057.5;0.0;2306043.6;137.9;5922830.9;150.1;9580653.1;0.0;46645541.6;0.686;227.910;0.396;102.2;16479034.8;0.0;43635203.0;0.0;3104957.1;168.4;3756482.6;197.0;18259551.6;0.0;44132423.7;1.014;228.212;0.519
Wed Dec  1 04:32:01 2021;1638329521.473633519;631.3;31791146.6;0.0;130485670.0;0.0;6975532.8;226.2;14993831.2;670.6;37180550.9;0.0;131864810.8;0.941;49.992;468.0;10575186.3;0.0;42900194.6;82.0;2374864.5;0.0;6124845.3;475.1;12882267.8;0.0;43326626.2;2.210;227.665;0.985;59.0;6843708.9;0.0;46057057.5;0.0;2306043.6;137.4;5922833.2;149.5;9580655.6;0.0;46645541.6;0.684;227.760;0.394;104.3;16479036.5;0.0;43635203.0;0.0;3104957.1;170.8;3756485.4;200.2;18259554.9;0.0;44132423.7;1.032;227.926;0.521
Wed Dec  1 04:33:01 2021;1638329581.475130387;593.6;31791157.0;0.0;130485670.0;0.0;6975532.8;223.7;14993835.0;634.3;37180561.9;0.0;131864810.8;0.936;49.982;428.4;10575193.9;0.0;42900194.6;84.3;2374865.9;0.0;6124845.3;436.6;12882275.5;0.0;43326626.2;2.046;227.578;0.981;59.6;6843709.9;0.0;46057057.5;0.0;2306043.6;137.1;5922835.5;149.5;9580658.1;0.0;46645541.6;0.685;227.649;0.398;105.6;16479038.2;0.0;43635203.0;0.0;3104957.1;170.9;3756488.2;200.9;18259558.2;0.0;44132423.7;1.036;227.800;0.526
Wed Dec  1 04:34:01 2021;1638329641.475031099;528.7;31791165.8;0.0;130485670.0;0.0;6975532.8;215.5;14993838.5;570.9;37180571.4;0.0;131864810.8;0.926;50.012;364.0;10575200.0;0.0;42900194.6;93.3;2374867.5;0.0;6124845.3;375.8;12882281.8;0.0;43326626.2;1.792;227.891;0.969;59.7;6843710.9;0.0;46057057.5;0.0;2306043.6;137.6;5922837.8;150.0;9580660.6;0.0;46645541.6;0.686;228.026;0.398;105.0;16479040.0;0.0;43635203.0;0.0;3104957.1;171.2;3756491.1;200.8;18259561.6;0.0;44132423.7;1.035;228.170;0.523
Wed Dec  1 04:35:01 2021;1638329701.927743798;552.4;31791174.9;0.0;130485670.0;0.0;6975532.8;216.3;14993842.2;593.3;37180581.2;0.0;131864810.8;0.931;49.991;391.1;10575206.3;0.0;42900194.6;89.2;2374869.0;0.0;6124845.3;401.2;12882288.4;0.0;43326626.2;1.897;227.847;0.975;59.1;6843711.9;0.0;46057057.5;0.0;2306043.6;137.6;5922840.1;149.7;9580663.2;0.0;46645541.6;0.685;227.968;0.395;102.2;16479041.7;0.0;43635203.0;0.0;3104957.1;168.0;3756494.0;196.6;18259564.9;0.0;44132423.7;1.016;228.113;0.520
Wed Dec  1 04:36:01 2021;1638329761.913796180;550.7;31791184.0;0.0;130485670.0;0.0;6975532.8;216.0;14993845.8;591.6;37180591.0;0.0;131864810.8;0.931;49.983;388.6;10575212.8;0.0;42900194.6;88.9;2374870.5;0.0;6124845.3;398.6;12882295.0;0.0;43326626.2;1.892;227.607;0.975;59.0;6843712.9;0.0;46057057.5;0.0;2306043.6;137.3;5922842.4;149.4;9580665.6;0.0;46645541.6;0.685;227.817;0.395;103.1;16479043.4;0.0;43635203.0;0.0;3104957.1;167.6;3756496.7;196.8;18259568.2;0.0;44132423.7;1.018;227.935;0.524
Wed Dec  1 04:37:01 2021;1638329821.899691690;665.6;31791196.4;0.0;130485670.0;0.0;6975532.8;825.8;14993854.5;1060.6;37180607.1;0.0;131864810.8;0.628;49.996;482.4;10575222.4;0.0;42900194.6;0.0;2374871.2;111.0;6124846.2;495.0;12882304.8;0.0;43326626.2;2.329;227.467;0.975;77.6;6843714.0;0.0;46057057.5;0.0;2306043.6;340.5;5922846.4;349.3;9580669.8;0.0;46645541.6;1.580;227.760;0.222;105.6;16479045.1;0.0;43635203.0;0.0;3104957.1;374.3;3756501.3;388.9;18259573.1;0.0;44132423.7;1.809;227.874;0.271
Wed Dec  1 04:38:01 2021;1638329881.886330239;648.0;31791207.4;0.0;130485670.0;0.0;6975532.8;824.8;14993868.3;1048.9;37180624.7;0.0;131864810.8;0.618;49.987;467.5;10575230.4;0.0;42900194.6;0.0;2374871.2;112.2;6124848.0;480.8;12882312.9;0.0;43326626.2;2.269;227.085;0.972;75.4;6843715.2;0.0;46057057.5;0.0;2306043.6;339.2;5922852.1;347.5;9580675.6;0.0;46645541.6;1.573;227.331;0.217;105.1;16479046.9;0.0;43635203.0;0.0;3104957.1;373.3;3756507.5;387.8;18259579.6;0.0;44132423.7;1.808;227.541;0.271
Wed Dec  1 04:39:01 2021;1638329941.873174246;478.5;31791216.6;0.0;130485670.0;0.0;6975532.8;1015.7;14993883.9;1122.7;37180642.9;0.0;131864810.8;0.426;49.986;297.6;10575236.6;0.0;42900194.6;0.0;2374871.2;303.7;6124851.8;425.2;12882320.5;0.0;43326626.2;2.036;227.322;0.700;75.8;6843716.5;0.0;46057057.5;0.0;2306043.6;339.9;5922857.7;348.2;9580681.4;0.0;46645541.6;1.576;227.515;0.218;105.0;16479048.6;0.0;43635203.0;0.0;3104957.1;372.1;3756513.7;386.6;18259586.0;0.0;44132423.7;1.804;227.285;0.272
Wed Dec  1 04:40:01 2021;1638330001.873213551;443.4;31791224.1;0.0;130485670.0;0.0;6975532.8;1009.1;14993900.7;1102.2;37180661.4;0.0;131864810.8;0.402;49.975;265.0;10575241.1;0.0;42900194.6;0.0;2374871.2;300.4;6124856.8;400.6;12882327.2;0.0;43326626.2;1.929;227.322;0.662;75.9;6843717.7;0.0;46057057.5;0.0;2306043.6;339.2;5922863.4;347.6;9580687.2;0.0;46645541.6;1.575;227.311;0.218;102.5;16479050.4;0.0;43635203.0;0.0;3104957.1;369.5;3756519.9;383.4;18259592.5;0.0;44132423.7;1.788;227.398;0.267
Wed Dec  1 04:41:01 2021;1638330061.873821520;474.1;31791231.9;0.0;130485670.0;0.0;6975532.8;1006.4;14993917.5;1112.4;37180679.9;0.0;131864810.8;0.426;49.973;293.9;10575245.9;0.0;42900194.6;0.0;2374871.2;300.3;6124861.7;420.2;12882334.2;0.0;43326626.2;2.014;227.062;0.699;77.7;6843719.0;0.0;46057057.5;0.0;2306043.6;337.6;5922869.0;346.4;9580693.0;0.0;46645541.6;1.572;227.159;0.224;102.4;16479052.1;0.0;43635203.0;0.0;3104957.1;368.4;3756526.1;382.4;18259598.8;0.0;44132423.7;1.785;227.147;0.268
Wed Dec  1 04:42:01 2021;1638330121.829605302;474.8;31791239.8;0.0;130485670.0;0.0;6975532.8;1008.9;14993934.3;1115.1;37180698.5;0.0;131864810.8;0.426;49.974;295.1;10575250.8;0.0;42900194.6;0.0;2374871.2;300.7;6124866.7;421.3;12882341.2;0.0;43326626.2;2.016;227.318;0.700;77.6;6843720.3;0.0;46057057.5;0.0;2306043.6;338.6;5922874.7;347.4;9580698.8;0.0;46645541.6;1.574;227.411;0.223;102.1;16479053.8;0.0;43635203.0;0.0;3104957.1;369.7;3756532.2;383.5;18259605.2;0.0;44132423.7;1.788;227.415;0.266
Wed Dec  1 04:43:01 2021;1638330181.815294031;477.0;31791247.8;0.0;130485670.0;0.0;6975532.8;1011.1;14993951.1;1118.0;37180717.1;0.0;131864810.8;0.427;49.978;296.6;10575255.8;0.0;42900194.6;0.0;2374871.2;301.5;6124871.7;422.9;12882348.2;0.0;43326626.2;2.021;227.720;0.701;78.5;6843721.6;0.0;46057057.5;0.0;2306043.6;339.3;5922880.3;348.3;9580704.6;0.0;46645541.6;1.577;227.786;0.225;102.0;16479055.5;0.0;43635203.0;0.0;3104957.1;370.3;3756538.4;384.1;18259611.6;0.0;44132423.7;1.787;227.839;0.265
Wed Dec  1 04:44:01 2021;1638330241.801414967;477.6;31791255.7;0.0;130485670.0;0.0;6975532.8;1008.9;14993968.0;1116.2;37180735.7;0.0;131864810.8;0.428;49.988;296.3;10575260.7;0.0;42900194.6;0.0;2374871.2;300.8;6124876.8;422.2;12882355.3;0.0;43326626.2;2.019;227.401;0.702;78.1;6843722.9;0.0;46057057.5;0.0;2306043.6;338.3;5922886.0;347.2;9580710.4;0.0;46645541.6;1.574;227.372;0.225;103.1;16479057.2;0.0;43635203.0;0.0;3104957.1;369.8;3756544.6;383.9;18259618.0;0.0;44132423.7;1.789;227.461;0.269
Wed Dec  1 04:45:02 2021;1638330302.287900227;480.7;31791263.8;0.0;130485670.0;0.0;6975532.8;1013.5;14993985.0;1121.7;37180754.6;0.0;131864810.8;0.429;49.976;297.6;10575265.7;0.0;42900194.6;0.0;2374871.2;301.2;6124881.8;423.4;12882362.4;0.0;43326626.2;2.023;227.524;0.703;78.3;6843724.3;0.0;46057057.5;0.0;2306043.6;339.0;5922891.7;348.0;9580716.3;0.0;46645541.6;1.576;227.599;0.225;104.8;16479058.9;0.0;43635203.0;0.0;3104957.1;373.3;3756550.9;387.7;18259624.5;0.0;44132423.7;1.806;227.564;0.270
Wed Dec  1 04:46:01 2021;1638330361.773148762;511.4;31791272.2;0.0;130485670.0;0.0;6975532.8;1008.9;14994001.7;1131.1;37180773.3;0.0;131864810.8;0.452;49.985;328.8;10575271.1;0.0;42900194.6;0.0;2374871.2;300.9;6124886.8;445.7;12882369.7;0.0;43326626.2;2.136;226.579;0.738;77.0;6843725.6;0.0;46057057.5;0.0;2306043.6;337.4;5922897.3;346.1;9580722.0;0.0;46645541.6;1.575;226.609;0.222;105.5;16479060.6;0.0;43635203.0;0.0;3104957.1;370.6;3756557.0;385.3;18259630.9;0.0;44132423.7;1.805;226.620;0.274
Wed Dec  1 04:47:01 2021;1638330421.772742288;1322.2;31791292.6;0.0;130485670.0;235.9;6975535.3;0.0;14994010.0;1343.1;37180798.9;0.0;131864810.8;0.984;49.977;543.7;10575280.3;0.0;42900194.6;115.6;2374872.4;0.0;6124889.3;555.8;12882380.1;0.0;43326626.2;2.572;226.541;0.978;360.1;6843730.7;0.0;46057057.5;84.8;2306044.6;0.0;5922900.0;370.0;9580729.5;0.0;46645541.6;1.670;226.550;0.973;418.4;16479066.6;0.0;43635203.0;35.6;3104957.6;0.0;3756560.1;419.9;18259639.2;0.0;44132423.7;1.999;226.530;0.996
Wed Dec  1 04:48:01 2021;1638330481.772912894;465.9;31791302.5;0.0;130485670.0;0.0;6975535.9;1010.0;14994024.5;1112.3;37180818.1;0.0;131864810.8;0.419;49.977;250.8;10575285.3;0.0;42900194.6;0.0;2374872.6;297.6;6124893.6;389.2;12882387.0;0.0;43326626.2;1.899;226.896;0.644;77.2;6843732.7;0.0;46057057.5;0.0;2306044.7;337.8;5922904.9;346.5;9580735.4;0.0;46645541.6;1.577;226.876;0.223;137.9;16479069.6;0.0;43635203.0;0.0;3104957.7;374.6;3756565.4;399.2;18259645.9;0.0;44132423.7;1.932;226.826;0.346
Wed Dec  1 04:49:01 2021;1638330541.754240907;467.8;31791310.3;0.0;130485670.0;0.0;6975535.9;1013.5;14994041.4;1116.2;37180836.7;0.0;131864810.8;0.419;49.976;252.0;10575289.5;0.0;42900194.6;0.0;2374872.6;298.7;6124898.5;390.8;12882393.5;0.0;43326626.2;1.903;227.189;0.645;77.8;6843734.0;0.0;46057057.5;0.0;2306044.7;338.7;5922910.5;347.5;9580741.1;0.0;46645541.6;1.578;227.134;0.224;138.0;16479071.9;0.0;43635203.0;0.0;3104957.7;376.2;3756571.7;400.7;18259652.5;0.0;44132423.7;1.937;227.223;0.344
Wed Dec  1 04:50:01 2021;1638330601.720055682;447.7;31791318.0;0.0;130485670.0;0.0;6975535.9;1012.8;14994058.2;1107.3;37180855.2;0.0;131864810.8;0.404;50.011;251.9;10575293.7;0.0;42900194.6;0.0;2374872.6;298.6;6124903.5;390.6;12882400.0;0.0;43326626.2;1.903;226.917;0.645;58.6;6843735.3;0.0;46057057.5;0.0;2306044.7;339.1;5922916.2;344.1;9580746.9;0.0;46645541.6;1.542;226.926;0.170;137.2;16479074.2;0.0;43635203.0;0.0;3104957.7;375.1;3756577.9;399.5;18259659.2;0.0;44132423.7;1.933;226.990;0.344
Wed Dec  1 04:51:01 2021;1638330661.702914563;448.5;31791325.5;0.0;130485670.0;0.0;6975535.9;1009.8;14994075.1;1104.9;37180873.7;0.0;131864810.8;0.406;50.033;255.7;10575297.9;0.0;42900194.6;0.0;2374872.6;298.8;6124908.5;393.3;12882406.5;0.0;43326626.2;1.918;226.859;0.650;58.4;6843736.3;0.0;46057057.5;0.0;2306044.7;339.1;5922921.8;344.1;9580752.7;0.0;46645541.6;1.541;226.896;0.170;134.4;16479076.4;0.0;43635203.0;0.0;3104957.7;371.8;3756584.2;395.4;18259665.8;0.0;44132423.7;1.914;226.898;0.340
Wed Dec  1 04:52:01 2021;1638330721.690507209;419.1;31791332.8;0.0;130485670.0;0.0;6975535.9;1011.0;14994091.9;1094.4;37180892.0;0.0;131864810.8;0.383;50.018;223.2;10575302.0;0.0;42900194.6;0.0;2374872.6;296.3;6124913.5;371.0;12882413.0;0.0;43326626.2;1.820;227.021;0.602;58.8;6843737.2;0.0;46057057.5;0.0;2306044.7;339.5;5922927.5;344.5;9580758.4;0.0;46645541.6;1.542;227.074;0.171;137.1;16479078.7;0.0;43635203.0;0.0;3104957.7;375.2;3756590.4;399.5;18259672.4;0.0;44132423.7;1.934;227.031;0.343
Wed Dec  1 04:53:01 2021;1638330781.675115333;418.1;31791339.7;0.0;130485670.0;0.0;6975535.9;1008.8;14994108.7;1092.0;37180910.2;0.0;131864810.8;0.383;50.007;222.8;10575305.7;0.0;42900194.6;0.0;2374872.6;295.4;6124918.4;370.0;12882419.1;0.0;43326626.2;1.819;226.870;0.602;58.3;6843738.2;0.0;46057057.5;0.0;2306044.7;338.7;5922933.1;343.6;9580764.1;0.0;46645541.6;1.540;226.880;0.170;136.9;16479080.9;0.0;43635203.0;0.0;3104957.7;374.8;3756596.6;399.0;18259679.1;0.0;44132423.7;1.931;226.903;0.343
Wed Dec  1 04:54:01 2021;1638330841.673690623;416.2;31791346.7;0.0;130485670.0;0.0;6975535.9;1011.3;14994125.6;1093.6;37180928.5;0.0;131864810.8;0.381;50.008;219.2;10575309.3;0.0;42900194.6;0.0;2374872.6;295.7;6124923.3;368.1;12882425.3;0.0;43326626.2;1.807;227.186;0.596;58.7;6843739.2;0.0;46057057.5;0.0;2306044.7;339.6;5922938.8;344.7;9580769.9;0.0;46645541.6;1.542;227.142;0.170;138.2;16479083.2;0.0;43635203.0;0.0;3104957.7;375.9;3756602.9;400.5;18259685.8;0.0;44132423.7;1.936;227.175;0.345
Wed Dec  1 04:55:01 2021;1638330901.673691823;4855.0;31791364.9;0.0;130485670.0;1944.6;6975539.6;0.0;14994140.5;5229.9;37180956.1;0.0;131864810.8;0.928;50.018;1604.0;10575315.8;0.0;42900194.6;756.3;2374874.1;0.0;6124927.7;1773.4;12882434.2;0.0;43326626.2;7.852;226.675;0.905;1406.1;6843742.8;0.0;46057057.5;618.2;2306045.9;0.0;5922943.7;1536.0;9580777.9;0.0;46645541.6;6.784;226.691;0.915;1844.8;16479091.3;0.0;43635203.0;570.1;3104958.8;0.0;3756608.5;1930.9;18259696.9;0.0;44132423.7;8.565;226.168;0.955
Wed Dec  1 04:56:01 2021;1638330961.634779675;694.5;31791451.9;0.0;130485670.0;0.0;6975570.9;1022.1;14994141.9;1235.7;37181049.4;0.0;131864810.8;0.562;50.033;222.7;10575344.4;0.0;42900194.6;0.0;2374886.4;295.2;6124928.1;369.8;12882465.6;0.0;43326626.2;1.822;226.659;0.602;59.9;6843768.2;0.0;46057057.5;0.0;2306055.6;337.5;5922944.2;342.8;9580805.4;0.0;46645541.6;1.538;226.662;0.175;411.8;16479124.4;0.0;43635203.0;0.0;3104968.0;389.4;3756609.0;566.8;18259731.5;0.0;44132423.7;2.624;227.161;0.727
Wed Dec  1 04:57:02 2021;1638331022.118266886;451.2;31791463.5;0.0;130485670.0;0.0;6975570.9;1016.0;14994159.1;1111.7;37181070.2;0.0;131864810.8;0.406;50.062;253.8;10575348.5;0.0;42900194.6;0.0;2374886.4;299.3;6124933.1;392.4;12882472.1;0.0;43326626.2;1.917;226.914;0.647;59.4;6843769.2;0.0;46057057.5;0.0;2306055.6;338.3;5922949.9;343.5;9580811.2;0.0;46645541.6;1.541;226.815;0.173;138.0;16479130.9;0.0;43635203.0;0.0;3104968.0;378.4;3756615.6;402.8;18259740.8;0.0;44132423.7;1.944;227.700;0.343
Wed Dec  1 04:58:02 2021;1638331082.104564255;452.9;31791471.0;0.0;130485670.0;0.0;6975570.9;1012.9;14994176.0;1109.6;37181088.7;0.0;131864810.8;0.408;50.039;255.4;10575352.7;0.0;42900194.6;0.0;2374886.4;298.1;6124938.0;392.6;12882478.6;0.0;43326626.2;1.920;226.669;0.651;59.7;6843770.2;0.0;46057057.5;0.0;2306055.6;337.2;5922955.5;342.5;9580816.9;0.0;46645541.6;1.538;226.533;0.174;137.9;16479133.2;0.0;43635203.0;0.0;3104968.0;377.5;3756621.8;401.9;18259747.5;0.0;44132423.7;1.941;227.471;0.343
Wed Dec  1 04:59:02 2021;1638331142.090586294;462.1;31791478.9;0.0;130485670.0;0.0;6975570.9;1010.9;14994192.9;1111.5;37181107.3;0.0;131864810.8;0.416;50.064;268.3;10575357.3;0.0;42900194.6;0.0;2374886.4;298.5;6124943.0;401.3;12882485.4;0.0;43326626.2;1.991;226.857;0.668;60.1;6843771.2;0.0;46057057.5;0.0;2306055.6;337.9;5922961.1;343.2;9580822.6;0.0;46645541.6;1.540;226.707;0.175;133.7;16479135.4;0.0;43635203.0;0.0;3104968.0;374.5;3756628.1;397.7;18259754.2;0.0;44132423.7;1.918;227.615;0.336
Wed Dec  1 05:00:02 2021;1638331202.076937998;462.0;31791486.6;0.0;130485670.0;0.0;6975570.9;1014.5;14994209.8;1114.7;37181125.9;0.0;131864810.8;0.414;50.069;266.0;10575361.8;0.0;42900194.6;0.0;2374886.4;299.6;6124948.0;400.6;12882492.1;0.0;43326626.2;1.977;227.221;0.664;60.6;6843772.2;0.0;46057057.5;0.0;2306055.6;338.4;5922966.8;343.7;9580828.3;0.0;46645541.6;1.540;226.984;0.176;135.5;16479137.7;0.0;43635203.0;0.0;3104968.0;376.6;3756634.4;400.2;18259760.9;0.0;44132423.7;1.931;227.234;0.339
Wed Dec  1 05:01:02 2021;1638331262.072972312;449.9;31791494.1;0.0;130485670.0;0.0;6975570.9;1009.9;14994226.7;1105.6;37181144.3;0.0;131864810.8;0.407;50.029;254.6;10575366.0;0.0;42900194.6;0.0;2374886.4;298.2;6124953.0;392.1;12882498.6;0.0;43326626.2;1.913;226.556;0.649;58.5;6843773.2;0.0;46057057.5;0.0;2306055.6;337.5;5922972.4;342.5;9580834.1;0.0;46645541.6;1.538;226.343;0.171;136.8;16479140.0;0.0;43635203.0;0.0;3104968.0;374.3;3756640.7;398.5;18259767.5;0.0;44132423.7;1.932;226.579;0.343
Wed Dec  1 05:02:02 2021;1638331322.073862723;415.8;31791501.1;0.0;130485670.0;0.0;6975570.9;1002.3;14994243.4;1085.1;37181162.5;0.0;131864810.8;0.383;49.988;221.2;10575369.8;0.0;42900194.6;0.0;2374886.4;293.5;6124957.9;367.5;12882504.8;0.0;43326626.2;1.813;226.237;0.602;58.5;6843774.1;0.0;46057057.5;0.0;2306055.6;336.4;5922978.0;341.4;9580839.8;0.0;46645541.6;1.536;226.102;0.171;136.1;16479142.3;0.0;43635203.0;0.0;3104968.0;372.4;3756646.9;396.5;18259774.1;0.0;44132423.7;1.926;226.290;0.343
Wed Dec  1 05:03:02 2021;1638331382.534510620;380.5;31791508.1;0.0;130485670.0;0.0;6975570.9;1003.6;14994260.3;1073.3;37181180.7;0.0;131864810.8;0.354;49.982;188.8;10575373.5;0.0;42900194.6;0.0;2374886.4;294.4;6124962.8;349.8;12882511.0;0.0;43326626.2;1.741;226.792;0.540;58.0;6843775.1;0.0;46057057.5;0.0;2306055.6;337.8;5922983.7;342.7;9580845.5;0.0;46645541.6;1.537;226.606;0.169;133.6;16479144.5;0.0;43635203.0;0.0;3104968.0;371.4;3756653.1;394.7;18259780.8;0.0;44132423.7;1.909;226.820;0.338
Wed Dec  1 05:04:01 2021;1638331441.519990641;379.3;31791514.3;0.0;130485670.0;0.0;6975570.9;1002.6;14994276.7;1072.0;37181198.3;0.0;131864810.8;0.354;49.957;187.7;10575376.6;0.0;42900194.6;0.0;2374886.4;293.9;6124967.7;348.8;12882516.7;0.0;43326626.2;1.734;226.845;0.538;58.2;6843776.1;0.0;46057057.5;0.0;2306055.6;337.7;5922989.2;342.7;9580851.1;0.0;46645541.6;1.537;226.601;0.170;133.4;16479146.7;0.0;43635203.0;0.0;3104968.0;371.0;3756659.2;394.2;18259787.2;0.0;44132423.7;1.909;226.827;0.338
Wed Dec  1 05:05:01 2021;1638331501.505815521;384.4;31791520.6;0.0;130485670.0;0.0;6975570.9;1005.3;14994293.5;1076.3;37181216.2;0.0;131864810.8;0.357;49.980;188.8;10575379.7;0.0;42900194.6;0.0;2374886.4;294.2;6124972.6;349.5;12882522.5;0.0;43326626.2;1.735;226.691;0.540;59.1;6843777.1;0.0;46057057.5;0.0;2306055.6;337.1;5922994.8;342.3;9580856.8;0.0;46645541.6;1.537;226.432;0.173;136.5;16479148.9;0.0;43635203.0;0.0;3104968.0;374.0;3756665.4;398.1;18259793.8;0.0;44132423.7;1.926;226.722;0.343
Wed Dec  1 05:06:01 2021;1638331561.492413897;386.2;31791527.0;0.0;130485670.0;0.0;6975570.9;1009.2;14994310.2;1080.6;37181234.2;0.0;131864810.8;0.357;49.940;190.0;10575382.9;0.0;42900194.6;0.0;2374886.4;295.2;6124977.5;351.0;12882528.4;0.0;43326626.2;1.739;227.218;0.541;58.9;6843778.0;0.0;46057057.5;0.0;2306055.6;338.6;5923000.5;343.6;9580862.6;0.0;46645541.6;1.539;227.022;0.171;137.3;16479151.2;0.0;43635203.0;0.0;3104968.0;375.5;3756671.7;399.8;18259800.5;0.0;44132423.7;1.929;227.273;0.343
Wed Dec  1 05:07:01 2021;1638331621.477878573;384.8;31791533.4;0.0;130485670.0;0.0;6975570.9;1025.6;14994327.1;1095.4;37181252.3;0.0;131864810.8;0.351;49.959;189.4;10575386.0;0.0;42900194.6;0.0;2374886.4;299.3;6124982.4;354.2;12882534.2;0.0;43326626.2;1.736;229.173;0.535;59.2;6843779.0;0.0;46057057.5;0.0;2306055.6;344.5;5923006.1;349.6;9580868.3;0.0;46645541.6;1.551;228.990;0.169;136.3;16479153.5;0.0;43635203.0;0.0;3104968.0;381.7;3756678.0;405.3;18259807.2;0.0;44132423.7;1.935;229.205;0.336
Wed Dec  1 05:08:01 2021;1638331681.973039892;384.3;31791539.9;0.0;130485670.0;0.0;6975570.9;1019.1;14994344.3;1089.2;37181270.6;0.0;131864810.8;0.353;49.965;190.0;10575389.2;0.0;42900194.6;0.0;2374886.4;298.4;6124987.5;353.8;12882540.2;0.0;43326626.2;1.742;228.711;0.537;59.2;6843780.0;0.0;46057057.5;0.0;2306055.6;343.3;5923011.9;348.3;9580874.2;0.0;46645541.6;1.549;228.557;0.170;135.0;16479155.8;0.0;43635203.0;0.0;3104968.0;377.4;3756684.4;400.8;18259814.0;0.0;44132423.7;1.918;228.782;0.337
Wed Dec  1 05:09:01 2021;1638331741.972893150;385.3;31791546.3;0.0;130485670.0;0.0;6975570.9;1026.1;14994361.4;1096.1;37181288.9;0.0;131864810.8;0.352;49.985;190.4;10575392.4;0.0;42900194.6;0.0;2374886.4;299.4;6124992.4;354.8;12882546.1;0.0;43326626.2;1.741;229.237;0.537;59.0;6843781.0;0.0;46057057.5;0.0;2306055.6;344.6;5923017.6;349.6;9580880.0;0.0;46645541.6;1.551;229.069;0.169;135.9;16479158.0;0.0;43635203.0;0.0;3104968.0;382.1;3756690.7;405.5;18259820.7;0.0;44132423.7;1.933;229.335;0.335
Wed Dec  1 05:10:01 2021;1638331801.942695714;469.3;31791554.3;0.0;130485670.0;0.0;6975570.9;1028.6;14994378.4;1130.5;37181307.8;0.0;131864810.8;0.415;49.975;274.0;10575397.1;0.0;42900194.6;0.0;2374886.5;302.8;6124997.4;408.4;12882553.0;0.0;43326626.2;1.952;229.059;0.671;59.2;6843782.0;0.0;46057057.5;0.0;2306055.6;344.4;5923023.4;349.4;9580885.8;0.0;46645541.6;1.551;228.944;0.169;136.0;16479160.3;0.0;43635203.0;0.0;3104968.0;381.3;3756697.1;404.9;18259827.5;0.0;44132423.7;1.933;229.155;0.336
Wed Dec  1 05:11:01 2021;1638331861.921824973;538.0;31791563.4;0.0;130485670.0;0.0;6975570.9;1042.3;14994395.3;1172.9;37181327.1;0.0;131864810.8;0.459;50.006;341.9;10575402.9;0.0;42900194.6;0.0;2374886.6;313.0;6125002.2;463.5;12882560.8;0.0;43326626.2;2.177;229.483;0.738;59.5;6843783.0;0.0;46057057.5;0.0;2306055.6;346.2;5923029.1;351.2;9580891.7;0.0;46645541.6;1.556;229.493;0.169;136.5;16479162.6;0.0;43635203.0;0.0;3104968.0;383.2;3756703.4;406.8;18259834.2;0.0;44132423.7;1.936;229.651;0.336
Wed Dec  1 05:12:01 2021;1638331921.907992983;533.6;31791572.2;0.0;130485670.0;0.0;6975570.9;1039.2;14994412.6;1168.2;37181346.6;0.0;131864810.8;0.457;49.985;339.4;10575408.5;0.0;42900194.6;0.0;2374886.6;314.0;6125007.4;462.4;12882568.5;0.0;43326626.2;2.181;229.405;0.734;59.4;6843784.0;0.0;46057057.5;0.0;2306055.6;345.5;5923034.9;350.6;9580897.5;0.0;46645541.6;1.553;229.359;0.170;134.8;16479164.8;0.0;43635203.0;0.0;3104968.0;379.6;3756709.8;402.8;18259841.0;0.0;44132423.7;1.920;229.498;0.335
Wed Dec  1 05:13:01 2021;1638331981.894433950;524.4;31791581.0;0.0;130485670.0;0.0;6975570.9;1038.2;14994429.9;1163.1;37181365.9;0.0;131864810.8;0.451;49.989;329.7;10575414.0;0.0;42900194.6;0.0;2374886.6;313.7;6125012.7;455.1;12882576.1;0.0;43326626.2;2.138;229.254;0.724;59.0;6843785.0;0.0;46057057.5;0.0;2306055.6;345.0;5923040.7;350.0;9580903.3;0.0;46645541.6;1.553;229.074;0.169;135.7;16479167.1;0.0;43635203.0;0.0;3104968.0;379.5;3756716.1;403.0;18259847.7;0.0;44132423.7;1.925;229.325;0.337
Wed Dec  1 05:14:01 2021;1638332041.879597240;521.6;31791589.7;0.0;130485670.0;0.0;6975570.9;1038.0;14994447.2;1161.7;37181385.3;0.0;131864810.8;0.449;50.015;325.5;10575419.5;0.0;42900194.6;0.0;2374886.6;312.9;6125017.9;451.5;12882583.6;0.0;43326626.2;2.121;228.775;0.721;58.7;6843785.9;0.0;46057057.5;0.0;2306055.6;343.8;5923046.4;348.8;9580909.2;0.0;46645541.6;1.549;228.665;0.168;137.4;16479169.3;0.0;43635203.0;0.0;3104968.0;381.3;3756722.4;405.3;18259854.4;0.0;44132423.7;1.937;228.883;0.339
Wed Dec  1 05:15:01 2021;1638332101.875559955;524.5;31791598.4;0.0;130485670.0;0.0;6975570.9;1039.2;14994464.5;1164.1;37181404.7;0.0;131864810.8;0.451;50.009;328.0;10575424.9;0.0;42900194.6;0.0;2374886.6;310.3;6125023.0;451.5;12882591.1;0.0;43326626.2;2.139;227.626;0.726;59.3;6843786.9;0.0;46057057.5;0.0;2306055.6;346.0;5923052.2;351.1;9580915.0;0.0;46645541.6;1.556;229.285;0.169;137.3;16479171.6;0.0;43635203.0;0.0;3104968.0;382.9;3756728.8;406.8;18259861.2;0.0;44132423.7;1.938;229.408;0.337
Wed Dec  1 05:16:01 2021;1638332161.873751619;522.6;31791607.1;0.0;130485670.0;0.0;6975570.9;1035.0;14994481.8;1159.4;37181424.1;0.0;131864810.8;0.451;50.007;325.5;10575430.4;0.0;42900194.6;0.0;2374886.6;308.9;6125028.2;448.8;12882598.7;0.0;43326626.2;2.126;227.189;0.725;59.2;6843787.9;0.0;46057057.5;0.0;2306055.6;344.6;5923057.9;349.6;9580920.9;0.0;46645541.6;1.552;228.844;0.169;137.9;16479173.9;0.0;43635203.0;0.0;3104968.0;381.5;3756735.2;405.6;18259867.9;0.0;44132423.7;1.937;228.960;0.340
Wed Dec  1 05:17:01 2021;1638332221.873682067;547.7;31791616.2;0.0;130485670.0;0.0;6975570.9;1035.8;14994499.1;1171.7;37181443.6;0.0;131864810.8;0.467;50.010;353.4;10575436.2;0.0;42900194.6;0.0;2374886.6;312.2;6125033.4;471.5;12882606.4;0.0;43326626.2;2.218;227.376;0.749;58.8;6843788.9;0.0;46057057.5;0.0;2306055.6;344.9;5923063.7;349.9;9580926.7;0.0;46645541.6;1.552;228.985;0.168;135.5;16479176.2;0.0;43635203.0;0.0;3104968.0;378.7;3756741.5;402.2;18259874.7;0.0;44132423.7;1.920;229.034;0.337
Wed Dec  1 05:18:01 2021;1638332281.823212282;549.5;31791625.3;0.0;130485670.0;0.0;6975570.9;1036.1;14994516.4;1172.8;37181463.1;0.0;131864810.8;0.469;50.023;354.9;10575442.1;0.0;42900194.6;0.0;2374886.6;312.1;6125038.6;472.6;12882614.3;0.0;43326626.2;2.225;227.351;0.751;59.5;6843789.9;0.0;46057057.5;0.0;2306055.6;345.3;5923069.4;350.4;9580932.5;0.0;46645541.6;1.553;229.083;0.170;135.1;16479178.4;0.0;43635203.0;0.0;3104968.0;378.7;3756747.8;402.1;18259881.4;0.0;44132423.7;1.918;229.111;0.336
Wed Dec  1 05:19:01 2021;1638332341.809129030;524.2;31791634.4;0.0;130485670.0;0.0;6975570.9;1034.4;14994533.7;1159.7;37181482.6;0.0;131864810.8;0.452;49.984;356.8;10575448.0;0.0;42900194.6;0.0;2374886.6;312.3;6125043.8;474.2;12882622.2;0.0;43326626.2;2.232;227.288;0.752;59.1;6843790.9;0.0;46057057.5;0.0;2306055.6;344.8;5923075.2;349.8;9580938.4;0.0;46645541.6;1.553;228.956;0.169;108.3;16479180.6;0.0;43635203.0;0.0;3104968.0;377.3;3756754.2;392.5;18259888.1;0.0;44132423.7;1.820;229.057;0.276
Wed Dec  1 05:20:01 2021;1638332401.795607988;447.7;31791641.9;0.0;130485670.0;0.0;6975570.9;1027.8;14994550.8;1121.1;37181501.4;0.0;131864810.8;0.399;49.989;280.3;10575452.8;0.0;42900194.6;0.0;2374886.6;307.3;6125049.0;415.9;12882629.2;0.0;43326626.2;1.998;227.049;0.674;59.0;6843791.9;0.0;46057057.5;0.0;2306055.6;343.9;5923080.9;348.9;9580944.2;0.0;46645541.6;1.551;228.686;0.169;108.4;16479182.4;0.0;43635203.0;0.0;3104968.0;376.6;3756760.5;391.9;18259894.6;0.0;44132423.7;1.819;228.756;0.277
Wed Dec  1 05:21:01 2021;1638332461.780700665;452.1;31791649.5;0.0;130485670.0;0.0;6975570.9;1026.7;14994567.9;1121.9;37181520.1;0.0;131864810.8;0.403;49.987;278.1;10575457.4;0.0;42900194.6;0.0;2374886.6;307.0;6125054.1;414.2;12882636.1;0.0;43326626.2;1.990;227.077;0.671;59.2;6843792.9;0.0;46057057.5;0.0;2306055.6;343.5;5923086.6;348.6;9580950.0;0.0;46645541.6;1.550;228.565;0.170;114.8;16479184.3;0.0;43635203.0;0.0;3104968.0;376.2;3756766.7;393.4;18259901.2;0.0;44132423.7;1.819;228.700;0.292
Wed Dec  1 05:22:01 2021;1638332521.773634091;452.1;31791657.0;0.0;130485670.0;0.0;6975570.9;1025.1;14994585.0;1120.4;37181538.8;0.0;131864810.8;0.404;49.972;278.5;10575462.1;0.0;42900194.6;0.0;2374886.6;306.8;6125059.2;414.4;12882643.0;0.0;43326626.2;1.991;226.846;0.672;58.8;6843793.8;0.0;46057057.5;0.0;2306055.6;343.0;5923092.4;348.0;9580955.8;0.0;46645541.6;1.548;228.372;0.169;114.8;16479186.2;0.0;43635203.0;0.0;3104968.0;375.2;3756773.0;392.4;18259907.7;0.0;44132423.7;1.816;228.502;0.293
Wed Dec  1 05:23:01 2021;1638332581.773863809;1351.5;31791675.1;0.0;130485670.0;244.3;6975573.5;0.0;14994593.1;1373.4;37181562.4;0.0;131864810.8;0.984;49.988;580.5;10575470.3;0.0;42900194.6;110.4;2374887.7;0.0;6125061.6;591.0;12882652.4;0.0;43326626.2;2.714;227.045;0.982;360.8;6843798.4;0.0;46057057.5;81.8;2306056.5;0.0;5923095.1;370.0;9580962.7;0.0;46645541.6;1.637;228.706;0.975;410.1;16479191.6;0.0;43635203.0;52.1;3104968.7;0.0;3756775.9;413.4;18259915.3;0.0;44132423.7;1.892;228.714;0.992
Wed Dec  1 05:24:01 2021;1638332641.773925823;421.2;31791683.3;0.0;130485670.0;0.0;6975573.7;1025.0;14994609.5;1108.2;37181581.2;0.0;131864810.8;0.380;49.978;247.3;10575475.1;0.0;42900194.6;0.0;2374887.8;304.8;6125066.5;392.5;12882659.4;0.0;43326626.2;1.899;227.069;0.630;59.6;6843799.6;0.0;46057057.5;0.0;2306056.5;343.7;5923100.5;348.8;9580968.5;0.0;46645541.6;1.551;228.641;0.171;114.4;16479193.7;0.0;43635203.0;0.0;3104968.7;376.4;3756781.9;393.5;18259921.9;0.0;44132423.7;1.819;228.781;0.291
Wed Dec  1 05:25:02 2021;1638332702.225378790;362.1;31791689.7;0.0;130485670.0;0.0;6975573.7;1013.0;14994626.5;1075.8;37181599.5;0.0;131864810.8;0.337;49.999;189.2;10575478.6;0.0;42900194.6;0.0;2374887.8;296.3;6125071.5;351.6;12882665.5;0.0;43326626.2;1.733;227.217;0.538;60.6;6843800.6;0.0;46057057.5;0.0;2306056.5;343.1;5923106.3;348.4;9580974.4;0.0;46645541.6;1.547;228.771;0.174;112.2;16479195.6;0.0;43635203.0;0.0;3104968.7;373.6;3756788.2;390.1;18259928.5;0.0;44132423.7;1.802;228.804;0.288
Wed Dec  1 05:26:01 2021;1638332761.710487120;364.9;31791695.7;0.0;130485670.0;0.0;6975573.7;1016.0;14994643.3;1079.6;37181617.3;0.0;131864810.8;0.338;49.991;189.1;10575481.7;0.0;42900194.6;0.0;2374887.8;296.1;6125076.4;351.4;12882671.3;0.0;43326626.2;1.734;227.187;0.538;60.8;6843801.6;0.0;46057057.5;0.0;2306056.5;343.4;5923112.0;348.7;9580980.2;0.0;46645541.6;1.548;228.786;0.174;114.9;16479197.4;0.0;43635203.0;0.0;3104968.7;376.5;3756794.4;393.7;18259934.9;0.0;44132423.7;1.819;228.774;0.292
Wed Dec  1 05:27:01 2021;1638332821.695690650;363.7;31791701.7;0.0;130485670.0;0.0;6975573.7;1015.0;14994660.2;1078.2;37181635.2;0.0;131864810.8;0.337;49.997;188.5;10575484.8;0.0;42900194.6;0.0;2374887.8;295.9;6125081.3;350.8;12882677.2;0.0;43326626.2;1.732;227.235;0.537;61.4;6843802.6;0.0;46057057.5;0.0;2306056.5;342.9;5923117.7;348.4;9580986.0;0.0;46645541.6;1.549;228.704;0.176;113.9;16479199.3;0.0;43635203.0;0.0;3104968.7;376.2;3756800.7;393.1;18259941.5;0.0;44132423.7;1.817;228.739;0.290
Wed Dec  1 05:28:01 2021;1638332881.682021010;564.9;31791707.9;0.0;130485670.0;0.0;6975573.7;1018.7;14994677.2;1164.8;37181653.3;0.0;131864810.8;0.485;49.988;191.0;10575488.0;0.0;42900194.6;0.0;2374887.8;297.1;6125086.3;353.2;12882683.0;0.0;43326626.2;1.741;227.508;0.541;60.6;6843803.6;0.0;46057057.5;0.0;2306056.5;344.1;5923123.4;349.4;9580991.8;0.0;46645541.6;1.550;229.027;0.173;313.3;16479201.4;0.0;43635203.0;0.0;3104968.7;377.4;3756807.0;490.5;18259948.1;0.0;44132423.7;2.225;228.861;0.639
Wed Dec  1 05:29:01 2021;1638332941.675688871;559.2;31791717.3;0.0;130485670.0;0.0;6975573.7;1012.8;14994694.1;1157.0;37181672.6;0.0;131864810.8;0.483;50.012;190.0;10575491.1;0.0;42900194.6;0.0;2374887.8;296.9;6125091.2;352.5;12882688.9;0.0;43326626.2;1.740;227.399;0.539;60.8;6843804.6;0.0;46057057.5;0.0;2306056.5;343.1;5923129.1;348.5;9580997.6;0.0;46645541.6;1.548;228.675;0.174;308.5;16479206.6;0.0;43635203.0;0.0;3104968.7;372.8;3756813.2;483.9;18259956.2;0.0;44132423.7;2.199;228.577;0.638
Wed Dec  1 05:30:02 2021;1638333002.173791615;769.2;31791728.5;0.0;130485670.0;0.0;6975573.7;823.3;14994709.5;1126.8;37181691.8;0.0;131864810.8;0.683;49.982;395.4;10575496.1;0.0;42900194.6;0.0;2374887.8;99.1;6125094.5;407.6;12882695.3;0.0;43326626.2;1.987;224.800;0.970;60.4;6843805.7;0.0;46057057.5;0.0;2306056.5;346.5;5923135.0;351.7;9581003.5;0.0;46645541.6;1.558;229.503;0.172;313.4;16479211.8;0.0;43635203.0;0.0;3104968.7;377.8;3756819.6;490.9;18259964.5;0.0;44132423.7;2.226;229.245;0.638
Wed Dec  1 05:31:01 2021;1638333061.675502193;755.3;31791741.1;0.0;130485670.0;0.0;6975573.7;825.6;14994723.1;1119.0;37181710.4;0.0;131864810.8;0.675;50.017;383.0;10575502.5;0.0;42900194.6;0.0;2374887.8;100.9;6125096.1;396.1;12882701.9;0.0;43326626.2;1.934;224.863;0.967;59.6;6843806.6;0.0;46057057.5;0.0;2306056.5;346.6;5923140.7;351.7;9581009.3;0.0;46645541.6;1.556;229.546;0.169;312.8;16479217.0;0.0;43635203.0;0.0;3104968.7;378.0;3756825.8;490.6;18259972.6;0.0;44132423.7;2.223;229.277;0.637
Wed Dec  1 05:32:01 2021;1638333121.625703658;748.1;31791753.7;0.0;130485670.0;0.0;6975573.7;824.3;14994736.8;1113.2;37181729.0;0.0;131864810.8;0.672;50.003;376.0;10575508.9;0.0;42900194.6;0.0;2374887.8;101.5;6125097.8;389.5;12882708.5;0.0;43326626.2;1.908;224.678;0.965;59.7;6843807.6;0.0;46057057.5;0.0;2306056.5;345.6;5923146.5;350.7;9581015.2;0.0;46645541.6;1.554;229.205;0.170;312.3;16479222.2;0.0;43635203.0;0.0;3104968.7;377.3;3756832.1;489.8;18259980.7;0.0;44132423.7;2.221;229.029;0.638
Wed Dec  1 05:33:02 2021;1638333182.112053856;744.4;31791766.2;0.0;130485670.0;0.0;6975573.7;821.4;14994750.7;1108.6;37181747.7;0.0;131864810.8;0.672;49.968;376.4;10575515.2;0.0;42900194.6;0.0;2374887.8;103.6;6125099.5;390.4;12882715.0;0.0;43326626.2;1.918;224.290;0.964;59.9;6843808.6;0.0;46057057.5;0.0;2306056.5;344.9;5923152.3;350.0;9581021.0;0.0;46645541.6;1.554;228.917;0.171;308.2;16479227.4;0.0;43635203.0;0.0;3104968.7;372.9;3756838.4;483.8;18259988.9;0.0;44132423.7;2.199;228.735;0.637
Wed Dec  1 05:34:01 2021;1638333241.597690748;736.0;31791778.3;0.0;130485670.0;0.0;6975573.7;822.3;14994764.2;1103.6;37181765.9;0.0;131864810.8;0.667;49.985;367.6;10575521.3;0.0;42900194.6;0.0;2374887.8;103.6;6125101.2;381.9;12882721.4;0.0;43326626.2;1.880;224.447;0.963;59.6;6843809.6;0.0;46057057.5;0.0;2306056.5;345.3;5923157.9;350.5;9581026.8;0.0;46645541.6;1.554;229.099;0.170;308.8;16479232.5;0.0;43635203.0;0.0;3104968.7;373.3;3756844.5;484.5;18259996.9;0.0;44132423.7;2.202;228.950;0.637
Wed Dec  1 05:35:01 2021;1638333301.585194622;732.2;31791790.5;0.0;130485670.0;0.0;6975573.7;820.1;14994777.9;1099.4;37181784.2;0.0;131864810.8;0.666;49.950;363.2;10575527.4;0.0;42900194.6;0.0;2374887.8;103.7;6125103.0;377.7;12882727.7;0.0;43326626.2;1.864;224.259;0.962;60.1;6843810.6;0.0;46057057.5;0.0;2306056.5;344.4;5923163.7;349.6;9581032.7;0.0;46645541.6;1.552;228.876;0.172;309.0;16479237.6;0.0;43635203.0;0.0;3104968.7;372.1;3756850.8;483.6;18260005.0;0.0;44132423.7;2.201;228.704;0.639
Wed Dec  1 05:36:02 2021;1638333362.073125195;728.9;31791802.8;0.0;130485670.0;0.0;6975573.7;823.4;14994791.8;1099.6;37181802.7;0.0;131864810.8;0.663;49.954;357.9;10575533.4;0.0;42900194.6;0.0;2374887.8;104.1;6125104.7;372.8;12882734.0;0.0;43326626.2;1.844;224.056;0.960;59.5;6843811.6;0.0;46057057.5;0.0;2306056.5;343.9;5923169.5;349.0;9581038.5;0.0;46645541.6;1.551;228.720;0.170;311.4;16479242.9;0.0;43635203.0;0.0;3104968.7;375.3;3756857.1;487.7;18260013.1;0.0;44132423.7;2.222;228.541;0.639
Wed Dec  1 05:37:02 2021;1638333422.073185708;724.5;31791815.0;0.0;130485670.0;0.0;6975573.7;822.9;14994805.5;1096.4;37181821.1;0.0;131864810.8;0.661;49.958;355.2;10575539.4;0.0;42900194.6;0.0;2374887.8;104.1;6125106.4;370.2;12882740.2;0.0;43326626.2;1.835;224.041;0.960;59.3;6843812.6;0.0;46057057.5;0.0;2306056.5;343.8;5923175.2;348.9;9581044.4;0.0;46645541.6;1.550;228.678;0.170;310.0;16479248.0;0.0;43635203.0;0.0;3104968.7;374.9;3756863.3;486.5;18260021.3;0.0;44132423.7;2.216;228.507;0.637
Wed Dec  1 05:38:02 2021;1638333482.073118015;531.7;31791826.1;0.0;130485670.0;0.0;6975573.7;1009.8;14994820.2;1141.3;37181839.6;0.0;131864810.8;0.466;49.977;161.8;10575544.4;0.0;42900194.6;0.0;2374887.8;290.0;6125109.2;332.1;12882746.2;0.0;43326626.2;1.617;224.308;0.487;59.3;6843813.6;0.0;46057057.5;0.0;2306056.5;344.5;5923181.0;349.6;9581050.2;0.0;46645541.6;1.552;228.845;0.170;310.7;16479253.2;0.0;43635203.0;0.0;3104968.7;375.3;3756869.6;487.2;18260029.4;0.0;44132423.7;2.218;228.554;0.638
Wed Dec  1 05:39:02 2021;1638333542.027231685;503.7;31791834.6;0.0;130485670.0;0.0;6975573.7;1009.5;14994837.0;1128.2;37181858.5;0.0;131864810.8;0.446;49.979;134.2;10575546.7;0.0;42900194.6;0.0;2374887.8;290.3;6125114.0;319.8;12882751.6;0.0;43326626.2;1.566;224.212;0.420;59.3;6843814.6;0.0;46057057.5;0.0;2306056.5;344.1;5923186.7;349.2;9581056.0;0.0;46645541.6;1.551;228.734;0.170;310.2;16479258.4;0.0;43635203.0;0.0;3104968.7;375.1;3756875.8;486.8;18260037.5;0.0;44132423.7;2.216;228.466;0.637
Wed Dec  1 05:40:02 2021;1638333602.013400789;503.4;31791843.0;0.0;130485670.0;0.0;6975573.7;1010.7;14994853.9;1129.1;37181877.3;0.0;131864810.8;0.446;49.972;134.4;10575548.9;0.0;42900194.6;0.0;2374887.8;290.6;6125118.8;320.2;12882756.9;0.0;43326626.2;1.568;224.255;0.420;59.0;6843815.6;0.0;46057057.5;0.0;2306056.5;344.5;5923192.4;349.5;9581061.8;0.0;46645541.6;1.553;228.825;0.169;310.0;16479263.6;0.0;43635203.0;0.0;3104968.7;375.6;3756882.1;487.0;18260045.6;0.0;44132423.7;2.218;228.540;0.636
Wed Dec  1 05:41:01 2021;1638333661.998998024;505.0;31791851.4;0.0;130485670.0;0.0;6975573.7;1010.8;14994870.7;1130.0;37181896.1;0.0;131864810.8;0.447;49.989;135.0;10575551.2;0.0;42900194.6;0.0;2374887.8;290.8;6125123.7;320.6;12882762.3;0.0;43326626.2;1.571;224.221;0.421;59.4;6843816.6;0.0;46057057.5;0.0;2306056.5;344.4;5923198.2;349.5;9581067.7;0.0;46645541.6;1.553;228.820;0.170;310.6;16479268.7;0.0;43635203.0;0.0;3104968.7;375.7;3756888.3;487.4;18260053.7;0.0;44132423.7;2.219;228.612;0.637
Wed Dec  1 05:42:01 2021;1638333721.985350466;584.3;31791860.6;0.0;130485670.0;0.0;6975573.7;1010.9;14994887.4;1167.6;37181915.3;0.0;131864810.8;0.500;49.984;217.4;10575554.2;0.0;42900194.6;0.0;2374887.8;292.7;6125128.5;364.7;12882768.1;0.0;43326626.2;1.753;224.478;0.596;59.5;6843817.6;0.0;46057057.5;0.0;2306056.5;345.5;5923203.9;350.6;9581073.5;0.0;46645541.6;1.556;229.148;0.170;307.4;16479273.9;0.0;43635203.0;0.0;3104968.7;372.7;3756894.6;483.1;18260061.8;0.0;44132423.7;2.197;228.847;0.636
Wed Dec  1 05:43:01 2021;1638333781.973554565;581.5;31791870.3;0.0;130485670.0;0.0;6975573.7;1013.0;14994904.3;1168.1;37181934.8;0.0;131864810.8;0.498;49.965;213.2;10575557.8;0.0;42900194.6;0.0;2374887.8;293.3;6125133.3;362.6;12882774.2;0.0;43326626.2;1.742;223.999;0.588;58.8;6843818.6;0.0;46057057.5;0.0;2306056.5;344.1;5923209.7;349.1;9581079.3;0.0;46645541.6;1.551;228.769;0.168;309.6;16479279.0;0.0;43635203.0;0.0;3104968.7;375.6;3756900.8;486.7;18260069.9;0.0;44132423.7;2.201;229.810;0.636
Wed Dec  1 05:44:01 2021;1638333841.972853517;612.5;31791880.2;0.0;130485670.0;0.0;6975573.7;1023.2;14994921.3;1192.6;37181954.4;0.0;131864810.8;0.514;49.966;239.7;10575561.5;0.0;42900194.6;0.0;2374887.8;296.9;6125138.3;381.6;12882780.3;0.0;43326626.2;1.819;224.268;0.628;59.1;6843819.5;0.0;46057057.5;0.0;2306056.5;345.5;5923215.4;350.5;9581085.2;0.0;46645541.6;1.554;229.186;0.169;313.8;16479284.2;0.0;43635203.0;0.0;3104968.7;380.8;3756907.2;493.4;18260078.1;0.0;44132423.7;2.226;230.173;0.636
Wed Dec  1 05:45:01 2021;1638333901.973112716;435.4;31791888.8;0.0;130485670.0;0.0;6975573.7;1112.5;14994938.8;1194.7;37181974.0;0.0;131864810.8;0.364;49.983;260.6;10575565.6;0.0;42900194.6;0.0;2374887.8;389.2;6125143.7;468.4;12882787.2;0.0;43326626.2;2.190;223.681;0.556;59.0;6843820.5;0.0;46057057.5;0.0;2306056.5;344.1;5923221.2;349.1;9581091.0;0.0;46645541.6;1.553;228.601;0.169;115.9;16479287.8;0.0;43635203.0;0.0;3104968.7;379.2;3756913.5;396.5;18260085.5;0.0;44132423.7;1.825;229.841;0.292
Wed Dec  1 05:46:01 2021;1638333961.929481306;785.0;31791897.3;0.0;130485670.0;0.0;6975573.7;1083.7;14994956.8;1338.2;37181994.0;0.0;131864810.8;0.587;49.956;557.8;10575571.1;0.0;42900194.6;0.0;2374887.8;363.6;6125149.6;665.8;12882795.3;0.0;43326626.2;3.049;224.054;0.838;109.4;6843821.6;0.0;46057057.5;0.0;2306056.5;340.6;5923226.9;357.7;9581096.8;0.0;46645541.6;1.646;229.158;0.306;117.8;16479289.7;0.0;43635203.0;0.0;3104968.7;379.6;3756919.8;397.4;18260092.1;0.0;44132423.7;1.825;230.303;0.296
Wed Dec  1 05:47:01 2021;1638334021.915569470;2352.5;31791931.3;0.0;130485670.0;0.0;6975573.7;642.4;14994969.3;2438.7;37182030.5;0.0;131864810.8;0.965;49.978;836.3;10575584.3;0.0;42900194.6;0.0;2374887.8;217.6;6125153.8;864.1;12882809.2;0.0;43326626.2;3.973;224.187;0.968;793.8;6843832.6;0.0;46057057.5;0.0;2306056.5;200.0;5923230.8;818.6;9581108.6;0.0;46645541.6;3.724;228.887;0.970;722.4;16479299.5;0.0;43635203.0;0.0;3104968.7;224.8;3756924.2;756.6;18260103.1;0.0;44132423.7;3.430;230.185;0.955
Wed Dec  1 05:48:01 2021;1638334081.901489013;2344.5;31791970.4;0.0;130485670.0;0.0;6975573.7;644.6;14994980.0;2431.5;37182071.0;0.0;131864810.8;0.964;49.979;837.7;10575598.2;0.0;42900194.6;0.0;2374887.8;219.3;6125157.5;865.9;12882823.6;0.0;43326626.2;3.985;223.844;0.967;788.8;6843845.7;0.0;46057057.5;0.0;2306056.5;199.9;5923234.2;813.7;9581122.2;0.0;46645541.6;3.706;228.538;0.969;718.0;16479311.5;0.0;43635203.0;0.0;3104968.7;225.4;3756927.9;752.6;18260115.6;0.0;44132423.7;3.419;229.671;0.954
Wed Dec  1 05:49:01 2021;1638334141.886732895;2328.7;31792009.2;0.0;130485670.0;0.0;6975573.7;777.9;14994991.5;2455.2;37182111.5;0.0;131864810.8;0.948;49.970;826.3;10575612.0;0.0;42900194.6;0.0;2374887.8;346.4;6125161.8;896.0;12882838.1;0.0;43326626.2;4.118;223.664;0.922;784.3;6843858.8;0.0;46057057.5;0.0;2306056.5;201.5;5923237.5;809.8;9581135.7;0.0;46645541.6;3.693;228.331;0.969;718.1;16479323.4;0.0;43635203.0;0.0;3104968.7;230.0;3756931.7;754.0;18260128.1;0.0;44132423.7;3.428;229.633;0.952
Wed Dec  1 05:50:01 2021;1638334201.873923226;2343.4;31792047.6;0.0;130485670.0;0.0;6975573.7;831.7;14995002.5;2486.6;37182151.5;0.0;131864810.8;0.942;49.963;790.1;10575625.3;0.0;42900194.6;0.0;2374887.8;160.1;6125165.2;806.2;12882851.8;0.0;43326626.2;3.733;223.517;0.980;785.7;6843871.9;0.0;46057057.5;0.0;2306056.5;199.5;5923240.8;810.7;9581149.2;0.0;46645541.6;3.703;228.030;0.969;767.5;16479335.5;0.0;43635203.0;0.0;3104968.7;472.1;3756936.1;901.1;18260141.0;0.0;44132423.7;4.044;229.510;0.852
Wed Dec  1 05:51:01 2021;1638334261.873865649;2345.8;31792086.7;0.0;130485670.0;0.0;6975573.7;752.9;14995014.3;2463.7;37182192.3;0.0;131864810.8;0.952;49.976;842.2;10575639.2;0.0;42900194.6;0.0;2374887.8;324.2;6125169.8;902.4;12882866.5;0.0;43326626.2;4.142;223.523;0.933;785.4;6843885.0;0.0;46057057.5;0.0;2306056.5;200.1;5923244.2;810.4;9581162.7;0.0;46645541.6;3.700;228.142;0.969;718.3;16479347.5;0.0;43635203.0;0.0;3104968.7;228.6;3756939.9;753.8;18260153.7;0.0;44132423.7;3.429;229.436;0.953
Wed Dec  1 05:52:01 2021;1638334321.873819074;2269.7;31792125.3;0.0;130485670.0;0.0;6975573.7;743.1;14995026.8;2388.2;37182232.9;0.0;131864810.8;0.950;49.966;768.9;10575652.8;0.0;42900194.6;0.0;2374887.8;321.0;6125175.1;833.2;12882881.1;0.0;43326626.2;3.843;223.742;0.923;786.5;6843898.1;0.0;46057057.5;0.0;2306056.5;198.0;5923247.5;811.0;9581176.2;0.0;46645541.6;3.700;228.218;0.970;714.3;16479359.5;0.0;43635203.0;0.0;3104968.7;224.2;3756943.7;748.7;18260166.2;0.0;44132423.7;3.412;228.949;0.954
Wed Dec  1 05:53:01 2021;1638334381.830939343;2282.1;31792163.4;0.0;130485670.0;0.0;6975573.7;736.3;14995039.2;2397.9;37182273.0;0.0;131864810.8;0.952;49.967;774.4;10575665.8;0.0;42900194.6;0.0;2374887.8;318.6;6125180.5;837.4;12882895.2;0.0;43326626.2;3.870;223.413;0.925;788.6;6843911.2;0.0;46057057.5;0.0;2306056.5;195.7;5923250.8;812.5;9581189.8;0.0;46645541.6;3.712;227.869;0.971;719.1;16479371.5;0.0;43635203.0;0.0;3104968.7;222.0;3756947.4;752.6;18260178.7;0.0;44132423.7;3.437;228.526;0.956
Wed Dec  1 05:54:01 2021;1638334441.816502484;2306.9;31792201.6;0.0;130485670.0;0.0;6975573.7;722.5;14995051.3;2417.4;37182313.0;0.0;131864810.8;0.954;49.973;783.1;10575678.7;0.0;42900194.6;0.0;2374887.8;314.3;6125185.8;843.8;12882909.2;0.0;43326626.2;3.905;223.121;0.928;797.9;6843924.4;0.0;46057057.5;0.0;2306056.5;190.2;5923254.0;820.2;9581203.4;0.0;46645541.6;3.755;227.436;0.973;726.0;16479383.5;0.0;43635203.0;0.0;3104968.7;217.9;3756951.1;758.0;18260191.3;0.0;44132423.7;3.469;228.154;0.958
Wed Dec  1 05:55:01 2021;1638334501.802785998;2888.3;31792245.3;0.0;130485670.0;0.0;6975573.7;240.0;14995060.2;2898.2;37182357.9;0.0;131864810.8;0.997;49.999;961.4;10575693.7;0.0;42900194.6;0.0;2374887.8;64.0;6125189.8;963.5;12882924.7;0.0;43326626.2;4.498;222.813;0.998;1002.3;6843939.5;0.0;46057057.5;0.0;2306056.5;80.4;5923256.2;1005.5;9581218.6;0.0;46645541.6;4.596;227.249;0.997;924.6;16479397.2;0.0;43635203.0;0.0;3104968.7;95.7;3756953.7;929.5;18260205.4;0.0;44132423.7;4.247;227.915;0.995
Wed Dec  1 05:56:01 2021;1638334561.788394643;3732.1;31792297.4;0.0;130485670.0;109.5;6975574.1;0.0;14995062.4;3733.7;37182410.0;0.0;131864810.8;1.000;50.024;1149.2;10575710.7;0.0;42900194.6;60.3;2374888.1;0.0;6125190.3;1150.8;12882941.8;0.0;43326626.2;5.359;223.035;0.999;1203.2;6843957.4;0.0;46057057.5;41.1;2306056.6;0.0;5923257.0;1203.9;9581236.6;0.0;46645541.6;5.500;227.541;0.999;1379.7;16479414.4;0.0;43635203.0;8.1;3104968.7;0.0;3756954.6;1379.7;18260222.5;0.0;44132423.7;6.204;227.872;1.000
Wed Dec  1 05:57:01 2021;1638334621.773724917;7960.2;31792415.5;0.0;130485670.0;2961.8;6975612.6;0.0;14995062.4;8493.3;37182535.0;0.0;131864810.8;0.937;50.024;2480.7;10575747.4;0.0;42900194.6;970.5;2374901.8;0.0;6125190.3;2663.8;12882981.2;0.0;43326626.2;12.045;222.161;0.931;2611.1;6843996.2;0.0;46057057.5;942.3;2306068.5;0.0;5923257.0;2775.9;9581277.3;0.0;46645541.6;12.320;226.670;0.941;2868.4;16479457.0;0.0;43635203.0;1049.0;3104981.7;0.0;3756954.6;3054.2;18260267.4;0.0;44132423.7;13.505;226.865;0.939
Wed Dec  1 05:58:01 2021;1638334681.773667022;7517.1;31792542.8;0.0;130485670.0;2949.1;6975661.7;0.0;14995062.4;8074.9;37182671.5;0.0;131864810.8;0.931;50.031;2319.2;10575786.8;0.0;42900194.6;1052.3;2374918.9;0.0;6125190.3;2546.8;12883024.2;0.0;43326626.2;11.529;222.055;0.911;2470.5;6844038.0;0.0;46057057.5;899.5;2306083.6;0.0;5923257.0;2629.1;9581321.8;0.0;46645541.6;11.685;226.526;0.940;2727.4;16479503.1;0.0;43635203.0;997.2;3104998.5;0.0;3756954.6;2904.0;18260316.5;0.0;44132423.7;12.852;226.774;0.939
Wed Dec  1 05:59:01 2021;1638334741.773670837;7965.9;31792671.1;0.0;130485670.0;3056.6;6975711.7;0.0;14995062.4;8532.2;37182809.2;0.0;131864810.8;0.934;50.022;2486.0;10575826.6;0.0;42900194.6;1062.9;2374936.6;0.0;6125190.3;2703.7;12883067.8;0.0;43326626.2;12.226;222.168;0.919;2619.0;6844080.1;0.0;46057057.5;957.1;2306099.1;0.0;5923257.0;2788.3;9581366.7;0.0;46645541.6;12.379;226.603;0.939;2860.9;16479549.4;0.0;43635203.0;1036.7;3105015.4;0.0;3756954.6;3043.0;18260365.7;0.0;44132423.7;13.501;226.126;0.940
Wed Dec  1 06:00:02 2021;1638334802.230896360;8166.9;31792821.2;0.0;130485670.0;3121.8;6975778.1;0.0;14995062.4;8743.2;37182973.4;0.0;131864810.8;0.934;50.041;2556.6;10575873.7;0.0;42900194.6;1087.8;2374959.3;0.0;6125190.3;2778.4;12883120.1;0.0;43326626.2;12.555;222.239;0.920;2671.1;6844129.6;0.0;46057057.5;977.0;2306120.2;0.0;5923257.0;2844.2;9581420.4;0.0;46645541.6;12.611;226.642;0.939;2939.2;16479603.0;0.0;43635203.0;1057.1;3105038.0;0.0;3756954.6;3123.5;18260423.9;0.0;44132423.7;13.852;226.166;0.941
Wed Dec  1 06:01:01 2021;1638334861.717758184;8023.8;31792954.4;0.0;130485670.0;3039.9;6975828.9;0.0;14995062.4;8580.4;37183116.0;0.0;131864810.8;0.935;50.091;2506.6;10575915.4;0.0;42900194.6;1060.5;2374977.1;0.0;6125190.3;2721.7;12883165.4;0.0;43326626.2;12.329;221.731;0.921;2623.1;6844173.1;0.0;46057057.5;946.8;2306136.0;0.0;5923257.0;2788.8;9581466.8;0.0;46645541.6;12.394;226.149;0.941;2894.1;16479650.9;0.0;43635203.0;1032.6;3105055.2;0.0;3756954.6;3072.8;18260474.9;0.0;44132423.7;13.655;225.731;0.942
Wed Dec  1 06:02:01 2021;1638334921.704304253;4233.3;31793075.0;0.0;130485670.0;301.6;6975869.9;0.0;14995062.4;4244.1;37183243.9;0.0;131864810.8;0.997;50.063;1320.4;10575953.1;0.0;42900194.6;121.6;2374991.6;0.0;6125190.3;1326.0;12883206.0;0.0;43326626.2;6.167;221.081;0.996;1358.7;6844212.5;0.0;46057057.5;105.4;2306148.8;0.0;5923257.0;1362.8;9581508.3;0.0;46645541.6;6.209;225.444;0.997;1554.1;16479694.5;0.0;43635203.0;74.6;3105068.9;0.0;3756954.6;1555.9;18260520.8;0.0;44132423.7;7.040;225.129;0.999
Wed Dec  1 06:03:02 2021;1638334982.189903319;4193.2;31793148.6;0.0;130485670.0;341.0;6975875.6;0.0;14995062.4;4207.0;37183317.8;0.0;131864810.8;0.997;50.054;1444.7;10575977.6;0.0;42900194.6;128.0;2374993.7;0.0;6125190.3;1450.4;12883230.7;0.0;43326626.2;6.606;225.030;0.996;1414.5;6844235.9;0.0;46057057.5;115.3;2306150.8;0.0;5923257.0;1419.2;9581531.8;0.0;46645541.6;6.355;229.298;0.997;1334.0;16479720.2;0.0;43635203.0;97.7;3105070.5;0.0;3756954.6;1337.6;18260546.5;0.0;44132423.7;5.992;229.228;0.997
Wed Dec  1 06:04:02 2021;1638335042.175521605;4232.8;31793218.7;0.0;130485670.0;63.7;6975877.3;0.0;14995062.4;4233.3;37183388.0;0.0;131864810.8;1.000;50.010;1414.4;10576001.3;0.0;42900194.6;117.5;2374995.7;0.0;6125190.3;1419.3;12883254.5;0.0;43326626.2;6.466;225.156;0.997;1397.2;6844259.3;0.0;46057057.5;105.7;2306152.2;0.0;5923257.0;1401.2;9581555.3;0.0;46645541.6;6.276;229.384;0.997;1421.2;16479743.1;0.0;43635203.0;0.0;3105070.8;159.4;3756956.7;1430.1;18260569.6;0.0;44132423.7;6.441;229.254;0.994
Wed Dec  1 06:05:02 2021;1638335102.172786823;4325.8;31793289.7;0.0;130485670.0;108.5;6975878.7;0.0;14995062.4;4327.2;37183458.9;0.0;131864810.8;1.000;50.003;1448.0;10576025.1;0.0;42900194.6;130.7;2374997.8;0.0;6125190.3;1453.9;12883278.3;0.0;43326626.2;6.616;225.184;0.996;1430.6;6844282.8;0.0;46057057.5;119.2;2306154.0;0.0;5923257.0;1435.5;9581578.9;0.0;46645541.6;6.419;229.447;0.997;1447.3;16479766.8;0.0;43635203.0;0.0;3105070.8;141.4;3756959.2;1454.1;18260593.4;0.0;44132423.7;6.537;229.275;0.995
Wed Dec  1 06:06:02 2021;1638335162.172982442;4424.0;31793362.8;0.0;130485670.0;147.3;6975880.9;0.0;14995062.4;4426.4;37183532.1;0.0;131864810.8;0.999;49.982;1478.1;10576049.6;0.0;42900194.6;143.8;2375000.1;0.0;6125190.3;1485.1;12883302.9;0.0;43326626.2;6.751;225.208;0.995;1466.8;6844307.1;0.0;46057057.5;133.0;2306156.2;0.0;5923257.0;1472.8;9581603.2;0.0;46645541.6;6.576;229.533;0.996;1479.0;16479791.3;0.0;43635203.0;0.0;3105070.8;129.5;3756961.5;1484.7;18260618.0;0.0;44132423.7;6.661;229.298;0.996
Wed Dec  1 06:07:02 2021;1638335222.133293469;4373.5;31793436.4;0.0;130485670.0;266.1;6975883.7;0.0;14995062.4;4381.6;37183605.8;0.0;131864810.8;0.998;49.994;1479.6;10576074.2;0.0;42900194.6;25.7;2375002.4;0.0;6125190.3;1479.8;12883327.6;0.0;43326626.2;6.732;225.017;1.000;1463.4;6844331.5;0.0;46057057.5;129.4;2306158.4;0.0;5923257.0;1469.1;9581627.7;0.0;46645541.6;6.558;229.503;0.996;1430.5;16479815.9;0.0;43635203.0;111.0;3105071.0;0.0;3756963.4;1434.8;18260642.6;0.0;44132423.7;6.460;229.069;0.997
Wed Dec  1 06:08:02 2021;1638335282.119029470;4416.2;31793509.8;0.0;130485670.0;431.0;6975888.5;0.0;14995062.4;4437.2;37183679.3;0.0;131864810.8;0.995;49.978;1476.4;10576099.0;0.0;42900194.6;167.7;2375003.1;0.0;6125190.3;1485.9;12883352.4;0.0;43326626.2;6.772;224.533;0.994;1485.3;6844356.0;0.0;46057057.5;140.1;2306160.6;0.0;5923257.0;1491.9;9581652.4;0.0;46645541.6;6.669;228.950;0.996;1454.5;16479839.9;0.0;43635203.0;123.2;3105072.9;0.0;3756963.4;1459.7;18260666.7;0.0;44132423.7;6.578;228.608;0.996
Wed Dec  1 06:09:02 2021;1638335342.105228095;4481.4;31793584.0;0.0;130485670.0;465.8;6975896.0;0.0;14995062.4;4505.6;37183753.9;0.0;131864810.8;0.995;49.987;1501.3;10576123.8;0.0;42900194.6;178.1;2375005.9;0.0;6125190.3;1511.8;12883377.4;0.0;43326626.2;6.878;224.860;0.993;1505.8;6844381.0;0.0;46057057.5;152.4;2306163.0;0.0;5923257.0;1513.4;9581677.5;0.0;46645541.6;6.764;228.863;0.995;1474.4;16479864.3;0.0;43635203.0;135.2;3105075.1;0.0;3756963.4;1480.6;18260691.3;0.0;44132423.7;6.673;228.546;0.996
Wed Dec  1 06:10:02 2021;1638335402.090815267;4507.8;31793658.9;0.0;130485670.0;466.5;6975903.7;0.0;14995062.4;4531.8;37183829.2;0.0;131864810.8;0.995;49.980;1535.1;10576149.3;0.0;42900194.6;180.8;2375008.9;0.0;6125190.3;1545.7;12883403.1;0.0;43326626.2;6.909;228.740;0.993;1498.3;6844405.9;0.0;46057057.5;169.2;2306165.8;0.0;5923257.0;1507.8;9581702.5;0.0;46645541.6;6.765;227.890;0.994;1474.4;16479888.8;0.0;43635203.0;116.5;3105077.0;0.0;3756963.4;1479.0;18260715.8;0.0;44132423.7;6.686;227.977;0.997
Wed Dec  1 06:11:02 2021;1638335462.077125394;4546.1;31793734.3;0.0;130485670.0;509.6;6975911.8;0.0;14995062.4;4574.6;37183905.0;0.0;131864810.8;0.994;49.972;1548.4;10576174.9;0.0;42900194.6;194.4;2375012.1;0.0;6125190.3;1560.6;12883428.9;0.0;43326626.2;6.991;228.036;0.992;1510.2;6844431.0;0.0;46057057.5;184.5;2306168.7;0.0;5923257.0;1521.5;9581727.8;0.0;46645541.6;6.846;227.031;0.993;1487.5;16479913.5;0.0;43635203.0;130.7;3105079.1;0.0;3756963.4;1493.2;18260740.6;0.0;44132423.7;6.769;227.194;0.996
Wed Dec  1 06:12:02 2021;1638335522.072814384;4582.6;31793810.7;0.0;130485670.0;506.7;6975920.3;0.0;14995062.4;4610.5;37183981.9;0.0;131864810.8;0.994;49.974;1564.1;10576200.9;0.0;42900194.6;202.4;2375015.3;0.0;6125190.3;1577.2;12883455.1;0.0;43326626.2;7.054;228.341;0.992;1510.0;6844456.4;0.0;46057057.5;170.2;2306171.8;0.0;5923257.0;1519.5;9581753.4;0.0;46645541.6;6.826;227.560;0.994;1508.5;16479938.5;0.0;43635203.0;134.2;3105081.3;0.0;3756963.4;1514.4;18260765.7;0.0;44132423.7;6.846;227.677;0.996
Wed Dec  1 06:13:02 2021;1638335582.073183764;4618.2;31793887.4;0.0;130485670.0;518.8;6975928.9;0.0;14995062.4;4647.3;37184059.1;0.0;131864810.8;0.994;49.995;1575.8;10576227.1;0.0;42900194.6;206.0;2375018.7;0.0;6125190.3;1589.2;12883481.5;0.0;43326626.2;7.108;228.226;0.992;1520.2;6844481.7;0.0;46057057.5;174.5;2306174.7;0.0;5923257.0;1530.1;9581778.8;0.0;46645541.6;6.874;227.454;0.993;1522.3;16479963.8;0.0;43635203.0;138.3;3105083.6;0.0;3756963.4;1528.6;18260791.1;0.0;44132423.7;6.912;227.564;0.996
Wed Dec  1 06:14:02 2021;1638335642.035457249;4750.5;31793965.8;0.0;130485670.0;537.2;6975937.8;0.0;14995062.4;4780.8;37184138.0;0.0;131864810.8;0.994;49.993;1676.5;10576254.5;0.0;42900194.6;210.3;2375022.3;0.0;6125190.3;1689.6;12883509.2;0.0;43326626.2;7.532;228.521;0.992;1536.1;6844507.1;0.0;46057057.5;181.4;2306177.6;0.0;5923257.0;1546.8;9581804.5;0.0;46645541.6;6.936;227.734;0.993;1537.9;16479989.3;0.0;43635203.0;145.5;3105086.0;0.0;3756963.4;1544.8;18260816.7;0.0;44132423.7;6.970;227.890;0.996
Wed Dec  1 06:15:02 2021;1638335702.520494049;4794.0;31794046.0;0.0;130485670.0;543.7;6975946.9;0.0;14995062.4;4824.7;37184218.7;0.0;131864810.8;0.994;49.991;1694.3;10576282.8;0.0;42900194.6;209.6;2375025.9;0.0;6125190.3;1707.2;12883537.7;0.0;43326626.2;7.575;229.605;0.992;1553.1;6844533.1;0.0;46057057.5;183.1;2306180.7;0.0;5923257.0;1563.9;9581830.6;0.0;46645541.6;6.978;228.884;0.993;1546.6;16480015.2;0.0;43635203.0;151.1;3105088.4;0.0;3756963.4;1554.0;18260842.8;0.0;44132423.7;6.974;228.959;0.995
Wed Dec  1 06:16:02 2021;1638335762.006992401;4821.3;31794125.4;0.0;130485670.0;566.4;6975956.1;0.0;14995062.4;4854.4;37184298.6;0.0;131864810.8;0.993;50.010;1696.6;10576310.7;0.0;42900194.6;217.6;2375029.4;0.0;6125190.3;1710.5;12883565.8;0.0;43326626.2;7.596;229.314;0.992;1566.1;6844558.9;0.0;46057057.5;189.5;2306183.8;0.0;5923257.0;1577.5;9581856.6;0.0;46645541.6;7.043;228.652;0.993;1558.6;16480040.9;0.0;43635203.0;159.2;3105091.0;0.0;3756963.4;1566.7;18260868.6;0.0;44132423.7;7.031;228.750;0.995
Wed Dec  1 06:17:01 2021;1638335821.992671208;4780.9;31794205.7;0.0;130485670.0;592.2;6975965.7;0.0;14995062.4;4817.4;37184379.5;0.0;131864810.8;0.992;49.997;1642.7;10576338.8;0.0;42900194.6;234.5;2375033.2;0.0;6125190.3;1659.4;12883594.1;0.0;43326626.2;7.377;229.280;0.990;1571.9;6844585.0;0.0;46057057.5;196.2;2306187.0;0.0;5923257.0;1584.1;9581882.9;0.0;46645541.6;7.074;228.583;0.992;1566.3;16480067.0;0.0;43635203.0;161.5;3105093.6;0.0;3756963.4;1574.6;18260894.8;0.0;44132423.7;7.067;228.691;0.995
Wed Dec  1 06:18:01 2021;1638335881.979015222;4834.3;31794285.9;0.0;130485670.0;615.2;6975975.7;0.0;14995062.4;4873.3;37184460.3;0.0;131864810.8;0.992;49.982;1661.6;10576366.3;0.0;42900194.6;242.1;2375037.1;0.0;6125190.3;1679.1;12883622.0;0.0;43326626.2;7.478;228.813;0.990;1588.9;6844611.4;0.0;46057057.5;202.9;2306190.3;0.0;5923257.0;1601.8;9581909.5;0.0;46645541.6;7.155;228.459;0.992;1583.8;16480093.2;0.0;43635203.0;170.2;3105096.4;0.0;3756963.4;1592.9;18260921.2;0.0;44132423.7;7.153;228.524;0.994
Wed Dec  1 06:19:01 2021;1638335941.973825228;4866.0;31794366.8;0.0;130485670.0;624.8;6975986.1;0.0;14995062.4;4905.9;37184541.8;0.0;131864810.8;0.992;49.967;1670.7;10576394.1;0.0;42900194.6;245.2;2375041.2;0.0;6125190.3;1688.6;12883650.1;0.0;43326626.2;7.512;228.955;0.989;1599.4;6844638.0;0.0;46057057.5;206.1;2306193.8;0.0;5923257.0;1612.7;9581936.3;0.0;46645541.6;7.195;228.652;0.992;1595.8;16480119.7;0.0;43635203.0;173.5;3105099.3;0.0;3756963.4;1605.2;18260947.9;0.0;44132423.7;7.202;228.733;0.994
Wed Dec  1 06:20:01 2021;1638336001.973743496;3163.1;31794437.6;0.0;130485670.0;0.0;6975992.5;75.9;14995062.4;3164.0;37184613.1;0.0;131864810.8;1.000;49.965;1084.1;10576418.5;0.0;42900194.6;18.9;2375043.9;0.0;6125190.3;1084.3;12883674.6;0.0;43326626.2;4.905;228.912;1.000;1039.0;6844661.3;0.0;46057057.5;0.0;2306195.8;34.3;5923257.0;1039.6;9581959.7;0.0;46645541.6;4.748;228.421;0.999;1040.0;16480142.9;0.0;43635203.0;0.0;3105100.9;60.5;3756963.4;1041.7;18260971.1;0.0;44132423.7;4.805;228.740;0.998
Wed Dec  1 06:21:01 2021;1638336061.973857515;2380.4;31794481.6;0.0;130485670.0;0.0;6975992.5;608.4;14995070.5;2456.9;37184657.8;0.0;131864810.8;0.969;49.959;824.1;10576433.7;0.0;42900194.6;0.0;2375043.9;161.5;6125192.3;839.8;12883689.9;0.0;43326626.2;3.790;228.998;0.981;779.6;6844675.7;0.0;46057057.5;0.0;2306195.8;206.3;5923259.8;806.4;9581974.4;0.0;46645541.6;3.684;228.551;0.967;776.8;16480157.3;0.0;43635203.0;0.0;3105100.9;240.6;3756966.8;813.2;18260985.9;0.0;44132423.7;3.779;228.890;0.955
Wed Dec  1 06:22:01 2021;1638336121.922322137;3470.2;31794534.1;0.0;130485670.0;705.6;6975999.0;0.0;14995075.5;3541.2;37184711.6;0.0;131864810.8;0.980;49.946;1197.3;10576451.7;0.0;42900194.6;282.2;2375046.5;0.0;6125193.7;1230.1;12883708.4;0.0;43326626.2;5.433;229.711;0.973;1133.1;6844692.9;0.0;46057057.5;234.1;2306198.0;0.0;5923261.5;1157.0;9581992.0;0.0;46645541.6;5.153;229.158;0.979;1139.9;16480174.5;0.0;43635203.0;189.3;3105102.7;0.0;3756968.7;1155.5;18261003.6;0.0;44132423.7;5.182;229.627;0.986
Wed Dec  1 06:23:01 2021;1638336181.908166411;2374.6;31794577.7;0.0;130485670.0;0.0;6976002.2;620.5;14995083.0;2454.3;37184756.6;0.0;131864810.8;0.968;49.952;819.7;10576466.8;0.0;42900194.6;0.0;2375047.8;164.5;6125195.7;836.1;12883723.9;0.0;43326626.2;3.756;230.250;0.980;779.8;6844707.2;0.0;46057057.5;0.0;2306199.0;210.6;5923264.0;807.7;9582006.8;0.0;46645541.6;3.672;229.696;0.965;775.1;16480188.8;0.0;43635203.0;0.0;3105103.5;245.4;3756971.7;813.0;18261018.4;0.0;44132423.7;3.757;230.119;0.953
Wed Dec  1 06:24:01 2021;1638336241.894266518;2298.7;31794616.5;0.0;130485670.0;0.0;6976002.2;619.5;14995093.4;2380.7;37184796.7;0.0;131864810.8;0.966;49.951;743.4;10576479.8;0.0;42900194.6;0.0;2375047.8;162.4;6125198.4;760.9;12883737.1;0.0;43326626.2;3.444;230.753;0.977;781.2;6844720.2;0.0;46057057.5;0.0;2306199.0;213.4;5923267.6;809.8;9582020.2;0.0;46645541.6;3.674;230.306;0.965;774.1;16480201.7;0.0;43635203.0;0.0;3105103.5;243.7;3756975.8;811.6;18261031.9;0.0;44132423.7;3.741;230.674;0.954
Wed Dec  1 06:25:01 2021;1638336301.880218794;2323.4;31794655.2;0.0;130485670.0;0.0;6976002.2;611.7;14995103.6;2402.6;37184836.7;0.0;131864810.8;0.967;49.970;752.6;10576492.3;0.0;42900194.6;0.0;2375047.8;159.7;6125201.1;769.4;12883749.9;0.0;43326626.2;3.485;230.460;0.978;787.8;6844733.3;0.0;46057057.5;0.0;2306199.0;209.0;5923271.1;815.1;9582033.8;0.0;46645541.6;3.701;229.989;0.967;783.0;16480214.7;0.0;43635203.0;0.0;3105103.5;243.0;3756979.8;819.8;18261045.5;0.0;44132423.7;3.783;230.239;0.955
Wed Dec  1 06:26:01 2021;1638336361.873138132;2327.9;31794693.9;0.0;130485670.0;0.0;6976002.2;608.9;14995113.8;2406.3;37184876.7;0.0;131864810.8;0.967;49.965;753.0;10576504.8;0.0;42900194.6;0.0;2375047.8;159.1;6125203.8;769.6;12883762.7;0.0;43326626.2;3.488;230.266;0.978;791.6;6844746.5;0.0;46057057.5;0.0;2306199.0;208.5;5923274.6;818.6;9582047.5;0.0;46645541.6;3.716;229.994;0.967;783.3;16480227.7;0.0;43635203.0;0.0;3105103.5;241.3;3756983.9;819.7;18261059.2;0.0;44132423.7;3.782;230.128;0.956
Wed Dec  1 06:27:01 2021;1638336421.873142800;2365.5;31794732.9;0.0;130485670.0;0.0;6976002.2;591.8;14995123.8;2438.4;37184917.1;0.0;131864810.8;0.970;49.974;763.9;10576517.4;0.0;42900194.6;0.0;2375047.8;152.8;6125206.4;779.0;12883775.6;0.0;43326626.2;3.530;230.295;0.981;804.2;6844759.7;0.0;46057057.5;0.0;2306199.0;203.0;5923278.0;829.4;9582061.2;0.0;46645541.6;3.767;229.934;0.970;797.4;16480240.9;0.0;43635203.0;0.0;3105103.5;236.1;3756987.8;831.6;18261072.9;0.0;44132423.7;3.837;230.032;0.959
Wed Dec  1 06:28:01 2021;1638336481.873122129;2663.7;31794775.2;0.0;130485670.0;0.0;6976002.2;363.7;14995131.7;2688.4;37184960.1;0.0;131864810.8;0.991;49.945;1024.2;10576532.5;0.0;42900194.6;56.2;2375048.3;0.0;6125207.6;1025.7;12883790.8;0.0;43326626.2;4.573;230.211;0.998;826.9;6844773.4;0.0;46057057.5;0.0;2306199.0;195.8;5923281.3;849.8;9582075.2;0.0;46645541.6;3.852;230.132;0.973;812.6;16480254.3;0.0;43635203.0;0.0;3105103.5;224.2;3756991.7;843.0;18261086.9;0.0;44132423.7;3.876;230.287;0.964
Wed Dec  1 06:29:01 2021;1638336541.823480999;2682.9;31794819.8;0.0;130485670.0;0.0;6976002.2;353.2;14995137.6;2706.1;37185005.1;0.0;131864810.8;0.991;49.972;1021.9;10576549.6;0.0;42900194.6;58.1;2375049.3;0.0;6125207.6;1023.5;12883807.9;0.0;43326626.2;4.569;230.035;0.998;838.1;6844787.3;0.0;46057057.5;0.0;2306199.0;191.4;5923284.5;859.7;9582089.5;0.0;46645541.6;3.902;229.987;0.975;823.0;16480268.0;0.0;43635203.0;0.0;3105103.5;219.9;3756995.4;851.9;18261101.1;0.0;44132423.7;3.922;230.007;0.966
Wed Dec  1 06:30:02 2021;1638336602.310331091;2682.2;31794865.0;0.0;130485670.0;0.0;6976002.2;354.2;14995143.5;2705.4;37185050.7;0.0;131864810.8;0.991;49.964;1019.4;10576566.8;0.0;42900194.6;57.7;2375050.3;0.0;6125207.6;1021.1;12883825.2;0.0;43326626.2;4.556;230.210;0.998;838.0;6844801.4;0.0;46057057.5;0.0;2306199.0;191.6;5923287.7;859.6;9582103.9;0.0;46645541.6;3.900;230.101;0.975;824.7;16480281.9;0.0;43635203.0;0.0;3105103.5;220.4;3756999.1;853.6;18261115.4;0.0;44132423.7;3.926;230.314;0.966
Wed Dec  1 06:31:01 2021;1638336661.795370139;2683.5;31794909.4;0.0;130485670.0;0.0;6976002.2;344.3;14995149.3;2705.5;37185095.4;0.0;131864810.8;0.992;50.000;1016.2;10576583.6;0.0;42900194.6;60.5;2375051.2;0.0;6125207.6;1018.0;12883842.0;0.0;43326626.2;4.552;229.736;0.998;840.2;6844815.3;0.0;46057057.5;0.0;2306199.0;187.1;5923290.9;860.8;9582118.2;0.0;46645541.6;3.916;229.453;0.976;827.1;16480295.5;0.0;43635203.0;0.0;3105103.5;217.7;3757002.7;855.3;18261129.5;0.0;44132423.7;3.940;229.867;0.967
Wed Dec  1 06:32:01 2021;1638336721.780977790;2701.6;31794954.3;0.0;130485670.0;0.0;6976002.2;339.9;14995155.0;2722.9;37185140.7;0.0;131864810.8;0.992;49.999;1022.8;10576600.7;0.0;42900194.6;62.5;2375052.3;0.0;6125207.6;1024.7;12883859.1;0.0;43326626.2;4.574;230.152;0.998;845.3;6844829.3;0.0;46057057.5;0.0;2306199.0;185.3;5923294.0;865.3;9582132.6;0.0;46645541.6;3.930;229.697;0.977;833.5;16480309.4;0.0;43635203.0;0.0;3105103.5;217.0;3757006.3;861.3;18261143.8;0.0;44132423.7;3.959;230.316;0.968
Wed Dec  1 06:33:02 2021;1638336782.273116717;2702.1;31794999.6;0.0;130485670.0;0.0;6976002.2;336.0;14995160.8;2722.9;37185186.4;0.0;131864810.8;0.992;49.983;1019.3;10576617.8;0.0;42900194.6;64.1;2375053.3;0.0;6125207.6;1021.3;12883876.3;0.0;43326626.2;4.572;229.593;0.998;845.8;6844843.5;0.0;46057057.5;0.0;2306199.0;182.6;5923297.1;865.3;9582147.1;0.0;46645541.6;3.940;229.172;0.977;837.0;16480323.4;0.0;43635203.0;0.0;3105103.5;217.6;3757010.0;864.8;18261158.3;0.0;44132423.7;3.982;229.919;0.968
Wed Dec  1 06:34:02 2021;1638336842.273383528;6551.8;31795061.3;0.0;130485670.0;2634.6;6976012.2;0.0;14995165.2;7061.6;37185250.3;0.0;131864810.8;0.928;49.981;2194.4;10576639.2;0.0;42900194.6;1143.2;2375058.5;0.0;6125207.6;2474.4;12883898.8;0.0;43326626.2;10.851;228.785;0.887;1980.3;6844861.9;0.0;46057057.5;765.3;2306201.9;0.0;5923299.4;2123.1;9582166.3;0.0;46645541.6;9.370;228.080;0.933;2377.0;16480345.2;0.0;43635203.0;726.0;3105106.3;0.0;3757012.9;2485.4;18261180.9;0.0;44132423.7;10.926;228.769;0.956
Wed Dec  1 06:35:02 2021;1638336902.272971384;6776.3;31795172.2;0.0;130485670.0;2667.8;6976056.3;0.0;14995165.2;7282.5;37185369.7;0.0;131864810.8;0.930;49.981;2268.2;10576676.3;0.0;42900194.6;1157.0;2375077.6;0.0;6125207.6;2546.3;12883940.5;0.0;43326626.2;11.149;229.064;0.891;2054.9;6844895.5;0.0;46057057.5;776.9;2306214.8;0.0;5923299.4;2196.9;9582202.3;0.0;46645541.6;9.675;228.466;0.935;2453.1;16480385.4;0.0;43635203.0;734.0;3105118.4;0.0;3757012.9;2560.5;18261222.9;0.0;44132423.7;11.234;229.142;0.958
Wed Dec  1 06:36:02 2021;1638336962.224805524;6700.1;31795284.9;0.0;130485670.0;2486.8;6976099.6;0.0;14995165.2;7146.7;37185490.4;0.0;131864810.8;0.938;49.967;2134.3;10576713.3;0.0;42900194.6;968.7;2375095.6;0.0;6125207.6;2343.9;12883981.7;0.0;43326626.2;10.272;228.975;0.911;2083.7;6844930.0;0.0;46057057.5;782.4;2306227.8;0.0;5923299.4;2225.7;9582239.1;0.0;46645541.6;9.812;228.206;0.936;2482.1;16480426.6;0.0;43635203.0;735.7;3105130.7;0.0;3757012.9;2588.9;18261265.9;0.0;44132423.7;11.378;228.688;0.959
Wed Dec  1 06:37:02 2021;1638337022.211071793;6795.4;31795397.4;0.0;130485670.0;2498.7;6976141.2;0.0;14995165.2;7240.2;37185610.3;0.0;131864810.8;0.939;49.977;2160.6;10576749.0;0.0;42900194.6;976.2;2375111.8;0.0;6125207.6;2370.9;12884020.9;0.0;43326626.2;10.393;228.922;0.911;2113.6;6844965.1;0.0;46057057.5;782.8;2306240.8;0.0;5923299.4;2253.9;9582276.6;0.0;46645541.6;9.936;228.176;0.938;2521.2;16480468.3;0.0;43635203.0;739.7;3105143.1;0.0;3757012.9;2627.5;18261309.4;0.0;44132423.7;11.549;228.664;0.960
Wed Dec  1 06:38:02 2021;1638337082.196772192;6832.9;31795511.1;0.0;130485670.0;2495.0;6976182.9;0.0;14995165.2;7274.2;37185731.4;0.0;131864810.8;0.939;49.963;2175.8;10576785.2;0.0;42900194.6;969.9;2375128.0;0.0;6125207.6;2382.2;12884060.5;0.0;43326626.2;10.463;228.470;0.913;2129.7;6845000.5;0.0;46057057.5;787.3;2306254.0;0.0;5923299.4;2270.6;9582314.3;0.0;46645541.6;10.028;227.749;0.938;2527.4;16480510.4;0.0;43635203.0;737.8;3105155.4;0.0;3757012.9;2632.9;18261353.3;0.0;44132423.7;11.601;228.100;0.960
Wed Dec  1 06:39:02 2021;1638337142.182871841;6870.9;31795625.3;0.0;130485670.0;2509.7;6976224.6;0.0;14995165.2;7315.0;37185853.0;0.0;131864810.8;0.939;49.974;2182.3;10576821.5;0.0;42900194.6;967.8;2375144.2;0.0;6125207.6;2387.3;12884100.3;0.0;43326626.2;10.482;228.540;0.914;2150.6;6845036.2;0.0;46057057.5;790.7;2306267.1;0.0;5923299.4;2291.3;9582352.4;0.0;46645541.6;10.107;228.038;0.939;2538.1;16480552.6;0.0;43635203.0;751.2;3105167.8;0.0;3757012.9;2646.9;18261397.3;0.0;44132423.7;11.657;228.187;0.959
Wed Dec  1 06:40:02 2021;1638337202.173794588;6878.8;31795739.9;0.0;130485670.0;2513.4;6976266.5;0.0;14995165.2;7323.6;37185975.1;0.0;131864810.8;0.939;49.984;2191.1;10576858.0;0.0;42900194.6;980.6;2375160.5;0.0;6125207.6;2400.5;12884140.2;0.0;43326626.2;10.536;228.622;0.913;2141.4;6845071.9;0.0;46057057.5;787.8;2306280.3;0.0;5923299.4;2281.7;9582390.4;0.0;46645541.6;10.070;227.916;0.938;2546.4;16480595.1;0.0;43635203.0;744.9;3105180.3;0.0;3757012.9;2653.1;18261441.5;0.0;44132423.7;11.677;228.336;0.960
Wed Dec  1 06:41:02 2021;1638337262.173829534;6924.5;31795854.9;0.0;130485670.0;2521.9;6976308.6;0.0;14995165.2;7369.4;37186097.6;0.0;131864810.8;0.940;49.977;2205.9;10576894.6;0.0;42900194.6;981.7;2375176.9;0.0;6125207.6;2414.5;12884180.3;0.0;43326626.2;10.618;228.183;0.914;2157.8;6845107.8;0.0;46057057.5;789.8;2306293.4;0.0;5923299.4;2297.8;9582428.6;0.0;46645541.6;10.157;227.533;0.939;2560.7;16480637.7;0.0;43635203.0;750.4;3105192.8;0.0;3757012.9;2668.4;18261485.9;0.0;44132423.7;11.762;227.977;0.960
Wed Dec  1 06:42:02 2021;1638337322.173494735;2909.7;31795915.1;0.0;130485670.0;0.0;6976315.9;464.2;14995171.6;2946.5;37186159.5;0.0;131864810.8;0.988;49.970;879.6;10576913.1;0.0;42900194.6;0.0;2375179.7;103.9;6125209.0;885.7;12884199.5;0.0;43326626.2;4.031;228.035;0.993;880.6;6845126.2;0.0;46057057.5;0.0;2306295.7;156.7;5923301.6;894.4;9582447.6;0.0;46645541.6;4.102;227.194;0.985;1149.6;16480660.9;0.0;43635203.0;0.0;3105195.0;203.6;3757015.6;1167.5;18261509.7;0.0;44132423.7;5.295;227.839;0.985
Wed Dec  1 06:43:02 2021;1638337382.127023466;2647.7;31795959.9;0.0;130485670.0;0.0;6976315.9;455.8;14995179.2;2686.7;37186205.0;0.0;131864810.8;0.986;49.940;883.7;10576927.8;0.0;42900194.6;0.0;2375179.7;104.8;6125210.8;889.9;12884214.3;0.0;43326626.2;4.038;228.691;0.993;883.4;6845140.9;0.0;46057057.5;0.0;2306295.7;159.1;5923304.2;897.6;9582462.5;0.0;46645541.6;4.103;227.970;0.984;880.6;16480676.3;0.0;43635203.0;0.0;3105195.0;192.0;3757018.8;901.3;18261525.4;0.0;44132423.7;4.155;228.833;0.977
Wed Dec  1 06:44:02 2021;1638337442.112959966;2660.9;31796004.1;0.0;130485670.0;0.0;6976315.9;453.2;14995186.8;2699.2;37186249.8;0.0;131864810.8;0.986;49.959;889.1;10576942.5;0.0;42900194.6;0.0;2375179.7;103.8;6125212.5;895.1;12884229.2;0.0;43326626.2;4.056;229.114;0.993;888.0;6845155.6;0.0;46057057.5;0.0;2306295.7;158.2;5923306.9;902.0;9582477.6;0.0;46645541.6;4.115;228.427;0.985;883.9;16480691.0;0.0;43635203.0;0.0;3105195.0;191.2;3757022.1;904.3;18261540.5;0.0;44132423.7;4.163;229.169;0.977
Wed Dec  1 06:45:02 2021;1638337502.598669536;2693.5;31796049.1;0.0;130485670.0;0.0;6976315.9;454.1;14995194.4;2731.5;37186295.4;0.0;131864810.8;0.986;49.958;912.2;10576957.6;0.0;42900194.6;0.0;2375179.7;109.8;6125214.3;918.8;12884244.4;0.0;43326626.2;4.149;229.429;0.993;894.6;6845170.7;0.0;46057057.5;0.0;2306295.7;156.2;5923309.5;908.1;9582492.8;0.0;46645541.6;4.138;229.000;0.985;886.7;16480705.9;0.0;43635203.0;0.0;3105195.0;188.1;3757025.3;906.4;18261555.7;0.0;44132423.7;4.170;229.551;0.978
Wed Dec  1 06:46:02 2021;1638337562.084954650;2688.1;31796093.4;0.0;130485670.0;0.0;6976315.9;444.2;14995201.7;2724.5;37186340.3;0.0;131864810.8;0.987;49.991;897.3;10576972.4;0.0;42900194.6;0.0;2375179.7;101.5;6125216.0;903.0;12884259.2;0.0;43326626.2;4.082;229.835;0.994;899.1;6845185.5;0.0;46057057.5;0.0;2306295.7;155.3;5923312.1;912.4;9582507.8;0.0;46645541.6;4.151;229.289;0.985;891.7;16480720.6;0.0;43635203.0;0.0;3105195.0;187.4;3757028.4;911.2;18261570.7;0.0;44132423.7;4.184;229.905;0.979
Wed Dec  1 06:47:02 2021;1638337622.073744276;2777.1;31796139.9;0.0;130485670.0;0.0;6976315.9;425.7;14995208.9;2809.5;37186387.4;0.0;131864810.8;0.988;49.981;976.9;10576989.0;0.0;42900194.6;0.0;2375179.8;99.4;6125217.6;982.0;12884275.9;0.0;43326626.2;4.427;228.925;0.995;904.3;6845200.5;0.0;46057057.5;0.0;2306295.7;148.8;5923314.6;916.4;9582523.1;0.0;46645541.6;4.182;228.642;0.987;895.8;16480735.5;0.0;43635203.0;0.0;3105195.0;177.5;3757031.4;913.3;18261585.9;0.0;44132423.7;4.211;228.963;0.981
Wed Dec  1 06:48:02 2021;1638337682.073746091;2784.8;31796186.3;0.0;130485670.0;0.0;6976315.9;411.5;14995215.8;2815.0;37186434.3;0.0;131864810.8;0.989;49.975;977.8;10577005.3;0.0;42900194.6;0.0;2375179.8;95.7;6125219.3;982.4;12884292.3;0.0;43326626.2;4.442;228.211;0.995;907.2;6845215.6;0.0;46057057.5;0.0;2306295.7;143.5;5923317.1;918.5;9582538.4;0.0;46645541.6;4.202;227.946;0.988;899.8;16480750.5;0.0;43635203.0;0.0;3105195.0;172.4;3757034.3;916.1;18261601.2;0.0;44132423.7;4.236;228.170;0.982
Wed Dec  1 06:49:02 2021;1638337742.073677831;2798.9;31796232.8;0.0;130485670.0;0.0;6976315.9;417.6;14995222.8;2829.9;37186481.4;0.0;131864810.8;0.989;49.962;983.9;10577021.7;0.0;42900194.6;0.0;2375179.8;98.5;6125220.9;988.8;12884308.7;0.0;43326626.2;4.451;229.178;0.995;913.2;6845230.8;0.0;46057057.5;0.0;2306295.7;146.7;5923319.5;924.9;9582553.8;0.0;46645541.6;4.212;228.975;0.987;901.8;16480765.4;0.0;43635203.0;0.0;3105195.0;172.5;3757037.2;918.1;18261616.4;0.0;44132423.7;4.228;229.135;0.982
Wed Dec  1 06:50:02 2021;1638337802.028956804;2811.5;31796279.6;0.0;130485670.0;0.0;6976315.9;406.8;14995229.6;2840.8;37186528.6;0.0;131864810.8;0.990;49.964;987.9;10577038.1;0.0;42900194.6;0.0;2375179.8;94.8;6125222.5;992.4;12884325.3;0.0;43326626.2;4.468;229.245;0.995;918.3;6845246.1;0.0;46057057.5;0.0;2306295.7;143.1;5923321.9;929.3;9582569.2;0.0;46645541.6;4.231;229.057;0.988;905.4;16480780.5;0.0;43635203.0;0.0;3105195.0;168.9;3757040.0;921.0;18261631.8;0.0;44132423.7;4.240;229.216;0.983
Wed Dec  1 06:51:02 2021;1638337862.014476271;2790.6;31796326.4;0.0;130485670.0;0.0;6976315.9;394.9;14995236.3;2818.4;37186575.9;0.0;131864810.8;0.990;49.993;960.1;10577054.5;0.0;42900194.6;0.0;2375179.8;91.4;6125224.1;964.4;12884341.7;0.0;43326626.2;4.355;228.974;0.995;922.6;6845261.4;0.0;46057057.5;0.0;2306295.7;138.3;5923324.2;932.9;9582584.7;0.0;46645541.6;4.254;228.735;0.989;907.9;16480795.6;0.0;43635203.0;0.0;3105195.0;165.2;3757042.8;922.8;18261647.1;0.0;44132423.7;4.253;228.937;0.984
Wed Dec  1 06:52:02 2021;1638337922.000752659;2806.2;31796373.1;0.0;130485670.0;0.0;6976315.9;389.3;14995242.8;2833.1;37186623.0;0.0;131864810.8;0.991;49.961;962.6;10577070.5;0.0;42900194.6;0.0;2375179.8;87.8;6125225.5;966.6;12884357.8;0.0;43326626.2;4.357;228.901;0.996;926.0;6845276.8;0.0;46057057.5;0.0;2306295.7;136.2;5923326.5;936.0;9582600.3;0.0;46645541.6;4.264;228.573;0.989;917.6;16480810.8;0.0;43635203.0;0.0;3105195.0;165.3;3757045.5;932.3;18261662.6;0.0;44132423.7;4.291;228.837;0.984
Wed Dec  1 06:53:01 2021;1638337981.986305769;2820.9;31796419.9;0.0;130485670.0;0.0;6976315.9;380.5;14995249.1;2846.5;37186670.3;0.0;131864810.8;0.991;49.965;972.3;10577086.6;0.0;42900194.6;0.0;2375179.8;83.9;6125226.9;976.0;12884374.0;0.0;43326626.2;4.403;228.940;0.996;928.2;6845292.2;0.0;46057057.5;0.0;2306295.7;132.9;5923328.7;937.7;9582615.9;0.0;46645541.6;4.278;228.440;0.990;920.4;16480826.1;0.0;43635203.0;0.0;3105195.0;163.7;3757048.2;934.8;18261678.1;0.0;44132423.7;4.303;228.957;0.985
Wed Dec  1 06:54:01 2021;1638338041.973618836;2832.6;31796467.0;0.0;130485670.0;0.0;6976315.9;374.4;14995255.3;2857.3;37186717.8;0.0;131864810.8;0.991;49.973;974.0;10577102.8;0.0;42900194.6;0.0;2375179.8;82.4;6125228.3;977.4;12884390.3;0.0;43326626.2;4.403;228.954;0.996;932.7;6845307.8;0.0;46057057.5;0.0;2306295.7;130.9;5923330.9;941.9;9582631.6;0.0;46645541.6;4.292;228.407;0.990;925.9;16480841.5;0.0;43635203.0;0.0;3105195.0;161.1;3757050.9;939.8;18261693.7;0.0;44132423.7;4.320;228.910;0.985
Wed Dec  1 06:55:01 2021;1638338101.973290549;2859.3;31796514.7;0.0;130485670.0;0.0;6976315.9;362.4;14995261.4;2882.1;37186765.9;0.0;131864810.8;0.992;49.982;978.3;10577119.1;0.0;42900194.6;0.0;2375179.8;79.5;6125229.6;981.5;12884406.6;0.0;43326626.2;4.422;228.949;0.997;954.4;6845323.5;0.0;46057057.5;0.0;2306295.7;127.4;5923333.0;962.8;9582647.4;0.0;46645541.6;4.403;228.548;0.991;926.6;16480857.2;0.0;43635203.0;0.0;3105195.0;155.5;3757053.5;939.6;18261709.7;0.0;44132423.7;4.316;229.016;0.986
Wed Dec  1 06:56:01 2021;1638338161.973842475;2867.1;31796563.8;0.0;130485670.0;0.0;6976316.0;355.2;14995267.2;2889.1;37186815.3;0.0;131864810.8;0.992;50.008;976.4;10577136.8;0.0;42900194.6;0.0;2375180.1;80.5;6125231.0;979.7;12884424.3;0.0;43326626.2;4.419;229.118;0.997;959.6;6845339.4;0.0;46057057.5;0.0;2306295.7;123.7;5923335.1;967.5;9582663.5;0.0;46645541.6;4.419;228.858;0.992;931.2;16480872.7;0.0;43635203.0;0.0;3105195.0;151.0;3757056.1;943.3;18261725.4;0.0;44132423.7;4.332;229.154;0.987
Wed Dec  1 06:57:01 2021;1638338221.930008260;2864.4;31796611.6;0.0;130485670.0;0.0;6976316.0;348.2;14995273.1;2885.5;37186863.5;0.0;131864810.8;0.993;50.002;969.7;10577153.0;0.0;42900194.6;0.0;2375180.1;78.8;6125232.3;972.9;12884440.6;0.0;43326626.2;4.393;228.843;0.997;962.6;6845355.4;0.0;46057057.5;0.0;2306295.7;121.0;5923337.2;970.2;9582679.7;0.0;46645541.6;4.434;228.624;0.992;932.1;16480888.2;0.0;43635203.0;0.0;3105195.0;148.4;3757058.6;943.8;18261741.1;0.0;44132423.7;4.339;228.829;0.988
Wed Dec  1 06:58:02 2021;1638338282.415260567;2829.9;31796659.5;0.0;130485670.0;0.0;6976316.0;319.4;14995278.7;2847.9;37186911.7;0.0;131864810.8;0.994;50.029;975.7;10577169.3;0.0;42900194.6;0.0;2375180.1;69.5;6125233.6;978.2;12884457.0;0.0;43326626.2;4.425;228.590;0.997;968.5;6845371.7;0.0;46057057.5;0.0;2306295.7;113.3;5923339.2;975.1;9582696.0;0.0;46645541.6;4.466;228.239;0.993;885.8;16480903.6;0.0;43635203.0;0.0;3105195.0;136.6;3757061.0;896.2;18261756.6;0.0;44132423.7;4.083;228.680;0.988
Wed Dec  1 06:59:01 2021;1638338341.901292222;2844.8;31796706.4;0.0;130485670.0;0.0;6976316.0;319.4;14995284.0;2862.6;37186958.9;0.0;131864810.8;0.994;50.021;980.8;10577185.5;0.0;42900194.6;0.0;2375180.1;71.7;6125234.7;983.4;12884473.2;0.0;43326626.2;4.440;228.933;0.997;974.4;6845387.7;0.0;46057057.5;0.0;2306295.7;112.1;5923341.0;980.8;9582712.2;0.0;46645541.6;4.486;228.500;0.993;889.6;16480918.2;0.0;43635203.0;0.0;3105195.0;135.6;3757063.3;899.9;18261771.5;0.0;44132423.7;4.099;228.816;0.989
Wed Dec  1 07:00:02 2021;1638338402.388175418;2856.7;31796754.3;0.0;130485670.0;0.0;6976316.0;301.6;14995289.2;2872.6;37187007.1;0.0;131864810.8;0.994;50.023;986.9;10577202.0;0.0;42900194.6;0.0;2375180.1;62.2;6125235.9;988.9;12884489.8;0.0;43326626.2;4.472;228.667;0.998;974.7;6845404.1;0.0;46057057.5;0.0;2306295.7;107.6;5923342.9;980.6;9582728.6;0.0;46645541.6;4.493;228.177;0.994;895.1;16480933.2;0.0;43635203.0;0.0;3105195.0;131.8;3757065.5;904.7;18261786.6;0.0;44132423.7;4.123;228.659;0.989
Wed Dec  1 07:01:02 2021;1638338462.373786660;2875.2;31796802.0;0.0;130485670.0;0.0;6976316.0;289.3;14995294.3;2889.7;37187055.1;0.0;131864810.8;0.995;50.067;988.8;10577218.5;0.0;42900194.6;0.0;2375180.1;59.3;6125236.9;990.6;12884506.2;0.0;43326626.2;4.484;228.688;0.998;983.0;6845420.4;0.0;46057057.5;0.0;2306295.7;102.7;5923344.7;988.3;9582745.0;0.0;46645541.6;4.522;228.696;0.995;903.4;16480948.2;0.0;43635203.0;0.0;3105195.0;127.4;3757067.7;912.4;18261801.8;0.0;44132423.7;4.158;228.964;0.990
Wed Dec  1 07:02:02 2021;1638338522.373200540;2886.5;31796850.0;0.0;130485670.0;0.0;6976316.0;286.0;14995299.1;2900.7;37187103.3;0.0;131864810.8;0.995;50.085;990.7;10577234.9;0.0;42900194.6;0.0;2375180.1;59.3;6125237.9;992.5;12884522.8;0.0;43326626.2;4.485;228.990;0.998;989.5;6845436.8;0.0;46057057.5;0.0;2306295.7;100.5;5923346.4;994.6;9582761.6;0.0;46645541.6;4.541;229.070;0.995;906.4;16480963.3;0.0;43635203.0;0.0;3105195.0;126.1;3757069.9;915.1;18261817.0;0.0;44132423.7;4.165;229.063;0.990
Wed Dec  1 07:03:02 2021;1638338582.373734344;2898.5;31796898.2;0.0;130485670.0;0.0;6976316.0;281.9;14995303.9;2912.2;37187151.8;0.0;131864810.8;0.995;50.075;996.3;10577251.5;0.0;42900194.6;0.0;2375180.1;58.0;6125238.9;998.0;12884539.4;0.0;43326626.2;4.504;229.280;0.998;994.0;6845453.4;0.0;46057057.5;0.0;2306295.7;98.4;5923348.0;998.8;9582778.2;0.0;46645541.6;4.561;229.059;0.995;908.2;16480978.4;0.0;43635203.0;0.0;3105195.0;125.5;3757072.0;916.8;18261832.3;0.0;44132423.7;4.168;229.220;0.991
Wed Dec  1 07:04:02 2021;1638338642.331440710;2914.4;31796946.7;0.0;130485670.0;0.0;6976316.0;263.0;14995308.3;2926.3;37187200.4;0.0;131864810.8;0.996;50.083;1003.7;10577268.2;0.0;42900194.6;0.0;2375180.1;52.2;6125239.8;1005.1;12884556.1;0.0;43326626.2;4.544;228.919;0.999;997.0;6845469.9;0.0;46057057.5;0.0;2306295.7;91.9;5923349.6;1001.3;9582794.8;0.0;46645541.6;4.576;228.841;0.996;913.7;16480993.6;0.0;43635203.0;0.0;3105195.0;118.9;3757074.0;921.4;18261847.6;0.0;44132423.7;4.196;228.942;0.992
Wed Dec  1 07:05:02 2021;1638338702.317135673;2928.4;31796995.3;0.0;130485670.0;0.0;6976316.0;240.9;14995312.5;2938.3;37187249.2;0.0;131864810.8;0.997;50.069;1008.7;10577284.9;0.0;42900194.6;0.0;2375180.1;44.7;6125240.6;1009.7;12884572.8;0.0;43326626.2;4.571;228.766;0.999;1001.2;6845486.6;0.0;46057057.5;0.0;2306295.7;84.7;5923351.1;1004.8;9582811.6;0.0;46645541.6;4.600;228.595;0.996;918.4;16481008.9;0.0;43635203.0;0.0;3105195.0;111.6;3757075.9;925.2;18261863.0;0.0;44132423.7;4.220;228.757;0.993
Wed Dec  1 07:06:02 2021;1638338762.302649819;2944.8;31797044.2;0.0;130485670.0;0.0;6976316.0;236.5;14995316.5;2954.3;37187298.3;0.0;131864810.8;0.997;50.049;1014.0;10577301.7;0.0;42900194.6;0.0;2375180.1;42.6;6125241.3;1014.9;12884589.6;0.0;43326626.2;4.589;229.008;0.999;1006.6;6845503.4;0.0;46057057.5;0.0;2306295.7;83.4;5923352.5;1010.0;9582828.4;0.0;46645541.6;4.618;228.801;0.997;924.2;16481024.3;0.0;43635203.0;0.0;3105195.0;110.6;3757077.8;930.8;18261878.5;0.0;44132423.7;4.240;228.968;0.993
Wed Dec  1 07:07:02 2021;1638338822.289387639;2945.7;31797093.3;0.0;130485670.0;0.0;6976316.0;216.1;14995320.2;2953.6;37187347.5;0.0;131864810.8;0.997;50.017;1012.2;10577318.5;0.0;42900194.6;0.0;2375180.1;36.0;6125241.9;1012.8;12884606.4;0.0;43326626.2;4.588;228.601;0.999;1007.8;6845520.2;0.0;46057057.5;0.0;2306295.7;78.5;5923353.8;1010.9;9582845.2;0.0;46645541.6;4.630;228.427;0.997;925.7;16481039.7;0.0;43635203.0;0.0;3105195.0;101.5;3757079.5;931.3;18261894.0;0.0;44132423.7;4.249;228.730;0.994
Wed Dec  1 07:08:02 2021;1638338882.274963649;2965.1;31797142.6;0.0;130485670.0;0.0;6976316.0;212.7;14995323.7;2972.7;37187396.9;0.0;131864810.8;0.997;50.023;1016.9;10577335.4;0.0;42900194.6;0.0;2375180.1;33.2;6125242.5;1017.4;12884623.3;0.0;43326626.2;4.606;228.677;0.999;1014.2;6845537.0;0.0;46057057.5;0.0;2306295.7;77.0;5923355.1;1017.1;9582862.1;0.0;46645541.6;4.655;228.454;0.997;934.1;16481055.2;0.0;43635203.0;0.0;3105195.0;102.5;3757081.2;939.7;18261909.6;0.0;44132423.7;4.283;228.777;0.994
Wed Dec  1 07:09:02 2021;1638338942.273018725;376.7;31797186.7;0.0;130485670.0;0.0;6976316.0;1047.5;14995329.1;1113.2;37187442.4;0.0;131864810.8;0.338;49.985;190.1;10577350.7;0.0;42900194.6;0.0;2375180.1;308.6;6125243.7;362.4;12884638.9;0.0;43326626.2;1.706;228.226;0.525;80.7;6845552.0;0.0;46057057.5;0.0;2306295.7;363.0;5923357.0;371.8;9582877.6;0.0;46645541.6;1.713;228.082;0.217;105.8;16481069.1;0.0;43635203.0;0.0;3105195.0;376.0;3757083.5;390.6;18261924.0;0.0;44132423.7;1.811;228.300;0.271
Wed Dec  1 07:10:02 2021;1638339002.273556636;319.4;31797192.3;0.0;130485670.0;0.0;6976316.0;1038.7;14995346.5;1086.7;37187460.6;0.0;131864810.8;0.294;50.007;133.4;10577353.2;0.0;42900194.6;0.0;2375180.1;300.0;6125248.7;328.4;12884644.5;0.0;43326626.2;1.563;228.603;0.406;81.1;6845553.4;0.0;46057057.5;0.0;2306295.7;362.4;5923363.1;371.4;9582883.8;0.0;46645541.6;1.708;228.337;0.218;104.9;16481070.8;0.0;43635203.0;0.0;3105195.0;376.2;3757089.8;390.6;18261930.6;0.0;44132423.7;1.807;228.599;0.269
Wed Dec  1 07:11:02 2021;1638339062.233170766;297.7;31797197.5;0.0;130485670.0;0.0;6976316.0;1035.4;14995363.7;1077.3;37187478.6;0.0;131864810.8;0.276;49.989;132.0;10577355.4;0.0;42900194.6;0.0;2375180.1;298.8;6125253.7;326.6;12884650.0;0.0;43326626.2;1.571;228.246;0.404;62.2;6845554.6;0.0;46057057.5;0.0;2306295.7;362.6;5923369.1;367.9;9582890.0;0.0;46645541.6;1.670;228.033;0.169;103.5;16481072.5;0.0;43635203.0;0.0;3105195.0;374.0;3757096.0;388.0;18261937.0;0.0;44132423.7;1.808;228.063;0.267
Wed Dec  1 07:12:02 2021;1638339122.219286672;299.7;31797202.5;0.0;130485670.0;0.0;6976316.0;1038.7;14995381.0;1081.0;37187496.6;0.0;131864810.8;0.277;49.963;131.6;10577357.6;0.0;42900194.6;0.0;2375180.1;299.4;6125258.7;327.0;12884655.5;0.0;43326626.2;1.560;228.550;0.402;62.8;6845555.7;0.0;46057057.5;0.0;2306295.7;363.8;5923375.1;369.2;9582896.1;0.0;46645541.6;1.669;228.358;0.170;105.2;16481074.3;0.0;43635203.0;0.0;3105195.0;375.5;3757102.3;390.0;18261943.5;0.0;44132423.7;1.809;228.431;0.270
Wed Dec  1 07:13:02 2021;1638339182.204274310;4216.9;31797224.3;0.0;130485670.0;1907.9;6976323.1;0.0;14995394.5;4628.4;37187528.9;0.0;131864810.8;0.911;49.981;1346.6;10577364.5;0.0;42900194.6;756.4;2375183.0;0.0;6125262.5;1544.5;12884665.5;0.0;43326626.2;6.794;227.971;0.872;1223.7;6845561.1;0.0;46057057.5;581.8;2306297.9;0.0;5923379.8;1355.0;9582906.0;0.0;46645541.6;5.963;227.805;0.903;1646.6;16481083.9;0.0;43635203.0;569.8;3105197.2;0.0;3757107.2;1742.4;18261956.2;0.0;44132423.7;7.671;227.641;0.945
Wed Dec  1 07:14:02 2021;1638339242.190154170;4398.7;31797296.0;0.0;130485670.0;1914.2;6976355.0;0.0;14995394.5;4797.1;37187607.3;0.0;131864810.8;0.917;49.988;1407.2;10577387.4;0.0;42900194.6;762.6;2375195.6;0.0;6125262.5;1600.5;12884691.8;0.0;43326626.2;7.046;227.759;0.879;1282.6;6845581.9;0.0;46057057.5;584.1;2306307.6;0.0;5923379.8;1409.3;9582929.0;0.0;46645541.6;6.209;227.541;0.910;1708.9;16481111.8;0.0;43635203.0;567.5;3105206.6;0.0;3757107.2;1800.7;18261985.7;0.0;44132423.7;7.935;227.420;0.949
Wed Dec  1 07:15:02 2021;1638339302.676187893;4507.8;31797370.9;0.0;130485670.0;1912.3;6976387.2;0.0;14995394.5;4896.7;37187688.8;0.0;131864810.8;0.921;49.998;1445.0;10577411.5;0.0;42900194.6;761.6;2375208.5;0.0;6125262.5;1633.5;12884719.0;0.0;43326626.2;7.204;227.327;0.885;1317.6;6845603.7;0.0;46057057.5;582.9;2306317.5;0.0;5923379.8;1440.8;9582952.9;0.0;46645541.6;6.360;227.084;0.915;1745.2;16481140.8;0.0;43635203.0;567.8;3105216.2;0.0;3757107.2;1835.2;18262016.2;0.0;44132423.7;8.102;226.982;0.951
Wed Dec  1 07:16:02 2021;1638339362.173665748;4577.0;31797446.0;0.0;130485670.0;1928.5;6976418.8;0.0;14995394.5;4966.6;37187770.3;0.0;131864810.8;0.922;49.967;1459.1;10577435.4;0.0;42900194.6;771.6;2375221.1;0.0;6125262.5;1650.6;12884746.1;0.0;43326626.2;7.281;227.279;0.884;1339.7;6845625.7;0.0;46057057.5;577.7;2306327.0;0.0;5923379.8;1459.0;9582976.8;0.0;46645541.6;6.438;227.136;0.918;1778.1;16481170.0;0.0;43635203.0;579.1;3105225.6;0.0;3757107.2;1870.1;18262046.9;0.0;44132423.7;8.229;227.716;0.951
Wed Dec  1 07:17:02 2021;1638339422.173505955;4602.2;31797522.5;0.0;130485670.0;1935.0;6976450.9;0.0;14995394.5;4992.5;37187853.3;0.0;131864810.8;0.922;49.964;1466.2;10577459.8;0.0;42900194.6;770.8;2375233.9;0.0;6125262.5;1656.5;12884773.6;0.0;43326626.2;7.302;227.443;0.885;1350.6;6845648.1;0.0;46057057.5;581.7;2306336.6;0.0;5923379.8;1470.6;9583001.3;0.0;46645541.6;6.487;227.227;0.918;1785.4;16481199.7;0.0;43635203.0;582.5;3105235.2;0.0;3757107.2;1878.0;18262078.1;0.0;44132423.7;8.261;227.776;0.951
Wed Dec  1 07:18:02 2021;1638339482.134248830;4580.5;31797601.7;0.0;130485670.0;1935.6;6976483.1;0.0;14995394.5;4972.7;37187938.8;0.0;131864810.8;0.921;49.954;1437.4;10577486.6;0.0;42900194.6;772.9;2375246.6;0.0;6125262.5;1632.0;12884803.3;0.0;43326626.2;7.201;227.213;0.881;1355.4;6845670.8;0.0;46057057.5;578.8;2306346.3;0.0;5923379.8;1473.8;9583025.9;0.0;46645541.6;6.505;227.126;0.920;1787.7;16481229.4;0.0;43635203.0;583.9;3105245.0;0.0;3757107.2;1880.7;18262109.4;0.0;44132423.7;8.277;227.670;0.951
Wed Dec  1 07:19:02 2021;1638339542.120070326;4677.7;31797678.6;0.0;130485670.0;1925.2;6976515.5;0.0;14995394.5;5058.4;37188022.2;0.0;131864810.8;0.925;49.983;1524.6;10577511.0;0.0;42900194.6;768.3;2375259.7;0.0;6125262.5;1707.2;12884830.9;0.0;43326626.2;7.534;227.073;0.893;1358.8;6845693.4;0.0;46057057.5;573.8;2306355.9;0.0;5923379.8;1475.0;9583050.5;0.0;46645541.6;6.511;227.064;0.921;1794.3;16481259.3;0.0;43635203.0;583.2;3105254.8;0.0;3757107.2;1886.7;18262140.8;0.0;44132423.7;8.304;227.672;0.951
Wed Dec  1 07:20:02 2021;1638339602.106867961;655.2;31797716.9;0.0;130485670.0;0.0;6976528.6;1055.8;14995404.9;1242.5;37188068.9;0.0;131864810.8;0.527;49.977;211.0;10577523.5;0.0;42900194.6;0.0;2375264.9;303.0;6125265.5;369.2;12884846.2;0.0;43326626.2;1.725;228.108;0.572;64.6;6845703.3;0.0;46057057.5;0.0;2306359.8;362.7;5923383.4;368.4;9583064.1;0.0;46645541.6;1.666;227.965;0.175;379.6;16481275.3;0.0;43635203.0;0.0;3105258.8;390.1;3757111.0;544.3;18262159.0;0.0;44132423.7;2.453;228.731;0.697
Wed Dec  1 07:21:02 2021;1638339662.092703580;378.7;31797725.0;0.0;130485670.0;0.0;6976528.6;1040.6;14995422.3;1107.4;37188088.2;0.0;131864810.8;0.342;49.988;212.6;10577527.0;0.0;42900194.6;0.0;2375264.9;303.0;6125270.5;370.1;12884852.4;0.0;43326626.2;1.733;227.780;0.574;62.1;6845704.3;0.0;46057057.5;0.0;2306359.8;361.7;5923389.4;367.0;9583070.3;0.0;46645541.6;1.663;227.634;0.169;104.1;16481278.8;0.0;43635203.0;0.0;3105258.8;375.9;3757117.4;390.0;18262166.6;0.0;44132423.7;1.804;228.544;0.267
Wed Dec  1 07:22:02 2021;1638339722.086521254;375.8;31797731.3;0.0;130485670.0;0.0;6976528.6;1034.7;14995439.6;1100.8;37188106.6;0.0;131864810.8;0.341;49.987;212.2;10577530.5;0.0;42900194.6;0.0;2375264.9;301.9;6125275.6;369.0;12884858.5;0.0;43326626.2;1.742;227.693;0.575;61.9;6845705.3;0.0;46057057.5;0.0;2306359.8;361.0;5923395.5;366.2;9583076.4;0.0;46645541.6;1.667;227.501;0.169;101.7;16481280.5;0.0;43635203.0;0.0;3105258.8;371.8;3757123.6;385.5;18262173.0;0.0;44132423.7;1.793;228.342;0.264
Wed Dec  1 07:23:02 2021;1638339782.082137481;380.1;31797737.5;0.0;130485670.0;0.0;6976528.6;1038.7;14995456.9;1106.0;37188124.9;0.0;131864810.8;0.344;50.014;215.0;10577534.0;0.0;42900194.6;0.0;2375264.9;303.1;6125280.6;371.6;12884864.6;0.0;43326626.2;1.751;228.009;0.579;62.3;6845706.4;0.0;46057057.5;0.0;2306359.8;362.1;5923401.5;367.4;9583082.5;0.0;46645541.6;1.669;227.773;0.169;102.8;16481282.2;0.0;43635203.0;0.0;3105258.8;373.5;3757129.8;387.4;18262179.5;0.0;44132423.7;1.800;228.647;0.266
Wed Dec  1 07:24:02 2021;1638339842.080359880;374.2;31797743.8;0.0;130485670.0;0.0;6976528.6;1035.5;14995474.2;1101.1;37188143.3;0.0;131864810.8;0.340;49.976;208.1;10577537.5;0.0;42900194.6;0.0;2375264.9;301.0;6125285.7;365.9;12884870.8;0.0;43326626.2;1.728;227.507;0.569;62.3;6845707.4;0.0;46057057.5;0.0;2306359.8;360.6;5923407.5;366.0;9583088.6;0.0;46645541.6;1.667;227.415;0.170;103.9;16481284.0;0.0;43635203.0;0.0;3105258.8;373.9;3757136.1;388.0;18262185.9;0.0;44132423.7;1.807;228.134;0.268
Wed Dec  1 07:25:02 2021;1638339902.535694193;380.6;31797750.1;0.0;130485670.0;0.0;6976528.6;1037.1;14995491.6;1104.7;37188161.9;0.0;131864810.8;0.345;49.978;213.5;10577541.0;0.0;42900194.6;0.0;2375264.9;301.6;6125290.7;369.5;12884876.9;0.0;43326626.2;1.748;227.293;0.578;60.8;6845708.4;0.0;46057057.5;0.0;2306359.8;361.4;5923413.6;366.5;9583094.8;0.0;46645541.6;1.668;227.283;0.166;106.3;16481285.7;0.0;43635203.0;0.0;3105258.8;374.1;3757142.4;388.9;18262192.5;0.0;44132423.7;1.813;228.009;0.273
Wed Dec  1 07:26:02 2021;1638339962.522110664;379.6;31797756.4;0.0;130485670.0;0.0;6976528.6;1034.8;14995508.8;1102.3;37188180.2;0.0;131864810.8;0.344;49.970;213.6;10577544.5;0.0;42900194.6;0.0;2375264.9;301.2;6125295.7;369.2;12884883.1;0.0;43326626.2;1.752;227.025;0.578;60.7;6845709.5;0.0;46057057.5;0.0;2306359.8;360.6;5923419.6;365.7;9583100.9;0.0;46645541.6;1.667;226.999;0.166;105.4;16481287.5;0.0;43635203.0;0.0;3105258.8;373.0;3757148.6;387.6;18262198.9;0.0;44132423.7;1.811;227.750;0.272
Wed Dec  1 07:27:02 2021;1638340022.508187533;377.4;31797762.6;0.0;130485670.0;0.0;6976528.6;1032.6;14995526.1;1099.4;37188198.5;0.0;131864810.8;0.343;49.974;211.3;10577548.0;0.0;42900194.6;0.0;2375264.9;300.1;6125300.7;367.0;12884889.2;0.0;43326626.2;1.746;226.792;0.576;60.8;6845710.5;0.0;46057057.5;0.0;2306359.8;359.9;5923425.6;365.0;9583107.0;0.0;46645541.6;1.665;226.786;0.166;105.3;16481289.2;0.0;43635203.0;0.0;3105258.8;372.6;3757154.8;387.2;18262205.4;0.0;44132423.7;1.811;227.480;0.272
Wed Dec  1 07:28:02 2021;1638340082.493769886;588.7;31797771.8;0.0;130485670.0;0.0;6976528.6;836.9;14995540.5;1023.2;37188215.8;0.0;131864810.8;0.575;49.981;422.6;10577554.5;0.0;42900194.6;0.0;2375264.9;104.9;6125303.0;435.4;12884896.2;0.0;43326626.2;2.031;226.657;0.971;60.9;6845711.5;0.0;46057057.5;0.0;2306359.8;359.6;5923431.6;364.7;9583113.0;0.0;46645541.6;1.664;226.674;0.167;105.3;16481290.9;0.0;43635203.0;0.0;3105258.8;372.5;3757161.0;387.0;18262211.8;0.0;44132423.7;1.810;227.525;0.272
Wed Dec  1 07:29:02 2021;1638340142.479661635;573.3;31797781.4;0.0;130485670.0;0.0;6976528.6;839.2;14995554.5;1016.3;37188232.7;0.0;131864810.8;0.564;49.971;407.1;10577561.3;0.0;42900194.6;0.0;2375264.9;106.2;6125304.7;420.8;12884903.3;0.0;43326626.2;1.966;226.794;0.968;60.7;6845712.5;0.0;46057057.5;0.0;2306359.8;359.8;5923437.6;364.9;9583119.1;0.0;46645541.6;1.664;226.894;0.166;105.5;16481292.7;0.0;43635203.0;0.0;3105258.8;373.1;3757167.2;387.7;18262218.3;0.0;44132423.7;1.814;227.688;0.272
Wed Dec  1 07:30:02 2021;1638340202.473588276;481.6;31797789.9;0.0;130485670.0;0.0;6976528.6;839.5;14995568.4;967.8;37188249.1;0.0;131864810.8;0.498;50.013;316.4;10577567.0;0.0;42900194.6;0.0;2375264.9;103.6;6125306.4;332.9;12884909.2;0.0;43326626.2;1.581;227.586;0.950;61.5;6845713.5;0.0;46057057.5;0.0;2306359.8;362.7;5923443.6;367.9;9583125.2;0.0;46645541.6;1.670;227.680;0.167;103.7;16481294.4;0.0;43635203.0;0.0;3105258.8;373.2;3757173.4;387.3;18262224.7;0.0;44132423.7;1.807;227.808;0.268
Wed Dec  1 07:31:02 2021;1638340262.473246155;476.7;31797797.8;0.0;130485670.0;0.0;6976528.6;837.1;14995582.4;963.3;37188265.1;0.0;131864810.8;0.495;49.975;309.8;10577572.2;0.0;42900194.6;0.0;2375264.9;103.5;6125308.2;326.7;12884914.7;0.0;43326626.2;1.560;227.321;0.948;61.3;6845714.6;0.0;46057057.5;0.0;2306359.8;361.3;5923449.7;366.5;9583131.4;0.0;46645541.6;1.668;227.427;0.167;105.6;16481296.2;0.0;43635203.0;0.0;3105258.8;372.2;3757179.6;386.9;18262231.1;0.0;44132423.7;1.812;227.533;0.273
Wed Dec  1 07:32:02 2021;1638340322.473109431;507.6;31797806.0;0.0;130485670.0;0.0;6976528.6;841.4;14995596.4;982.7;37188281.3;0.0;131864810.8;0.517;49.974;308.4;10577577.3;0.0;42900194.6;0.0;2375264.9;104.2;6125309.9;325.5;12884920.1;0.0;43326626.2;1.556;227.320;0.947;61.7;6845715.6;0.0;46057057.5;0.0;2306359.8;361.3;5923455.7;366.5;9583137.5;0.0;46645541.6;1.671;227.418;0.168;137.5;16481298.1;0.0;43635203.0;0.0;3105258.8;376.0;3757185.8;400.4;18262237.7;0.0;44132423.7;1.940;227.422;0.344
Wed Dec  1 07:33:02 2021;1638340382.423892274;500.5;31797814.3;0.0;130485670.0;0.0;6976528.6;839.3;14995610.4;977.2;37188297.6;0.0;131864810.8;0.512;49.971;303.3;10577582.4;0.0;42900194.6;0.0;2375264.9;105.0;6125311.7;321.0;12884925.5;0.0;43326626.2;1.541;227.005;0.945;61.5;6845716.6;0.0;46057057.5;0.0;2306359.8;360.1;5923461.7;365.3;9583143.6;0.0;46645541.6;1.669;227.003;0.168;135.7;16481300.4;0.0;43635203.0;0.0;3105258.8;374.1;3757192.1;398.0;18262244.3;0.0;44132423.7;1.934;227.012;0.341
Wed Dec  1 07:34:02 2021;1638340442.409500683;494.2;31797822.6;0.0;130485670.0;0.0;6976528.6;837.1;14995624.4;972.1;37188313.9;0.0;131864810.8;0.508;49.980;299.8;10577587.4;0.0;42900194.6;0.0;2375264.9;105.5;6125313.4;317.8;12884930.8;0.0;43326626.2;1.524;227.134;0.943;61.0;6845717.6;0.0;46057057.5;0.0;2306359.8;360.0;5923467.7;365.2;9583149.7;0.0;46645541.6;1.668;226.976;0.167;133.4;16481302.7;0.0;43635203.0;0.0;3105258.8;371.6;3757198.3;394.9;18262251.0;0.0;44132423.7;1.917;227.214;0.338
Wed Dec  1 07:35:02 2021;1638340502.395382156;495.3;31797830.8;0.0;130485670.0;0.0;6976528.6;842.3;14995638.4;977.1;37188330.1;0.0;131864810.8;0.507;49.979;297.9;10577592.4;0.0;42900194.6;0.0;2375264.9;106.2;6125315.2;316.3;12884936.1;0.0;43326626.2;1.515;227.354;0.942;61.3;6845718.6;0.0;46057057.5;0.0;2306359.8;360.6;5923473.7;365.8;9583155.7;0.0;46645541.6;1.667;227.177;0.168;136.1;16481304.9;0.0;43635203.0;0.0;3105258.8;375.4;3757204.6;399.4;18262257.6;0.0;44132423.7;1.935;227.342;0.341
Wed Dec  1 07:36:02 2021;1638340562.381365759;326.4;31797837.2;0.0;130485670.0;0.0;6976528.6;1032.3;14995654.4;1082.7;37188347.5;0.0;131864810.8;0.302;49.970;128.4;10577595.5;0.0;42900194.6;0.0;2375264.9;296.8;6125319.0;323.4;12884941.4;0.0;43326626.2;1.547;227.284;0.397;61.4;6845719.6;0.0;46057057.5;0.0;2306359.8;360.9;5923479.7;366.0;9583161.8;0.0;46645541.6;1.668;227.281;0.168;136.6;16481307.2;0.0;43635203.0;0.0;3105258.8;374.6;3757210.8;398.8;18262264.3;0.0;44132423.7;1.937;227.258;0.343
Wed Dec  1 07:37:02 2021;1638340622.373517233;323.2;31797842.6;0.0;130485670.0;0.0;6976528.6;1031.5;14995671.6;1081.0;37188365.5;0.0;131864810.8;0.299;49.972;125.6;10577597.6;0.0;42900194.6;0.0;2375264.9;296.6;6125323.9;322.1;12884946.7;0.0;43326626.2;1.538;227.270;0.390;60.9;6845720.7;0.0;46057057.5;0.0;2306359.8;360.8;5923485.7;365.9;9583167.9;0.0;46645541.6;1.668;227.199;0.166;136.7;16481309.5;0.0;43635203.0;0.0;3105258.8;374.1;3757217.1;398.3;18262270.9;0.0;44132423.7;1.937;226.951;0.343
Wed Dec  1 07:38:02 2021;1638340682.373086590;319.4;31797848.0;0.0;130485670.0;0.0;6976528.6;1025.1;14995688.7;1073.8;37188383.5;0.0;131864810.8;0.297;49.966;125.4;10577599.7;0.0;42900194.6;0.0;2375264.9;295.6;6125328.8;321.1;12884952.1;0.0;43326626.2;1.536;226.905;0.391;60.9;6845721.7;0.0;46057057.5;0.0;2306359.8;359.4;5923491.7;364.6;9583174.0;0.0;46645541.6;1.665;226.846;0.167;133.2;16481311.7;0.0;43635203.0;0.0;3105258.8;370.1;3757223.3;393.3;18262277.5;0.0;44132423.7;1.915;226.754;0.339
Wed Dec  1 07:39:02 2021;1638340742.373314871;325.5;31797853.4;0.0;130485670.0;0.0;6976528.6;1030.3;14995705.9;1080.5;37188401.4;0.0;131864810.8;0.301;49.989;128.0;10577601.8;0.0;42900194.6;0.0;2375264.9;296.4;6125333.8;322.9;12884957.5;0.0;43326626.2;1.543;227.101;0.396;61.3;6845722.7;0.0;46057057.5;0.0;2306359.8;360.3;5923497.7;365.4;9583180.1;0.0;46645541.6;1.669;227.068;0.168;136.2;16481313.9;0.0;43635203.0;0.0;3105258.8;373.6;3757229.5;397.6;18262284.1;0.0;44132423.7;1.933;226.774;0.342
Wed Dec  1 07:40:02 2021;1638340802.325917658;1026.5;31797871.4;0.0;130485670.0;212.5;6976531.3;0.0;14995713.4;1048.2;37188425.3;0.0;131864810.8;0.979;49.965;370.7;10577608.2;0.0;42900194.6;118.0;2375266.2;0.0;6125335.9;389.0;12884965.5;0.0;43326626.2;1.798;227.349;0.953;290.3;6845727.9;0.0;46057057.5;61.1;2306360.6;0.0;5923500.3;296.6;9583187.6;0.0;46645541.6;1.364;227.270;0.979;365.5;16481320.4;0.0;43635203.0;33.4;3105259.3;0.0;3757232.2;367.0;18262292.5;0.0;44132423.7;1.787;227.171;0.996
Wed Dec  1 07:41:02 2021;1638340862.311477216;324.7;31797878.6;0.0;130485670.0;0.0;6976531.8;1040.0;14995728.4;1089.5;37188443.5;0.0;131864810.8;0.298;49.977;126.1;10577610.9;0.0;42900194.6;0.0;2375266.5;298.5;6125340.3;324.0;12884971.1;0.0;43326626.2;1.540;228.291;0.389;61.1;6845729.5;0.0;46057057.5;0.0;2306360.8;363.3;5923505.6;368.5;9583193.7;0.0;46645541.6;1.674;228.175;0.166;137.5;16481323.2;0.0;43635203.0;0.0;3105259.4;378.2;3757237.7;402.4;18262299.2;0.0;44132423.7;1.942;228.188;0.342
Wed Dec  1 07:42:02 2021;1638340922.297766321;326.8;31797884.0;0.0;130485670.0;0.0;6976531.8;1035.6;14995745.7;1085.9;37188461.6;0.0;131864810.8;0.301;49.969;128.7;10577613.0;0.0;42900194.6;0.0;2375266.5;297.9;6125345.2;324.5;12884976.5;0.0;43326626.2;1.549;228.028;0.396;61.0;6845730.5;0.0;46057057.5;0.0;2306360.8;361.2;5923511.7;366.3;9583199.8;0.0;46645541.6;1.670;227.478;0.167;137.2;16481325.5;0.0;43635203.0;0.0;3105259.4;376.5;3757243.9;400.7;18262305.8;0.0;44132423.7;1.939;227.695;0.342
Wed Dec  1 07:43:02 2021;1638340982.282907486;358.5;31797889.9;0.0;130485670.0;0.0;6976531.8;1038.1;14995763.1;1098.3;37188479.9;0.0;131864810.8;0.326;49.959;160.4;10577615.6;0.0;42900194.6;0.0;2375266.5;300.5;6125350.3;340.6;12884982.1;0.0;43326626.2;1.621;227.947;0.471;61.5;6845731.6;0.0;46057057.5;0.0;2306360.8;361.6;5923517.7;366.7;9583205.9;0.0;46645541.6;1.674;227.587;0.168;136.6;16481327.8;0.0;43635203.0;0.0;3105259.4;376.1;3757250.2;400.1;18262312.5;0.0;44132423.7;1.938;227.653;0.341
Wed Dec  1 07:44:02 2021;1638341042.276097072;378.0;31797896.2;0.0;130485670.0;0.0;6976531.8;1048.4;14995780.6;1114.5;37188498.5;0.0;131864810.8;0.339;49.955;179.4;10577618.6;0.0;42900194.6;0.0;2375266.5;308.1;6125355.4;356.6;12884988.1;0.0;43326626.2;1.671;228.072;0.503;61.0;6845732.6;0.0;46057057.5;0.0;2306360.8;362.2;5923523.7;367.3;9583212.0;0.0;46645541.6;1.672;227.756;0.166;137.6;16481330.1;0.0;43635203.0;0.0;3105259.4;378.0;3757256.5;402.3;18262319.2;0.0;44132423.7;1.941;228.130;0.342
Wed Dec  1 07:45:02 2021;1638341102.773383927;392.1;31797902.4;0.0;130485670.0;0.0;6976531.8;1044.1;14995798.1;1115.3;37188517.1;0.0;131864810.8;0.352;49.982;195.4;10577621.5;0.0;42900194.6;0.0;2375266.5;306.3;6125360.5;363.3;12884994.0;0.0;43326626.2;1.747;228.146;0.538;61.2;6845733.6;0.0;46057057.5;0.0;2306360.8;362.6;5923529.8;367.7;9583218.2;0.0;46645541.6;1.670;227.789;0.166;135.4;16481332.4;0.0;43635203.0;0.0;3105259.4;375.2;3757262.8;398.9;18262325.9;0.0;44132423.7;1.920;228.187;0.339
Wed Dec  1 07:46:02 2021;1638341162.273824580;360.9;31797908.5;0.0;130485670.0;0.0;6976531.8;1038.0;14995815.3;1098.9;37188535.3;0.0;131864810.8;0.328;49.961;162.5;10577624.4;0.0;42900194.6;0.0;2375266.5;300.3;6125365.5;341.4;12884999.7;0.0;43326626.2;1.628;227.691;0.476;60.9;6845734.6;0.0;46057057.5;0.0;2306360.8;360.7;5923535.8;365.8;9583224.3;0.0;46645541.6;1.671;227.262;0.167;137.5;16481334.6;0.0;43635203.0;0.0;3105259.4;377.0;3757269.0;401.3;18262332.5;0.0;44132423.7;1.940;227.770;0.343
Wed Dec  1 07:47:02 2021;1638341222.226754937;357.1;31797914.6;0.0;130485670.0;0.0;6976531.8;1036.8;14995832.6;1096.6;37188553.7;0.0;131864810.8;0.326;49.980;159.6;10577627.2;0.0;42900194.6;0.0;2375266.5;299.7;6125370.5;339.6;12885005.5;0.0;43326626.2;1.618;227.540;0.470;60.3;6845735.6;0.0;46057057.5;0.0;2306360.8;360.6;5923541.8;365.7;9583230.4;0.0;46645541.6;1.671;227.301;0.165;137.1;16481336.9;0.0;43635203.0;0.0;3105259.4;376.4;3757275.3;400.6;18262339.2;0.0;44132423.7;1.941;227.624;0.342
Wed Dec  1 07:48:02 2021;1638341282.212476066;430.8;31797921.8;0.0;130485670.0;0.0;6976531.8;1045.1;14995849.5;1130.4;37188572.3;0.0;131864810.8;0.381;49.970;230.9;10577631.0;0.0;42900194.6;0.0;2375266.6;308.0;6125375.3;384.9;12885011.9;0.0;43326626.2;1.805;227.755;0.600;62.5;6845736.7;0.0;46057057.5;0.0;2306360.8;360.4;5923547.8;365.8;9583236.5;0.0;46645541.6;1.670;227.490;0.171;137.4;16481339.2;0.0;43635203.0;0.0;3105259.4;376.8;3757281.6;401.0;18262345.9;0.0;44132423.7;1.940;227.782;0.343
Wed Dec  1 07:49:02 2021;1638341342.199222157;423.9;31797929.0;0.0;130485670.0;0.0;6976531.8;1039.9;14995866.9;1122.9;37188591.1;0.0;131864810.8;0.377;49.975;226.2;10577634.9;0.0;42900194.6;0.0;2375266.6;307.9;6125380.4;382.1;12885018.4;0.0;43326626.2;1.800;227.424;0.592;62.5;6845737.7;0.0;46057057.5;0.0;2306360.8;359.6;5923553.8;365.0;9583242.6;0.0;46645541.6;1.669;227.236;0.171;135.1;16481341.4;0.0;43635203.0;0.0;3105259.4;372.4;3757287.8;396.2;18262352.5;0.0;44132423.7;1.922;227.416;0.341
Wed Dec  1 07:50:02 2021;1638341402.187158166;416.9;31797936.1;0.0;130485670.0;0.0;6976531.8;1040.4;14995884.3;1120.8;37188609.9;0.0;131864810.8;0.372;49.971;220.1;10577638.8;0.0;42900194.6;0.0;2375266.6;308.0;6125385.6;378.5;12885024.8;0.0;43326626.2;1.779;227.460;0.581;62.1;6845738.7;0.0;46057057.5;0.0;2306360.8;359.6;5923559.8;364.9;9583248.6;0.0;46645541.6;1.667;227.265;0.170;134.7;16481343.7;0.0;43635203.0;0.0;3105259.4;372.8;3757294.1;396.4;18262359.1;0.0;44132423.7;1.920;227.568;0.340
Wed Dec  1 07:51:02 2021;1638341462.173900984;697.1;31797945.3;0.0;130485670.0;0.0;6976531.8;1056.8;14995901.7;1266.0;37188629.7;0.0;131864810.8;0.551;49.987;224.1;10577642.6;0.0;42900194.6;0.0;2375266.6;308.9;6125390.7;381.6;12885031.2;0.0;43326626.2;1.796;227.364;0.587;62.4;6845739.8;0.0;46057057.5;0.0;2306360.8;359.2;5923565.8;364.6;9583254.7;0.0;46645541.6;1.666;227.139;0.171;410.7;16481348.0;0.0;43635203.0;0.0;3105259.4;388.6;3757300.4;565.4;18262367.0;0.0;44132423.7;2.620;227.288;0.726
Wed Dec  1 07:52:02 2021;1638341522.177301045;4560.2;31798018.6;0.0;130485670.0;1857.4;6976562.5;0.0;14995901.8;4923.9;37188709.2;0.0;131864810.8;0.926;49.959;1558.3;10577667.3;0.0;42900194.6;736.3;2375278.8;0.0;6125390.7;1723.4;12885058.8;0.0;43326626.2;7.632;226.375;0.904;1267.9;6845760.3;0.0;46057057.5;568.7;2306370.1;0.0;5923565.8;1389.6;9583277.3;0.0;46645541.6;6.160;226.176;0.912;1734.0;16481376.1;0.0;43635203.0;552.4;3105268.5;0.0;3757300.4;1819.9;18262396.6;0.0;44132423.7;8.073;226.312;0.953
Wed Dec  1 07:53:02 2021;1638341582.175633436;4661.9;31798095.4;0.0;130485670.0;1872.9;6976593.7;0.0;14995901.8;5024.1;37188792.2;0.0;131864810.8;0.928;49.959;1578.1;10577693.3;0.0;42900194.6;740.7;2375291.2;0.0;6125390.7;1743.3;12885087.6;0.0;43326626.2;7.714;226.431;0.905;1312.0;6845781.8;0.0;46057057.5;577.4;2306379.7;0.0;5923565.8;1433.4;9583300.9;0.0;46645541.6;6.352;226.244;0.915;1771.8;16481405.4;0.0;43635203.0;554.9;3105277.8;0.0;3757300.4;1856.6;18262427.3;0.0;44132423.7;8.236;226.256;0.954
Wed Dec  1 07:54:02 2021;1638341642.626656406;4739.5;31798174.5;0.0;130485670.0;1889.8;6976625.3;0.0;14995901.8;5102.4;37188877.3;0.0;131864810.8;0.929;49.966;1603.5;10577720.0;0.0;42900194.6;746.2;2375303.6;0.0;6125390.7;1768.7;12885117.1;0.0;43326626.2;7.819;226.662;0.907;1338.2;6845804.1;0.0;46057057.5;580.5;2306389.4;0.0;5923565.8;1458.7;9583325.2;0.0;46645541.6;6.457;226.456;0.917;1797.7;16481435.4;0.0;43635203.0;563.1;3105287.2;0.0;3757300.4;1883.9;18262458.8;0.0;44132423.7;8.347;226.502;0.954
Wed Dec  1 07:55:02 2021;1638341702.612612932;4783.7;31798254.0;0.0;130485670.0;1899.2;6976656.9;0.0;14995901.8;5146.9;37188962.8;0.0;131864810.8;0.929;49.979;1616.0;10577746.9;0.0;42900194.6;752.0;2375316.1;0.0;6125390.7;1782.4;12885146.8;0.0;43326626.2;7.874;226.793;0.907;1350.9;6845826.6;0.0;46057057.5;581.2;2306399.1;0.0;5923565.8;1470.6;9583349.6;0.0;46645541.6;6.503;226.658;0.919;1816.8;16481465.6;0.0;43635203.0;566.0;3105296.6;0.0;3757300.4;1902.9;18262490.3;0.0;44132423.7;8.422;226.730;0.955
Wed Dec  1 07:56:02 2021;1638341762.598810256;4798.7;31798333.8;0.0;130485670.0;1907.1;6976688.7;0.0;14995901.8;5163.7;37189048.7;0.0;131864810.8;0.929;49.988;1624.4;10577773.9;0.0;42900194.6;753.2;2375328.7;0.0;6125390.7;1790.5;12885176.5;0.0;43326626.2;7.898;227.157;0.907;1356.2;6845849.2;0.0;46057057.5;586.1;2306408.9;0.0;5923565.8;1477.4;9583374.2;0.0;46645541.6;6.525;226.966;0.918;1818.1;16481495.8;0.0;43635203.0;567.7;3105306.1;0.0;3757300.4;1904.7;18262522.0;0.0;44132423.7;8.420;227.009;0.955
Wed Dec  1 07:57:02 2021;1638341822.584801757;4805.7;31798413.8;0.0;130485670.0;1903.9;6976720.3;0.0;14995901.8;5169.1;37189134.8;0.0;131864810.8;0.930;49.986;1626.1;10577801.0;0.0;42900194.6;749.6;2375341.1;0.0;6125390.7;1790.5;12885206.3;0.0;43326626.2;7.900;227.106;0.908;1361.3;6845871.8;0.0;46057057.5;587.3;2306418.7;0.0;5923565.8;1482.6;9583398.9;0.0;46645541.6;6.547;226.992;0.918;1818.3;16481526.1;0.0;43635203.0;567.1;3105315.5;0.0;3757300.4;1904.7;18262553.7;0.0;44132423.7;8.423;226.926;0.955
Wed Dec  1 07:58:02 2021;1638341882.572795630;771.4;31798454.7;0.0;130485670.0;0.0;6976733.5;1061.1;14995912.1;1311.8;37189183.5;0.0;131864810.8;0.588;50.022;298.4;10577815.2;0.0;42900194.6;0.0;2375346.4;315.7;6125393.8;434.4;12885223.0;0.0;43326626.2;2.016;227.911;0.687;64.8;6845881.9;0.0;46057057.5;0.0;2306422.8;359.9;5923569.3;365.7;9583412.7;0.0;46645541.6;1.672;227.260;0.177;408.2;16481542.7;0.0;43635203.0;0.0;3105319.4;385.4;3757304.2;561.4;18262572.4;0.0;44132423.7;2.604;227.319;0.727
Wed Dec  1 07:59:02 2021;1638341942.573205936;498.3;31798464.9;0.0;130485670.0;0.0;6976733.5;1053.9;14995929.8;1165.7;37189203.9;0.0;131864810.8;0.427;50.029;300.1;10577820.2;0.0;42900194.6;0.0;2375346.4;316.9;6125399.1;436.5;12885230.3;0.0;43326626.2;2.024;228.084;0.688;63.1;6845882.9;0.0;46057057.5;0.0;2306422.8;360.7;5923575.3;366.2;9583418.8;0.0;46645541.6;1.671;227.474;0.172;135.0;16481546.8;0.0;43635203.0;0.0;3105319.4;376.2;3757310.5;399.7;18262580.2;0.0;44132423.7;1.931;227.483;0.338
Wed Dec  1 08:00:02 2021;1638342002.573753791;500.2;31798473.2;0.0;130485670.0;0.0;6976733.5;1051.4;14995947.3;1164.4;37189223.3;0.0;131864810.8;0.430;50.002;302.1;10577825.2;0.0;42900194.6;0.0;2375346.4;316.3;6125404.3;437.4;12885237.5;0.0;43326626.2;2.034;227.963;0.691;62.7;6845884.0;0.0;46057057.5;0.0;2306422.8;359.9;5923581.3;365.3;9583424.9;0.0;46645541.6;1.670;227.236;0.172;135.4;16481549.1;0.0;43635203.0;0.0;3105319.4;375.3;3757316.8;398.9;18262586.9;0.0;44132423.7;1.931;227.318;0.339
Wed Dec  1 08:01:02 2021;1638342062.529631923;495.0;31798481.4;0.0;130485670.0;0.0;6976733.5;1048.7;14995964.8;1159.7;37189242.7;0.0;131864810.8;0.427;50.032;297.3;10577830.2;0.0;42900194.6;0.0;2375346.4;315.4;6125409.6;433.4;12885244.8;0.0;43326626.2;2.012;227.566;0.686;62.6;6845885.0;0.0;46057057.5;0.0;2306422.8;358.6;5923587.3;364.0;9583431.0;0.0;46645541.6;1.667;226.779;0.172;135.1;16481551.4;0.0;43635203.0;0.0;3105319.4;374.8;3757323.1;398.4;18262593.5;0.0;44132423.7;1.930;227.132;0.339
Wed Dec  1 08:02:02 2021;1638342122.516136046;360.6;31798488.6;0.0;130485670.0;0.0;6976733.5;1038.1;14995982.3;1099.0;37189261.6;0.0;131864810.8;0.328;50.045;165.3;10577834.1;0.0;42900194.6;0.0;2375346.4;302.3;6125414.8;344.5;12885251.3;0.0;43326626.2;1.640;228.131;0.480;62.5;6845886.0;0.0;46057057.5;0.0;2306422.8;361.3;5923593.3;366.6;9583437.1;0.0;46645541.6;1.671;227.680;0.170;132.8;16481553.6;0.0;43635203.0;0.0;3105319.4;374.5;3757329.3;397.4;18262600.2;0.0;44132423.7;1.914;228.059;0.334
Wed Dec  1 08:03:03 2021;1638342183.001989465;357.5;31798494.7;0.0;130485670.0;0.0;6976733.5;1038.8;14995999.8;1098.6;37189280.1;0.0;131864810.8;0.325;50.050;160.4;10577836.8;0.0;42900194.6;0.0;2375346.4;300.7;6125419.9;340.9;12885257.1;0.0;43326626.2;1.624;227.725;0.471;61.1;6845887.1;0.0;46057057.5;0.0;2306422.8;361.2;5923599.4;366.3;9583443.3;0.0;46645541.6;1.673;227.264;0.167;136.0;16481555.9;0.0;43635203.0;0.0;3105319.4;376.9;3757335.7;400.6;18262606.9;0.0;44132423.7;1.934;227.698;0.339
Wed Dec  1 08:04:02 2021;1638342242.488258986;363.3;31798500.8;0.0;130485670.0;0.0;6976733.5;1037.9;14996017.0;1099.6;37189298.4;0.0;131864810.8;0.330;50.049;167.1;10577839.7;0.0;42900194.6;0.0;2375346.4;301.6;6125424.9;344.8;12885262.9;0.0;43326626.2;1.646;227.412;0.485;61.0;6845888.1;0.0;46057057.5;0.0;2306422.8;361.1;5923605.4;366.2;9583449.3;0.0;46645541.6;1.673;227.159;0.167;135.1;16481558.1;0.0;43635203.0;0.0;3105319.4;375.2;3757341.9;398.8;18262613.5;0.0;44132423.7;1.931;227.182;0.339
Wed Dec  1 08:05:02 2021;1638342302.473113809;359.3;31798506.8;0.0;130485670.0;0.0;6976733.5;1044.8;14996034.4;1104.8;37189316.8;0.0;131864810.8;0.325;50.067;162.3;10577842.4;0.0;42900194.6;0.0;2375346.4;302.9;6125429.9;343.7;12885268.6;0.0;43326626.2;1.631;228.269;0.472;60.9;6845889.1;0.0;46057057.5;0.0;2306422.8;363.7;5923611.4;368.7;9583455.5;0.0;46645541.6;1.679;227.991;0.165;136.1;16481560.4;0.0;43635203.0;0.0;3105319.4;378.2;3757348.2;401.9;18262620.2;0.0;44132423.7;1.938;228.119;0.339
Wed Dec  1 08:06:02 2021;1638342362.473832668;362.2;31798512.8;0.0;130485670.0;0.0;6976733.5;1037.9;14996051.7;1099.3;37189335.1;0.0;131864810.8;0.329;50.039;166.2;10577845.2;0.0;42900194.6;0.0;2375346.4;302.1;6125435.0;344.8;12885274.3;0.0;43326626.2;1.646;227.916;0.482;61.2;6845890.1;0.0;46057057.5;0.0;2306422.8;362.3;5923617.5;367.5;9583461.6;0.0;46645541.6;1.677;227.707;0.167;134.8;16481562.6;0.0;43635203.0;0.0;3105319.4;373.5;3757354.4;397.0;18262626.8;0.0;44132423.7;1.924;227.710;0.340
Wed Dec  1 08:07:02 2021;1638342422.473509041;330.7;31798518.6;0.0;130485670.0;0.0;6976733.5;1036.7;14996069.0;1088.1;37189353.4;0.0;131864810.8;0.304;50.052;163.8;10577847.9;0.0;42900194.6;0.0;2375346.4;301.8;6125440.0;343.4;12885280.1;0.0;43326626.2;1.635;227.796;0.477;61.5;6845891.1;0.0;46057057.5;0.0;2306422.8;362.0;5923623.5;367.2;9583467.7;0.0;46645541.6;1.675;227.561;0.167;105.4;16481564.7;0.0;43635203.0;0.0;3105319.4;372.9;3757360.7;387.5;18262633.4;0.0;44132423.7;1.816;227.632;0.272
Wed Dec  1 08:08:02 2021;1638342482.431921795;314.6;31798523.9;0.0;130485670.0;0.0;6976733.5;1125.9;14996086.5;1169.0;37189371.6;0.0;131864810.8;0.269;50.024;148.8;10577850.3;0.0;42900194.6;0.0;2375346.4;394.2;6125445.3;421.3;12885285.9;0.0;43326626.2;1.950;227.309;0.353;61.5;6845892.2;0.0;46057057.5;0.0;2306422.8;360.5;5923629.5;365.7;9583473.8;0.0;46645541.6;1.673;227.124;0.168;104.3;16481566.4;0.0;43635203.0;0.0;3105319.4;371.2;3757366.9;385.5;18262639.9;0.0;44132423.7;1.811;227.155;0.271
Wed Dec  1 08:09:02 2021;1638342542.417769516;314.6;31798529.1;0.0;130485670.0;0.0;6976733.5;1125.3;14996105.3;1168.5;37189391.1;0.0;131864810.8;0.269;50.039;149.2;10577852.8;0.0;42900194.6;0.0;2375346.4;393.9;6125451.8;421.2;12885292.9;0.0;43326626.2;1.951;227.280;0.354;60.6;6845893.2;0.0;46057057.5;0.0;2306422.8;360.3;5923635.5;365.4;9583479.9;0.0;46645541.6;1.671;227.004;0.166;104.8;16481568.2;0.0;43635203.0;0.0;3105319.4;371.1;3757373.1;385.6;18262646.3;0.0;44132423.7;1.810;227.105;0.272
Wed Dec  1 08:10:02 2021;1638342602.403172663;314.5;31798534.3;0.0;130485670.0;0.0;6976733.5;1124.7;14996124.0;1167.9;37189410.6;0.0;131864810.8;0.269;50.017;149.3;10577855.3;0.0;42900194.6;0.0;2375346.4;393.9;6125458.4;421.3;12885299.9;0.0;43326626.2;1.952;227.199;0.354;61.1;6845894.2;0.0;46057057.5;0.0;2306422.8;360.2;5923641.6;365.4;9583486.0;0.0;46645541.6;1.672;226.970;0.167;104.1;16481569.9;0.0;43635203.0;0.0;3105319.4;370.6;3757379.3;384.9;18262652.7;0.0;44132423.7;1.807;227.100;0.270
Wed Dec  1 08:11:02 2021;1638342662.388819983;347.3;31798539.9;0.0;130485670.0;0.0;6976733.5;1127.8;14996142.8;1180.0;37189430.2;0.0;131864810.8;0.294;50.031;182.9;10577858.1;0.0;42900194.6;0.0;2375346.4;397.0;6125465.0;437.1;12885307.1;0.0;43326626.2;2.015;226.976;0.418;61.2;6845895.2;0.0;46057057.5;0.0;2306422.8;359.9;5923647.5;365.0;9583492.1;0.0;46645541.6;1.665;226.781;0.168;103.2;16481571.6;0.0;43635203.0;0.0;3105319.4;371.0;3757385.4;385.1;18262659.2;0.0;44132423.7;1.799;226.866;0.268
Wed Dec  1 08:12:02 2021;1638342722.375720219;394.2;31798546.2;0.0;130485670.0;0.0;6976733.5;1131.0;14996161.6;1197.8;37189450.0;0.0;131864810.8;0.329;50.003;211.6;10577861.5;0.0;42900194.6;0.0;2375346.4;398.3;6125471.6;451.0;12885314.5;0.0;43326626.2;2.071;227.586;0.469;78.3;6845896.4;0.0;46057057.5;0.0;2306422.8;360.5;5923653.6;368.9;9583498.2;0.0;46645541.6;1.708;227.316;0.212;104.3;16481573.4;0.0;43635203.0;0.0;3105319.4;372.3;3757391.6;386.6;18262665.6;0.0;44132423.7;1.805;227.461;0.270
Wed Dec  1 08:13:02 2021;1638342782.373737894;386.7;31798552.7;0.0;130485670.0;0.0;6976733.5;1125.3;14996180.5;1189.9;37189469.9;0.0;131864810.8;0.325;50.010;209.2;10577865.0;0.0;42900194.6;0.0;2375346.4;397.0;6125478.2;448.7;12885322.0;0.0;43326626.2;2.062;227.308;0.466;76.7;6845897.6;0.0;46057057.5;0.0;2306422.8;359.9;5923659.6;367.9;9583504.4;0.0;46645541.6;1.703;227.146;0.208;100.8;16481575.1;0.0;43635203.0;0.0;3105319.4;368.5;3757397.8;382.0;18262672.0;0.0;44132423.7;1.784;227.310;0.264
Wed Dec  1 08:14:02 2021;1638342842.376849629;396.0;31798559.2;0.0;130485670.0;0.0;6976733.5;1140.5;14996199.3;1207.3;37189489.9;0.0;131864810.8;0.328;49.996;213.4;10577868.5;0.0;42900194.6;0.0;2375346.4;401.2;6125484.9;454.5;12885329.5;0.0;43326626.2;2.075;228.444;0.470;78.3;6845898.9;0.0;46057057.5;0.0;2306422.8;363.8;5923665.6;372.2;9583510.5;0.0;46645541.6;1.713;228.385;0.210;104.2;16481576.8;0.0;43635203.0;0.0;3105319.4;375.4;3757404.0;389.6;18262678.4;0.0;44132423.7;1.806;228.420;0.267
Wed Dec  1 08:15:02 2021;1638342902.832574900;418.2;31798565.8;0.0;130485670.0;0.0;6976733.5;1239.3;14996218.9;1308.0;37189510.6;0.0;131864810.8;0.320;50.020;235.3;10577872.2;0.0;42900194.6;0.0;2375346.4;499.1;6125492.1;551.8;12885337.6;0.0;43326626.2;2.490;228.618;0.426;78.2;6845900.2;0.0;46057057.5;0.0;2306422.8;364.0;5923671.7;372.3;9583516.8;0.0;46645541.6;1.714;228.316;0.210;104.7;16481578.5;0.0;43635203.0;0.0;3105319.4;376.2;3757410.3;390.5;18262685.0;0.0;44132423.7;1.811;228.574;0.268
Wed Dec  1 08:16:02 2021;1638342962.318008552;359.8;31798572.1;0.0;130485670.0;0.0;6976733.5;1137.4;14996239.0;1193.0;37189531.6;0.0;131864810.8;0.302;49.980;175.9;10577875.4;0.0;42900194.6;0.0;2375346.4;397.7;6125499.9;434.8;12885346.1;0.0;43326626.2;1.986;228.723;0.404;78.7;6845901.5;0.0;46057057.5;0.0;2306422.8;363.8;5923677.7;372.2;9583522.9;0.0;46645541.6;1.711;228.337;0.211;105.2;16481580.3;0.0;43635203.0;0.0;3105319.4;376.0;3757416.5;390.4;18262691.4;0.0;44132423.7;1.811;228.598;0.270
Wed Dec  1 08:17:02 2021;1638343022.303940951;394.0;31798578.3;0.0;130485670.0;0.0;6976733.5;1141.1;14996258.0;1207.2;37189551.6;0.0;131864810.8;0.326;49.998;212.4;10577878.5;0.0;42900194.6;0.0;2375346.4;402.3;6125506.6;454.9;12885353.4;0.0;43326626.2;2.074;228.944;0.467;78.9;6845902.8;0.0;46057057.5;0.0;2306422.8;364.9;5923683.8;373.4;9583529.2;0.0;46645541.6;1.713;228.627;0.211;102.7;16481582.0;0.0;43635203.0;0.0;3105319.4;373.9;3757422.8;387.7;18262697.9;0.0;44132423.7;1.795;228.850;0.265
Wed Dec  1 08:18:02 2021;1638343082.290697311;395.6;31798584.9;0.0;130485670.0;0.0;6976733.5;1143.6;14996277.1;1210.1;37189571.8;0.0;131864810.8;0.327;49.988;210.7;10577882.0;0.0;42900194.6;0.0;2375346.4;402.0;6125513.3;453.8;12885361.0;0.0;43326626.2;2.068;228.881;0.464;79.1;6845904.2;0.0;46057057.5;0.0;2306422.8;364.9;5923689.9;373.4;9583535.4;0.0;46645541.6;1.715;228.647;0.212;105.8;16481583.8;0.0;43635203.0;0.0;3105319.4;376.7;3757429.1;391.3;18262704.5;0.0;44132423.7;1.815;228.701;0.270
Wed Dec  1 08:19:02 2021;1638343142.275123899;408.6;31798591.7;0.0;130485670.0;0.0;6976733.5;1043.1;14996296.0;1120.2;37189592.0;0.0;131864810.8;0.365;49.985;224.8;10577885.8;0.0;42900194.6;0.0;2375346.4;303.1;6125519.9;377.4;12885368.7;0.0;43326626.2;1.765;228.721;0.596;79.4;6845905.5;0.0;46057057.5;0.0;2306422.8;364.0;5923696.0;372.5;9583541.6;0.0;46645541.6;1.717;228.531;0.213;104.5;16481585.5;0.0;43635203.0;0.0;3105319.4;376.0;3757435.4;390.2;18262711.0;0.0;44132423.7;1.815;228.589;0.268
Wed Dec  1 08:20:02 2021;1638343202.273115994;437.8;31798598.6;0.0;130485670.0;0.0;6976733.5;1183.7;14996314.4;1262.1;37189611.6;0.0;131864810.8;0.347;50.002;252.9;10577889.7;0.0;42900194.6;0.0;2375346.4;441.2;6125525.8;508.5;12885375.8;0.0;43326626.2;2.303;228.885;0.497;80.0;6845906.8;0.0;46057057.5;0.0;2306422.8;366.0;5923702.1;374.7;9583547.8;0.0;46645541.6;1.720;228.905;0.213;105.0;16481587.3;0.0;43635203.0;0.0;3105319.4;376.5;3757441.6;390.8;18262717.5;0.0;44132423.7;1.811;228.683;0.269
Wed Dec  1 08:21:02 2021;1638343262.272987293;433.9;31798605.8;0.0;130485670.0;0.0;6976733.5;1182.4;14996334.1;1259.5;37189632.6;0.0;131864810.8;0.345;50.015;250.3;10577893.8;0.0;42900194.6;0.0;2375346.4;441.6;6125533.2;507.6;12885384.3;0.0;43326626.2;2.296;229.033;0.493;79.4;6845908.1;0.0;46057057.5;0.0;2306422.8;366.3;5923708.2;374.8;9583554.1;0.0;46645541.6;1.718;228.971;0.212;104.2;16481589.0;0.0;43635203.0;0.0;3105319.4;374.5;3757447.9;388.7;18262724.0;0.0;44132423.7;1.800;228.827;0.268
Wed Dec  1 08:22:02 2021;1638343322.734201284;432.9;31798613.1;0.0;130485670.0;0.0;6976733.5;1180.5;14996353.9;1257.3;37189653.7;0.0;131864810.8;0.344;50.015;251.9;10577898.0;0.0;42900194.6;0.0;2375346.4;441.0;6125540.6;507.9;12885392.8;0.0;43326626.2;2.299;228.869;0.496;79.3;6845909.5;0.0;46057057.5;0.0;2306422.8;365.7;5923714.3;374.2;9583560.4;0.0;46645541.6;1.718;228.838;0.212;101.7;16481590.7;0.0;43635203.0;0.0;3105319.4;373.7;3757454.2;387.3;18262730.5;0.0;44132423.7;1.793;228.700;0.263
Wed Dec  1 08:23:02 2021;1638343382.719482432;438.8;31798619.9;0.0;130485670.0;0.0;6976733.5;1180.1;14996373.6;1259.1;37189674.5;0.0;131864810.8;0.349;49.981;254.2;10577901.8;0.0;42900194.6;0.0;2375346.4;439.7;6125547.9;507.9;12885401.0;0.0;43326626.2;2.312;228.465;0.500;79.6;6845910.8;0.0;46057057.5;0.0;2306422.8;364.5;5923720.4;373.1;9583566.6;0.0;46645541.6;1.720;228.506;0.213;105.0;16481592.4;0.0;43635203.0;0.0;3105319.4;375.9;3757460.4;390.3;18262737.0;0.0;44132423.7;1.816;228.502;0.269
Wed Dec  1 08:24:02 2021;1638343442.705728830;530.4;31798627.5;0.0;130485670.0;0.0;6976733.5;1176.1;14996393.0;1290.1;37189695.5;0.0;131864810.8;0.411;49.995;343.8;10577906.3;0.0;42900194.6;0.0;2375346.4;440.6;6125555.1;558.8;12885409.6;0.0;43326626.2;2.540;227.668;0.615;80.7;6845912.1;0.0;46057057.5;0.0;2306422.8;361.6;5923726.4;370.5;9583572.8;0.0;46645541.6;1.715;227.567;0.218;106.0;16481594.2;0.0;43635203.0;0.0;3105319.4;373.9;3757466.7;388.6;18262743.4;0.0;44132423.7;1.812;227.812;0.273
Wed Dec  1 08:25:02 2021;1638343502.692099817;517.6;31798636.2;0.0;130485670.0;0.0;6976733.5;1185.6;14996412.7;1293.7;37189717.0;0.0;131864810.8;0.400;49.996;332.9;10577911.9;0.0;42900194.6;0.0;2375346.4;443.9;6125562.5;554.9;12885418.9;0.0;43326626.2;2.502;228.448;0.600;79.8;6845913.5;0.0;46057057.5;0.0;2306422.8;364.9;5923732.5;373.6;9583579.0;0.0;46645541.6;1.715;228.550;0.214;104.9;16481595.9;0.0;43635203.0;0.0;3105319.4;376.8;3757472.9;391.1;18262750.0;0.0;44132423.7;1.808;228.676;0.268
Wed Dec  1 08:26:02 2021;1638343562.677933188;503.5;31798644.7;0.0;130485670.0;0.0;6976733.5;1181.4;14996432.4;1284.2;37189738.5;0.0;131864810.8;0.392;50.011;332.2;10577917.3;0.0;42900194.6;0.0;2375346.4;444.4;6125569.9;554.8;12885428.1;0.0;43326626.2;2.512;228.443;0.599;69.1;6845914.8;0.0;46057057.5;0.0;2306422.8;363.9;5923738.6;370.4;9583585.2;0.0;46645541.6;1.691;228.331;0.186;102.3;16481597.6;0.0;43635203.0;0.0;3105319.4;373.0;3757479.2;386.8;18262756.4;0.0;44132423.7;1.798;228.524;0.264
Wed Dec  1 08:27:02 2021;1638343622.677717272;702.7;31798654.0;0.0;130485670.0;0.0;6976733.5;986.4;14996451.2;1211.1;37189759.6;0.0;131864810.8;0.580;50.006;535.5;10577923.9;0.0;42900194.6;0.0;2375346.4;245.9;6125576.3;589.3;12885437.5;0.0;43326626.2;2.666;228.549;0.909;62.6;6845915.9;0.0;46057057.5;0.0;2306422.8;364.9;5923744.6;370.2;9583591.4;0.0;46645541.6;1.677;228.519;0.169;104.6;16481599.4;0.0;43635203.0;0.0;3105319.4;375.6;3757485.4;389.9;18262762.9;0.0;44132423.7;1.814;228.449;0.268
Wed Dec  1 08:28:02 2021;1638343682.673754175;2392.3;31798666.9;0.0;130485670.0;389.9;6976733.8;0.0;14996466.9;2423.8;37189780.6;0.0;131864810.8;0.987;50.029;1106.0;10577933.2;0.0;42900194.6;205.9;2375346.5;0.0;6125580.2;1125.0;12885447.7;0.0;43326626.2;4.963;228.433;0.983;626.8;6845917.3;0.0;46057057.5;102.8;2306422.8;0.0;5923750.5;635.2;9583597.7;0.0;46645541.6;2.807;228.301;0.987;659.5;16481601.5;0.0;43635203.0;81.3;3105319.4;0.0;3757491.4;664.5;18262769.6;0.0;44132423.7;2.962;228.242;0.992
Wed Dec  1 08:29:02 2021;1638343742.635214876;965.0;31798690.3;0.0;130485670.0;0.0;6976736.6;1000.3;14996474.9;1389.9;37189807.6;0.0;131864810.8;0.694;50.016;523.6;10577945.3;0.0;42900194.6;0.0;2375348.2;247.5;6125582.2;579.1;12885460.5;0.0;43326626.2;2.626;228.296;0.904;63.2;6845921.6;0.0;46057057.5;0.0;2306423.5;364.2;5923753.4;369.6;9583604.5;0.0;46645541.6;1.677;228.390;0.171;378.3;16481608.5;0.0;43635203.0;0.0;3105319.9;388.6;3757494.5;542.3;18262778.0;0.0;44132423.7;2.456;228.296;0.698
Wed Dec  1 08:30:03 2021;1638343803.120531683;4749.8;31798767.4;0.0;130485670.0;1884.8;6976767.8;0.0;14996475.0;5110.1;37189891.0;0.0;131864810.8;0.929;49.986;1769.0;10577974.2;0.0;42900194.6;726.4;2375360.2;0.0;6125582.2;1912.3;12885491.8;0.0;43326626.2;8.431;227.324;0.925;1285.5;6845942.3;0.0;46057057.5;580.6;2306433.1;0.0;5923753.4;1410.6;9583627.4;0.0;46645541.6;6.216;227.475;0.911;1695.3;16481636.1;0.0;43635203.0;577.8;3105329.5;0.0;3757494.6;1791.0;18262807.2;0.0;44132423.7;7.897;227.262;0.947
Wed Dec  1 08:31:01 2021;1638343861.612330809;4869.9;31798845.8;0.0;130485670.0;1910.8;6976798.7;0.0;14996475.0;5231.4;37189975.2;0.0;131864810.8;0.931;49.969;1803.9;10578003.2;0.0;42900194.6;738.5;2375372.1;0.0;6125582.2;1949.2;12885523.2;0.0;43326626.2;8.576;227.769;0.925;1325.9;6845963.6;0.0;46057057.5;587.1;2306442.6;0.0;5923753.4;1450.0;9583650.7;0.0;46645541.6;6.379;227.868;0.914;1740.2;16481664.0;0.0;43635203.0;585.1;3105338.9;0.0;3757494.6;1835.9;18262836.7;0.0;44132423.7;8.080;227.678;0.948
Wed Dec  1 08:32:01 2021;1638343921.592675453;4944.2;31798927.7;0.0;130485670.0;1917.6;6976830.6;0.0;14996475.0;5303.0;37190063.0;0.0;131864810.8;0.932;49.979;1822.8;10578033.5;0.0;42900194.6;742.0;2375384.5;0.0;6125582.2;1968.1;12885555.8;0.0;43326626.2;8.658;227.787;0.926;1351.0;6845986.0;0.0;46057057.5;588.6;2306452.5;0.0;5923753.4;1473.7;9583675.2;0.0;46645541.6;6.480;227.944;0.917;1770.3;16481693.3;0.0;43635203.0;587.0;3105348.7;0.0;3757494.6;1865.1;18262867.6;0.0;44132423.7;8.205;227.765;0.949
Wed Dec  1 08:33:01 2021;1638343981.579085607;5102.1;31799011.0;0.0;130485670.0;1907.0;6976862.4;0.0;14996475.0;5446.8;37190152.3;0.0;131864810.8;0.937;49.985;1956.2;10578064.6;0.0;42900194.6;736.6;2375396.8;0.0;6125582.2;2090.2;12885589.3;0.0;43326626.2;9.206;227.471;0.936;1364.7;6846008.6;0.0;46057057.5;591.1;2306462.3;0.0;5923753.4;1487.2;9583699.9;0.0;46645541.6;6.549;227.610;0.918;1781.2;16481722.9;0.0;43635203.0;579.3;3105358.4;0.0;3757494.6;1873.0;18262898.7;0.0;44132423.7;8.256;227.318;0.951
Wed Dec  1 08:34:01 2021;1638344041.573806383;7037.5;31799125.4;0.0;130485670.0;1884.1;6976893.9;0.0;14996475.0;7285.3;37190271.0;0.0;131864810.8;0.966;49.976;3856.7;10578126.1;0.0;42900194.6;715.7;2375408.6;0.0;6125582.2;3922.5;12885652.0;0.0;43326626.2;17.385;225.722;0.983;1397.5;6846031.8;0.0;46057057.5;569.6;2306471.9;0.0;5923753.4;1509.2;9583725.0;0.0;46645541.6;6.655;227.281;0.926;1783.2;16481752.6;0.0;43635203.0;598.8;3105368.4;0.0;3757494.6;1881.1;18262930.0;0.0;44132423.7;8.308;226.852;0.948
Wed Dec  1 08:35:01 2021;1638344101.573878507;2950.8;31799240.5;0.0;130485670.0;0.0;6976924.3;1245.8;14996475.7;3203.0;37190390.2;0.0;131864810.8;0.921;49.970;2487.2;10578189.7;0.0;42900194.6;0.0;2375420.2;497.5;6125582.5;2536.4;12885716.7;0.0;43326626.2;11.226;226.338;0.981;82.1;6846054.4;0.0;46057057.5;0.0;2306481.1;362.6;5923753.6;371.8;9583749.5;0.0;46645541.6;1.718;227.895;0.221;381.5;16481781.5;0.0;43635203.0;0.0;3105378.0;385.8;3757494.8;542.5;18262960.7;0.0;44132423.7;2.469;227.422;0.703
Wed Dec  1 08:36:01 2021;1638344161.574029385;4409.1;31799294.8;0.0;130485670.0;0.0;6976924.3;833.7;14996495.3;4487.2;37190448.0;0.0;131864810.8;0.983;49.978;3007.3;10578232.6;0.0;42900194.6;0.0;2375420.2;372.1;6125590.4;3030.2;12885760.3;0.0;43326626.2;13.461;225.730;0.992;737.7;6846057.9;0.0;46057057.5;0.0;2306481.1;223.3;5923759.2;770.8;9583756.7;0.0;46645541.6;3.556;227.150;0.957;664.1;16481789.4;0.0;43635203.0;0.0;3105378.0;238.3;3757500.8;705.6;18262970.7;0.0;44132423.7;3.263;226.968;0.941
Wed Dec  1 08:37:01 2021;1638344221.527200133;2576.0;31799342.8;0.0;130485670.0;0.0;6976924.3;776.0;14996508.3;2690.3;37190497.8;0.0;131864810.8;0.957;49.963;1066.4;10578255.7;0.0;42900194.6;0.0;2375420.2;353.7;6125596.3;1123.5;12885784.3;0.0;43326626.2;5.046;227.300;0.949;787.1;6846070.9;0.0;46057057.5;0.0;2306481.1;198.3;5923762.6;811.7;9583770.2;0.0;46645541.6;3.735;227.033;0.970;722.5;16481801.2;0.0;43635203.0;0.0;3105378.0;224.1;3757504.6;756.4;18262983.1;0.0;44132423.7;3.482;227.366;0.955
Wed Dec  1 08:38:01 2021;1638344281.520523062;2551.9;31799386.4;0.0;130485670.0;0.0;6976924.3;815.1;14996521.6;2678.9;37190543.4;0.0;131864810.8;0.953;49.974;1057.9;10578274.4;0.0;42900194.6;0.0;2375420.2;377.4;6125602.4;1123.2;12885803.9;0.0;43326626.2;5.030;227.834;0.942;780.0;6846083.9;0.0;46057057.5;0.0;2306481.1;204.6;5923766.0;806.4;9583783.6;0.0;46645541.6;3.699;227.750;0.967;714.0;16481813.2;0.0;43635203.0;0.0;3105378.0;233.1;3757508.4;751.1;18262995.6;0.0;44132423.7;3.453;227.715;0.951
Wed Dec  1 08:39:01 2021;1638344341.494149155;2570.8;31799429.1;0.0;130485670.0;0.0;6976924.3;790.5;14996534.9;2689.5;37190588.1;0.0;131864810.8;0.956;49.979;1066.8;10578292.1;0.0;42900194.6;0.0;2375420.2;359.5;6125608.5;1125.8;12885822.7;0.0;43326626.2;5.045;227.699;0.948;785.6;6846097.0;0.0;46057057.5;0.0;2306481.1;201.2;5923769.4;810.9;9583797.1;0.0;46645541.6;3.722;227.618;0.969;718.3;16481825.1;0.0;43635203.0;0.0;3105378.0;229.7;3757512.2;754.2;18263008.2;0.0;44132423.7;3.467;227.585;0.952
Wed Dec  1 08:40:01 2021;1638344401.480016305;2767.5;31799476.2;0.0;130485670.0;0.0;6976924.3;817.7;14996548.3;2885.8;37190637.2;0.0;131864810.8;0.959;49.985;1131.1;10578311.3;0.0;42900194.6;0.0;2375420.2;360.9;6125614.1;1187.2;12885842.7;0.0;43326626.2;5.335;226.430;0.953;780.7;6846110.0;0.0;46057057.5;0.0;2306481.1;197.9;5923772.7;805.4;9583810.6;0.0;46645541.6;3.718;226.290;0.969;855.7;16481840.0;0.0;43635203.0;0.0;3105378.0;258.8;3757516.7;894.0;18263023.8;0.0;44132423.7;4.171;226.180;0.957
Wed Dec  1 08:41:01 2021;1638344461.473127832;2737.5;31799524.8;0.0;130485670.0;0.0;6976924.3;819.8;14996562.7;2857.6;37190687.9;0.0;131864810.8;0.958;49.967;1122.2;10578330.1;0.0;42900194.6;0.0;2375420.2;365.0;6125620.2;1180.1;12885862.5;0.0;43326626.2;5.278;227.381;0.951;780.9;6846123.1;0.0;46057057.5;0.0;2306481.1;201.3;5923776.0;806.4;9583824.0;0.0;46645541.6;3.704;227.288;0.968;834.4;16481856.7;0.0;43635203.0;0.0;3105378.0;253.4;3757521.7;872.0;18263041.2;0.0;44132423.7;4.051;227.252;0.957
Wed Dec  1 08:42:01 2021;1638344521.473118197;2650.1;31799573.5;0.0;130485670.0;0.0;6976924.3;806.3;14996577.0;2770.1;37190738.6;0.0;131864810.8;0.957;49.980;1026.1;10578348.6;0.0;42900194.6;0.0;2375420.2;360.1;6125626.3;1087.5;12885882.0;0.0;43326626.2;4.893;226.575;0.944;781.6;6846136.1;0.0;46057057.5;0.0;2306481.1;197.7;5923779.4;806.2;9583837.5;0.0;46645541.6;3.718;226.402;0.969;842.4;16481873.8;0.0;43635203.0;0.0;3105378.0;248.5;3757526.6;878.3;18263059.0;0.0;44132423.7;4.113;226.416;0.959
Wed Dec  1 08:43:01 2021;1638344581.472803818;2587.7;31799620.7;0.0;130485670.0;0.0;6976924.3;778.0;14996591.7;2702.1;37190788.0;0.0;131864810.8;0.958;49.985;991.5;10578365.3;0.0;42900194.6;0.0;2375420.2;369.6;6125632.5;1058.2;12885899.8;0.0;43326626.2;4.757;227.481;0.937;771.2;6846149.2;0.0;46057057.5;0.0;2306481.1;193.9;5923782.7;795.2;9583851.0;0.0;46645541.6;3.685;227.090;0.970;824.9;16481891.3;0.0;43635203.0;0.0;3105378.0;214.6;3757531.7;852.4;18263077.2;0.0;44132423.7;3.996;227.393;0.968
Wed Dec  1 08:44:01 2021;1638344641.423856361;2569.6;31799679.5;0.0;130485670.0;0.0;6976929.0;760.7;14996597.4;2679.8;37190848.0;0.0;131864810.8;0.959;49.980;999.3;10578386.0;0.0;42900194.6;0.0;2375420.9;367.0;6125635.0;1064.5;12885920.9;0.0;43326626.2;4.781;227.623;0.939;777.4;6846166.0;0.0;46057057.5;0.0;2306483.5;191.0;5923784.1;800.5;9583868.3;0.0;46645541.6;3.707;227.300;0.971;792.9;16481912.6;0.0;43635203.0;0.0;3105379.6;202.6;3757533.5;818.4;18263098.8;0.0;44132423.7;3.844;227.595;0.969
Wed Dec  1 08:45:01 2021;1638344701.909989693;2966.8;31799727.2;0.0;130485670.0;0.0;6976929.0;641.9;14996611.0;3035.5;37190897.7;0.0;131864810.8;0.977;49.957;1019.0;10578402.8;0.0;42900194.6;0.0;2375420.9;305.9;6125641.2;1063.9;12885938.9;0.0;43326626.2;4.811;226.574;0.958;794.0;6846179.1;0.0;46057057.5;0.0;2306483.5;124.3;5923787.3;803.7;9583881.8;0.0;46645541.6;3.755;226.344;0.988;1153.9;16481930.3;0.0;43635203.0;0.0;3105379.6;211.8;3757537.8;1173.1;18263117.1;0.0;44132423.7;5.351;226.225;0.984
Wed Dec  1 08:46:01 2021;1638344761.395392095;3998.3;31799774.8;0.0;130485670.0;732.5;6976929.2;0.0;14996622.0;4064.8;37190946.5;0.0;131864810.8;0.984;49.966;1490.5;10578419.6;0.0;42900194.6;123.7;2375420.9;0.0;6125646.5;1495.6;12885956.5;0.0;43326626.2;6.759;227.112;0.997;1252.3;6846192.1;0.0;46057057.5;308.5;2306483.6;0.0;5923789.5;1289.8;9583895.0;0.0;46645541.6;5.915;226.901;0.971;1255.5;16481948.2;0.0;43635203.0;300.3;3105379.7;0.0;3757541.2;1290.9;18263135.3;0.0;44132423.7;5.953;227.049;0.973
Wed Dec  1 08:47:01 2021;1638344821.381446299;2554.9;31799832.9;0.0;130485670.0;0.0;6976934.9;575.6;14996626.7;2619.0;37191005.6;0.0;131864810.8;0.976;49.967;977.3;10578439.6;0.0;42900194.6;0.0;2375421.9;310.6;6125648.8;1025.5;12885976.9;0.0;43326626.2;4.641;226.949;0.953;779.6;6846208.7;0.0;46057057.5;0.0;2306486.3;131.2;5923790.5;790.6;9583912.0;0.0;46645541.6;3.710;226.792;0.986;798.0;16481969.8;0.0;43635203.0;0.0;3105381.7;133.8;3757542.7;809.2;18263157.1;0.0;44132423.7;3.874;226.870;0.986
Wed Dec  1 08:48:01 2021;1638344881.373116848;2660.6;31799880.4;0.0;130485670.0;0.0;6976934.9;589.8;14996637.6;2725.2;37191054.3;0.0;131864810.8;0.976;49.984;980.2;10578455.9;0.0;42900194.6;0.0;2375421.9;341.0;6125654.1;1037.8;12885994.1;0.0;43326626.2;4.699;226.937;0.944;772.2;6846221.7;0.0;46057057.5;0.0;2306486.3;68.2;5923792.6;775.2;9583925.1;0.0;46645541.6;3.670;227.026;0.996;908.2;16481987.8;0.0;43635203.0;0.0;3105381.7;180.6;3757546.2;926.0;18263175.5;0.0;44132423.7;4.364;226.995;0.981
Wed Dec  1 08:49:01 2021;1638344941.373354227;4641.4;31799944.9;0.0;130485670.0;0.0;6976934.9;607.5;14996648.1;4681.0;37191119.7;0.0;131864810.8;0.992;49.981;994.4;10578472.5;0.0;42900194.6;0.0;2375421.9;346.3;6125659.8;1053.0;12886011.6;0.0;43326626.2;4.764;227.087;0.944;744.0;6846234.1;0.0;46057057.5;0.0;2306486.3;71.9;5923793.7;747.4;9583937.6;0.0;46645541.6;3.576;226.814;0.995;2903.1;16482023.4;0.0;43635203.0;0.0;3105381.7;189.3;3757549.8;2909.2;18263211.4;0.0;44132423.7;12.999;225.497;0.998
Wed Dec  1 08:50:01 2021;1638345001.373180033;4749.6;31800025.8;0.0;130485670.0;0.0;6976934.9;601.1;14996658.8;4787.5;37191201.3;0.0;131864810.8;0.992;49.989;998.9;10578489.1;0.0;42900194.6;0.0;2375421.9;344.5;6125665.6;1056.6;12886029.2;0.0;43326626.2;4.780;227.214;0.945;748.4;6846246.6;0.0;46057057.5;0.0;2306486.3;67.2;5923794.9;751.4;9583950.2;0.0;46645541.6;3.596;226.727;0.996;3002.3;16482075.2;0.0;43635203.0;0.0;3105381.7;189.4;3757553.6;3008.3;18263263.3;0.0;44132423.7;13.441;225.454;0.998
Wed Dec  1 08:51:01 2021;1638345061.826070275;4840.2;31800107.6;0.0;130485670.0;0.0;6976934.9;619.6;14996669.5;4879.7;37191283.9;0.0;131864810.8;0.992;49.996;1001.1;10578505.9;0.0;42900194.6;0.0;2375421.9;343.6;6125671.4;1058.4;12886047.0;0.0;43326626.2;4.784;227.342;0.946;749.1;6846259.2;0.0;46057057.5;0.0;2306486.3;66.4;5923796.0;752.0;9583962.8;0.0;46645541.6;3.599;227.028;0.996;3090.1;16482127.6;0.0;43635203.0;0.0;3105381.7;209.6;3757557.3;3097.2;18263315.8;0.0;44132423.7;13.829;225.495;0.998
Wed Dec  1 08:52:01 2021;1638345121.811343767;4853.8;31800189.3;0.0;130485670.0;0.0;6976934.9;614.2;14996680.0;4892.5;37191366.2;0.0;131864810.8;0.992;49.976;1009.9;10578522.7;0.0;42900194.6;0.0;2375421.9;344.0;6125677.1;1066.9;12886064.7;0.0;43326626.2;4.803;228.182;0.947;764.0;6846271.8;0.0;46057057.5;0.0;2306486.3;64.6;5923797.1;766.7;9583975.5;0.0;46645541.6;3.644;227.914;0.996;3080.0;16482179.9;0.0;43635203.0;0.0;3105381.7;205.6;3757561.0;3086.8;18263368.3;0.0;44132423.7;13.737;226.320;0.998
Wed Dec  1 08:53:01 2021;1638345181.797652393;4762.3;31800271.5;0.0;130485670.0;0.0;6976934.9;603.2;14996690.5;4800.3;37191449.1;0.0;131864810.8;0.992;50.001;1015.4;10578539.5;0.0;42900194.6;0.0;2375421.9;345.2;6125682.9;1072.5;12886082.5;0.0;43326626.2;4.817;228.312;0.947;772.4;6846284.6;0.0;46057057.5;0.0;2306486.3;69.0;5923798.2;775.5;9583988.3;0.0;46645541.6;3.662;228.067;0.996;2974.4;16482232.4;0.0;43635203.0;0.0;3105381.7;189.0;3757564.7;2980.4;18263420.9;0.0;44132423.7;13.257;226.531;0.998
Wed Dec  1 08:54:01 2021;1638345241.783751493;4867.1;31800354.3;0.0;130485670.0;0.0;6976934.9;598.6;14996701.1;4903.8;37191532.5;0.0;131864810.8;0.993;49.990;1019.3;10578556.5;0.0;42900194.6;0.0;2375421.9;339.1;6125688.6;1074.2;12886100.4;0.0;43326626.2;4.834;228.008;0.949;776.8;6846297.5;0.0;46057057.5;0.0;2306486.3;63.8;5923799.3;779.4;9584001.3;0.0;46645541.6;3.690;227.715;0.997;3071.0;16482285.3;0.0;43635203.0;0.0;3105381.7;195.8;3757568.4;3077.2;18263473.9;0.0;44132423.7;13.707;226.158;0.998
Wed Dec  1 08:55:01 2021;1638345301.773667424;4835.6;31800437.3;0.0;130485670.0;0.0;6976934.9;578.3;14996711.2;4870.1;37191616.2;0.0;131864810.8;0.993;49.993;1024.9;10578573.5;0.0;42900194.6;0.0;2375421.9;334.8;6125694.2;1078.2;12886118.4;0.0;43326626.2;4.852;227.897;0.951;768.3;6846310.5;0.0;46057057.5;0.0;2306486.3;53.7;5923800.3;770.2;9584014.3;0.0;46645541.6;3.657;227.564;0.998;3042.4;16482338.4;0.0;43635203.0;0.0;3105381.7;189.8;3757572.0;3048.3;18263527.1;0.0;44132423.7;13.602;225.799;0.998
Wed Dec  1 08:56:01 2021;1638345361.773433276;4762.5;31800519.3;0.0;130485670.0;0.0;6976934.9;538.2;14996721.0;4792.8;37191698.8;0.0;131864810.8;0.994;49.984;1026.0;10578590.6;0.0;42900194.6;0.0;2375421.9;325.7;6125699.7;1076.5;12886136.3;0.0;43326626.2;4.854;227.540;0.953;726.2;6846322.9;0.0;46057057.5;0.0;2306486.3;37.1;5923801.0;727.1;9584026.8;0.0;46645541.6;3.512;227.277;0.999;3010.3;16482390.9;0.0;43635203.0;0.0;3105381.7;175.4;3757575.5;3015.4;18263579.7;0.0;44132423.7;13.474;225.470;0.998
Wed Dec  1 08:57:01 2021;1638345421.773632440;4784.6;31800601.3;0.0;130485670.0;0.0;6976934.9;514.7;14996730.2;4812.2;37191781.2;0.0;131864810.8;0.994;49.988;1052.7;10578608.4;0.0;42900194.6;0.0;2375422.0;315.5;6125705.0;1099.0;12886154.9;0.0;43326626.2;4.949;227.472;0.958;715.4;6846334.9;0.0;46057057.5;0.0;2306486.3;33.0;5923801.6;716.2;9584038.8;0.0;46645541.6;3.474;227.224;0.999;3016.4;16482443.0;0.0;43635203.0;0.0;3105381.7;166.1;3757578.8;3021.0;18263632.0;0.0;44132423.7;13.503;225.386;0.998
Wed Dec  1 08:58:01 2021;1638345481.727216107;4713.5;31800683.2;0.0;130485670.0;0.0;6976934.9;511.9;14996739.4;4741.2;37191863.7;0.0;131864810.8;0.994;49.991;1052.4;10578625.9;0.0;42900194.6;0.0;2375422.0;315.8;6125710.3;1098.8;12886173.2;0.0;43326626.2;4.943;227.698;0.958;733.3;6846347.0;0.0;46057057.5;0.0;2306486.3;36.3;5923802.2;734.2;9584050.9;0.0;46645541.6;3.532;227.073;0.999;2927.8;16482495.4;0.0;43635203.0;0.0;3105381.7;159.7;3757582.1;2932.2;18263684.4;0.0;44132423.7;13.084;225.928;0.999
Wed Dec  1 08:59:01 2021;1638345541.713297487;4803.7;31800765.7;0.0;130485670.0;0.0;6976934.9;522.4;14996748.6;4832.0;37191946.7;0.0;131864810.8;0.994;49.967;1055.9;10578643.5;0.0;42900194.6;0.0;2375422.0;316.9;6125715.5;1102.4;12886191.5;0.0;43326626.2;4.947;228.175;0.958;744.2;6846359.3;0.0;46057057.5;0.0;2306486.3;35.9;5923802.8;745.1;9584063.1;0.0;46645541.6;3.572;227.821;0.999;3003.6;16482548.1;0.0;43635203.0;0.0;3105381.7;169.6;3757585.5;3008.4;18263737.2;0.0;44132423.7;13.384;226.431;0.998
Wed Dec  1 09:00:02 2021;1638345602.198891587;5052.5;31800849.5;0.0;130485670.0;0.0;6976934.9;461.5;14996757.8;5073.5;37192031.0;0.0;131864810.8;0.996;49.977;1031.9;10578661.2;0.0;42900194.6;0.0;2375422.0;186.8;6125720.7;1048.7;12886210.0;0.0;43326626.2;4.724;228.297;0.984;757.6;6846371.9;0.0;46057057.5;0.0;2306486.3;41.4;5923803.5;758.7;9584075.8;0.0;46645541.6;3.628;228.093;0.999;3262.9;16482601.5;0.0;43635203.0;0.0;3105381.7;233.2;3757589.0;3271.3;18263790.8;0.0;44132423.7;14.517;226.398;0.997
Wed Dec  1 09:01:01 2021;1638345661.687130910;4780.7;31800932.0;0.0;130485670.0;0.0;6976934.9;389.9;14996765.1;4796.5;37192113.8;0.0;131864810.8;0.997;49.975;1038.4;10578678.3;0.0;42900194.6;0.0;2375422.0;185.8;6125723.7;1054.8;12886227.3;0.0;43326626.2;4.753;228.259;0.984;768.8;6846384.5;0.0;46057057.5;0.0;2306486.3;43.2;5923804.2;770.0;9584088.4;0.0;46645541.6;3.677;228.247;0.998;2973.5;16482654.2;0.0;43635203.0;0.0;3105381.7;161.0;3757592.4;2977.9;18263843.6;0.0;44132423.7;13.236;226.672;0.999
Wed Dec  1 09:02:01 2021;1638345721.673873504;4779.7;31801015.3;0.0;130485670.0;0.0;6976934.9;353.8;14996772.2;4792.8;37192197.5;0.0;131864810.8;0.997;49.975;1043.2;10578695.6;0.0;42900194.6;0.0;2375422.0;177.2;6125726.8;1058.2;12886244.9;0.0;43326626.2;4.770;227.945;0.986;775.4;6846397.4;0.0;46057057.5;0.0;2306486.3;34.3;5923804.8;776.2;9584101.3;0.0;46645541.6;3.696;227.799;0.999;2961.0;16482707.4;0.0;43635203.0;0.0;3105381.7;142.3;3757595.8;2964.4;18263896.9;0.0;44132423.7;13.195;226.243;0.999
Wed Dec  1 09:03:02 2021;1638345782.173188495;4987.2;31801099.5;0.0;130485670.0;0.0;6976934.9;418.5;14996779.2;5004.8;37192281.9;0.0;131864810.8;0.996;50.012;1036.3;10578713.1;0.0;42900194.6;0.0;2375422.0;176.5;6125729.8;1051.3;12886262.7;0.0;43326626.2;4.743;227.754;0.986;768.0;6846410.4;0.0;46057057.5;0.0;2306486.3;36.9;5923805.5;768.9;9584114.3;0.0;46645541.6;3.667;227.908;0.999;3182.9;16482761.0;0.0;43635203.0;0.0;3105381.7;205.1;3757599.2;3189.5;18263950.6;0.0;44132423.7;14.166;226.232;0.998
Wed Dec  1 09:04:01 2021;1638345841.685182162;4778.8;31801182.1;0.0;130485670.0;0.0;6976934.9;332.4;14996785.8;4790.3;37192364.7;0.0;131864810.8;0.998;49.998;1046.6;10578730.4;0.0;42900194.6;0.0;2375422.0;170.7;6125732.7;1060.4;12886280.2;0.0;43326626.2;4.783;227.905;0.987;764.9;6846423.1;0.0;46057057.5;0.0;2306486.3;28.0;5923806.0;765.4;9584127.0;0.0;46645541.6;3.663;228.060;0.999;2967.4;16482813.7;0.0;43635203.0;0.0;3105381.7;133.6;3757602.4;2970.4;18264003.4;0.0;44132423.7;13.212;226.449;0.999
Wed Dec  1 09:05:01 2021;1638345901.628847408;4760.5;31801265.5;0.0;130485670.0;0.0;6976934.9;336.2;14996792.2;4772.3;37192448.4;0.0;131864810.8;0.998;49.981;1047.0;10578747.9;0.0;42900194.6;0.0;2375422.0;170.0;6125735.5;1060.7;12886297.9;0.0;43326626.2;4.781;227.933;0.987;767.0;6846435.8;0.0;46057057.5;0.0;2306486.3;27.7;5923806.5;767.5;9584139.8;0.0;46645541.6;3.668;228.093;0.999;2946.5;16482866.9;0.0;43635203.0;0.0;3105381.7;138.4;3757605.5;2949.8;18264056.7;0.0;44132423.7;13.120;226.450;0.999
Wed Dec  1 09:06:01 2021;1638345961.614858364;4779.1;31801349.1;0.0;130485670.0;0.0;6976934.9;317.4;14996798.6;4789.7;37192532.3;0.0;131864810.8;0.998;50.021;1049.1;10578765.4;0.0;42900194.6;0.0;2375422.0;165.3;6125738.3;1062.0;12886315.7;0.0;43326626.2;4.791;227.756;0.988;770.2;6846448.7;0.0;46057057.5;0.0;2306486.3;23.1;5923806.9;770.5;9584152.7;0.0;46645541.6;3.689;227.902;1.000;2959.9;16482920.1;0.0;43635203.0;0.0;3105381.7;129.0;3757608.6;2962.7;18264110.0;0.0;44132423.7;13.192;226.255;0.999
Wed Dec  1 09:07:01 2021;1638346021.599987202;8682.3;31801462.3;0.0;130485670.0;2592.8;6976953.3;0.0;14996802.1;9061.2;37192648.1;0.0;131864810.8;0.958;49.996;2229.8;10578791.3;0.0;42900194.6;865.4;2375428.2;0.0;6125739.9;2391.8;12886342.8;0.0;43326626.2;10.533;228.072;0.932;1954.2;6846469.9;0.0;46057057.5;961.0;2306493.3;0.0;5923807.1;2177.7;9584175.5;0.0;46645541.6;9.647;228.149;0.897;4498.4;16482986.2;0.0;43635203.0;766.5;3105386.9;0.0;3757610.5;4563.2;18264176.6;0.0;44132423.7;20.210;226.329;0.986
Wed Dec  1 09:08:01 2021;1638346081.586287827;8870.6;31801612.4;0.0;130485670.0;2599.4;6976995.4;0.0;14996802.1;9243.6;37192804.1;0.0;131864810.8;0.960;49.996;2284.2;10578828.9;0.0;42900194.6;870.2;2375442.6;0.0;6125739.9;2444.4;12886383.1;0.0;43326626.2;10.798;227.340;0.934;2041.5;6846503.2;0.0;46057057.5;949.9;2306509.2;0.0;5923807.1;2251.7;9584212.4;0.0;46645541.6;9.992;227.591;0.907;4544.8;16483065.4;0.0;43635203.0;779.2;3105398.7;0.0;3757610.5;4611.1;18264256.7;0.0;44132423.7;20.464;225.855;0.986
Wed Dec  1 09:09:01 2021;1638346141.573649033;9003.8;31801765.3;0.0;130485670.0;2631.4;6977038.1;0.0;14996802.1;9380.4;37192962.9;0.0;131864810.8;0.960;49.995;2331.9;10578867.5;0.0;42900194.6;886.0;2375457.2;0.0;6125739.9;2494.6;12886424.3;0.0;43326626.2;10.984;228.035;0.935;2069.8;6846537.4;0.0;46057057.5;966.0;2306525.3;0.0;5923807.1;2284.1;9584250.2;0.0;46645541.6;10.108;228.050;0.906;4602.1;16483145.5;0.0;43635203.0;779.3;3105410.8;0.0;3757610.5;4667.6;18264337.7;0.0;44132423.7;20.670;226.345;0.986
Wed Dec  1 09:10:01 2021;1638346201.575521744;9037.1;31801919.7;0.0;130485670.0;2650.3;6977081.2;0.0;14996802.1;9417.7;37193123.1;0.0;131864810.8;0.960;50.026;2351.9;10578906.5;0.0;42900194.6;895.5;2375471.9;0.0;6125739.9;2516.6;12886466.1;0.0;43326626.2;11.096;227.716;0.935;2077.5;6846572.0;0.0;46057057.5;969.8;2306541.4;0.0;5923807.1;2292.7;9584288.4;0.0;46645541.6;10.157;227.827;0.906;4607.8;16483226.2;0.0;43635203.0;785.0;3105422.9;0.0;3757610.5;4674.2;18264419.2;0.0;44132423.7;20.717;226.155;0.986
Wed Dec  1 09:11:01 2021;1638346261.583895175;7567.9;31802052.5;0.0;130485670.0;2587.3;6977124.5;0.0;14996802.1;7998.0;37193262.9;0.0;131864810.8;0.946;50.023;2332.2;10578945.5;0.0;42900194.6;915.9;2375487.2;0.0;6125739.9;2505.6;12886507.9;0.0;43326626.2;11.043;227.816;0.931;2096.4;6846606.7;0.0;46057057.5;936.5;2306557.2;0.0;5923807.1;2296.1;9584326.5;0.0;46645541.6;10.171;227.881;0.913;3139.3;16483285.4;0.0;43635203.0;735.0;3105435.2;0.0;3757610.5;3224.2;18264479.8;0.0;44132423.7;14.238;227.260;0.974
Wed Dec  1 09:12:01 2021;1638346321.528824567;7640.3;31802178.8;0.0;130485670.0;2575.0;6977167.5;0.0;14996802.1;8062.6;37193396.3;0.0;131864810.8;0.948;50.020;2335.4;10578984.3;0.0;42900194.6;917.5;2375502.5;0.0;6125739.9;2509.2;12886549.7;0.0;43326626.2;11.076;227.468;0.931;2133.1;6846641.9;0.0;46057057.5;923.4;2306572.7;0.0;5923807.1;2324.4;9584365.0;0.0;46645541.6;10.304;227.552;0.918;3171.8;16483337.6;0.0;43635203.0;734.1;3105447.4;0.0;3757610.5;3255.6;18264533.4;0.0;44132423.7;14.395;226.963;0.974
Wed Dec  1 09:13:01 2021;1638346381.514785482;7567.2;31802306.2;0.0;130485670.0;2596.8;6977210.5;0.0;14996802.1;8000.4;37193530.7;0.0;131864810.8;0.946;50.010;2346.2;10579023.3;0.0;42900194.6;924.1;2375517.8;0.0;6125739.9;2521.6;12886591.5;0.0;43326626.2;11.120;227.725;0.930;2144.5;6846677.6;0.0;46057057.5;928.0;2306588.2;0.0;5923807.1;2336.7;9584403.9;0.0;46645541.6;10.353;227.681;0.918;3076.5;16483390.3;0.0;43635203.0;744.7;3105459.6;0.0;3757610.5;3165.4;18264587.5;0.0;44132423.7;13.985;227.215;0.972
Wed Dec  1 09:14:01 2021;1638346441.501095950;3595.2;31802407.1;0.0;130485670.0;0.0;6977236.4;387.2;14996804.7;3616.0;37193636.0;0.0;131864810.8;0.994;50.019;1007.3;10579053.5;0.0;42900194.6;0.0;2375527.0;141.1;6125740.8;1017.1;12886623.6;0.0;43326626.2;4.619;227.743;0.990;859.3;6846704.9;0.0;46057057.5;0.0;2306597.4;25.7;5923807.2;859.7;9584433.1;0.0;46645541.6;4.041;227.521;1.000;1728.6;16483433.7;0.0;43635203.0;0.0;3105467.0;220.4;3757611.9;1742.6;18264631.8;0.0;44132423.7;7.776;227.328;0.992
Wed Dec  1 09:15:01 2021;1638346501.987440812;5698.4;31802498.3;0.0;130485670.0;0.0;6977236.4;375.3;14996810.9;5710.7;37193727.5;0.0;131864810.8;0.998;50.009;3383.3;10579103.1;0.0;42900194.6;0.0;2375527.0;127.5;6125742.9;3385.7;12886673.2;0.0;43326626.2;14.974;226.830;0.999;879.2;6846719.6;0.0;46057057.5;0.0;2306597.4;36.0;5923807.8;879.9;9584447.8;0.0;46645541.6;4.112;228.565;0.999;1435.9;16483460.7;0.0;43635203.0;0.0;3105467.0;211.7;3757615.5;1451.4;18264659.1;0.0;44132423.7;6.499;228.154;0.989
Wed Dec  1 09:16:01 2021;1638346561.473874303;5727.4;31802592.6;0.0;130485670.0;0.0;6977236.4;363.3;14996816.9;5738.9;37193822.0;0.0;131864810.8;0.998;49.983;3357.5;10579158.8;0.0;42900194.6;0.0;2375527.0;124.2;6125745.0;3359.8;12886728.9;0.0;43326626.2;14.857;226.877;0.999;888.0;6846734.3;0.0;46057057.5;0.0;2306597.4;33.7;5923808.3;888.6;9584462.4;0.0;46645541.6;4.141;228.455;0.999;1481.9;16483484.7;0.0;43635203.0;0.0;3105467.0;205.3;3757618.9;1496.0;18264683.3;0.0;44132423.7;6.692;228.213;0.991
Wed Dec  1 09:17:01 2021;1638346621.473561573;5707.5;31802687.5;0.0;130485670.0;0.0;6977236.4;350.3;14996823.0;5718.3;37193917.1;0.0;131864810.8;0.998;50.023;3340.7;10579214.6;0.0;42900194.6;0.0;2375527.0;119.2;6125747.1;3342.8;12886784.8;0.0;43326626.2;14.793;226.722;0.999;883.9;6846749.1;0.0;46057057.5;0.0;2306597.4;30.4;5923808.9;884.4;9584477.3;0.0;46645541.6;4.139;228.130;0.999;1483.0;16483508.9;0.0;43635203.0;0.0;3105467.0;200.7;3757622.3;1496.5;18264707.7;0.0;44132423.7;6.698;228.123;0.991
Wed Dec  1 09:18:01 2021;1638346681.973605739;5632.9;31802783.5;0.0;130485670.0;0.0;6977236.4;323.1;14996828.8;5642.2;37194013.2;0.0;131864810.8;0.998;49.975;3333.1;10579271.2;0.0;42900194.6;0.0;2375527.0;113.7;6125749.1;3335.0;12886841.5;0.0;43326626.2;14.762;226.664;0.999;875.7;6846764.0;0.0;46057057.5;0.0;2306597.4;17.1;5923809.3;875.8;9584492.2;0.0;46645541.6;4.110;228.300;1.000;1424.2;16483533.4;0.0;43635203.0;0.0;3105467.0;192.3;3757625.7;1437.1;18264732.4;0.0;44132423.7;6.449;227.925;0.991
Wed Dec  1 09:19:01 2021;1638346741.932073955;5666.5;31802877.7;0.0;130485670.0;0.0;6977236.4;566.4;14996835.5;5694.8;37194107.6;0.0;131864810.8;0.995;50.008;3332.1;10579326.7;0.0;42900194.6;0.0;2375527.0;116.5;6125750.9;3334.1;12886897.0;0.0;43326626.2;14.749;226.862;0.999;843.5;6846778.4;0.0;46057057.5;0.0;2306597.4;15.3;5923809.6;843.6;9584506.6;0.0;46645541.6;4.001;228.463;1.000;1490.9;16483557.7;0.0;43635203.0;0.0;3105467.0;434.6;3757630.3;1553.0;18264757.2;0.0;44132423.7;6.945;228.030;0.960
Wed Dec  1 09:20:01 2021;1638346801.917826826;6169.6;31802974.1;0.0;130485670.0;0.0;6977236.4;690.2;14996845.4;6208.1;37194204.5;0.0;131864810.8;0.994;49.983;3319.1;10579382.1;0.0;42900194.6;0.0;2375527.0;102.9;6125752.8;3320.7;12886952.5;0.0;43326626.2;14.711;226.499;1.000;1400.6;6846794.8;0.0;46057057.5;0.0;2306597.4;165.1;5923810.5;1410.3;9584523.0;0.0;46645541.6;6.425;227.898;0.993;1449.8;16483582.2;0.0;43635203.0;0.0;3105467.0;422.3;3757637.4;1510.1;18264782.8;0.0;44132423.7;6.761;227.962;0.960
Wed Dec  1 09:21:01 2021;1638346861.903080557;6540.0;31803081.2;0.0;130485670.0;0.0;6977236.4;679.2;14996856.7;6575.2;37194312.3;0.0;131864810.8;0.995;50.001;3326.8;10579437.5;0.0;42900194.6;0.0;2375527.0;100.2;6125754.4;3328.3;12887007.9;0.0;43326626.2;14.725;226.816;1.000;1727.1;6846822.0;0.0;46057057.5;0.0;2306597.4;160.9;5923813.2;1734.6;9584550.4;0.0;46645541.6;7.832;227.922;0.996;1486.1;16483606.7;0.0;43635203.0;0.0;3105467.0;418.1;3757644.3;1543.8;18264808.3;0.0;44132423.7;6.902;228.222;0.963
Wed Dec  1 09:22:01 2021;1638346921.889616389;3361.6;31803166.3;0.0;130485670.0;0.0;6977236.4;509.8;14996866.0;3400.0;37194397.9;0.0;131864810.8;0.989;49.988;1065.7;10579479.8;0.0;42900194.6;0.0;2375527.0;101.9;6125756.1;1070.6;12887050.2;0.0;43326626.2;4.851;227.978;0.995;805.6;6846840.3;0.0;46057057.5;8.3;2306597.5;0.0;5923814.1;805.6;9584568.7;0.0;46645541.6;3.865;228.028;1.000;1490.3;16483631.3;0.0;43635203.0;0.0;3105467.0;416.2;3757651.2;1547.4;18264833.8;0.0;44132423.7;6.926;227.752;0.963
Wed Dec  1 09:23:01 2021;1638346981.875831749;3339.4;31803222.3;0.0;130485670.0;0.0;6977236.4;484.1;14996874.3;3374.3;37194454.5;0.0;131864810.8;0.990;50.012;1068.3;10579497.6;0.0;42900194.6;0.0;2375527.0;92.6;6125757.7;1072.3;12887068.0;0.0;43326626.2;4.865;227.807;0.996;791.2;6846853.7;0.0;46057057.5;18.7;2306597.7;0.0;5923814.1;791.4;9584582.2;0.0;46645541.6;3.826;227.244;1.000;1479.9;16483656.0;0.0;43635203.0;0.0;3105467.0;410.2;3757658.0;1535.7;18264859.4;0.0;44132423.7;6.891;227.411;0.964
Wed Dec  1 09:24:01 2021;1638347041.873737278;4060.0;31803282.1;0.0;130485670.0;197.3;6977237.5;0.0;14996877.4;4064.8;37194514.5;0.0;131864810.8;0.999;49.970;1327.7;10579517.2;0.0;42900194.6;44.6;2375527.3;0.0;6125758.7;1328.4;12887087.7;0.0;43326626.2;6.052;227.456;0.999;1059.0;6846868.6;0.0;46057057.5;172.2;2306599.0;0.0;5923814.1;1072.9;9584597.1;0.0;46645541.6;5.106;227.400;0.987;1673.3;16483681.4;0.0;43635203.0;0.0;3105467.0;19.5;3757660.6;1673.4;18264885.1;0.0;44132423.7;7.582;226.981;1.000
Wed Dec  1 09:25:01 2021;1638347101.873748407;3834.1;31803344.7;0.0;130485670.0;131.7;6977239.2;0.0;14996877.5;3836.4;37194577.2;0.0;131864810.8;0.999;50.010;1256.8;10579537.7;0.0;42900194.6;22.8;2375527.5;0.0;6125758.8;1257.0;12887108.2;0.0;43326626.2;5.745;227.493;1.000;984.8;6846884.6;0.0;46057057.5;148.8;2306601.3;0.0;5923814.1;996.0;9584613.2;0.0;46645541.6;4.784;227.371;0.989;1592.5;16483707.5;0.0;43635203.0;0.0;3105467.0;39.9;3757661.5;1593.0;18264911.2;0.0;44132423.7;7.236;226.828;1.000
Wed Dec  1 09:26:01 2021;1638347161.832566015;4367.2;31803415.9;0.0;130485670.0;502.8;6977246.9;0.0;14996877.5;4396.1;37194648.8;0.0;131864810.8;0.993;49.998;1617.6;10579564.0;0.0;42900194.6;275.8;2375531.8;0.0;6125758.8;1640.9;12887134.8;0.0;43326626.2;7.396;227.012;0.986;1123.7;6846902.8;0.0;46057057.5;207.6;2306604.5;0.0;5923814.1;1142.7;9584631.8;0.0;46645541.6;5.394;226.770;0.983;1625.9;16483734.2;0.0;43635203.0;19.4;3105467.4;0.0;3757661.6;1626.0;18264937.9;0.0;44132423.7;7.380;226.677;1.000
Wed Dec  1 09:27:01 2021;1638347221.819013703;4401.6;31803486.4;0.0;130485670.0;503.0;6977256.0;0.0;14996877.5;4430.3;37194719.8;0.0;131864810.8;0.994;50.016;1616.6;10579591.0;0.0;42900194.6;274.5;2375536.4;0.0;6125758.8;1639.8;12887162.2;0.0;43326626.2;7.377;227.494;0.986;1150.5;6846921.8;0.0;46057057.5;207.9;2306608.0;0.0;5923814.1;1169.2;9584651.1;0.0;46645541.6;5.485;227.423;0.984;1634.4;16483758.7;0.0;43635203.0;20.6;3105468.4;0.0;3757661.6;1634.6;18264962.4;0.0;44132423.7;7.416;226.789;1.000
Wed Dec  1 09:28:01 2021;1638347281.804101307;4401.9;31803555.8;0.0;130485670.0;475.9;6977264.2;0.0;14996877.5;4427.6;37194789.8;0.0;131864810.8;0.994;50.002;1677.6;10579618.1;0.0;42900194.6;262.4;2375540.7;0.0;6125758.8;1698.0;12887189.6;0.0;43326626.2;7.633;227.232;0.988;1122.4;6846940.2;0.0;46057057.5;202.4;2306611.2;0.0;5923814.1;1140.5;9584669.8;0.0;46645541.6;5.375;227.256;0.984;1601.9;16483782.6;0.0;43635203.0;11.1;3105469.1;0.0;3757661.6;1601.9;18264986.4;0.0;44132423.7;7.271;226.879;1.000
Wed Dec  1 09:29:01 2021;1638347341.795924490;4684.7;31803630.1;0.0;130485670.0;571.4;6977274.0;0.0;14996877.5;4719.4;37194864.7;0.0;131864810.8;0.993;49.987;1831.3;10579647.6;0.0;42900194.6;290.7;2375545.5;0.0;6125758.8;1854.2;12887219.6;0.0;43326626.2;8.325;226.753;0.988;1179.2;6846959.8;0.0;46057057.5;233.6;2306614.9;0.0;5923814.1;1202.1;9584689.7;0.0;46645541.6;5.645;226.811;0.981;1674.2;16483807.7;0.0;43635203.0;47.1;3105470.3;0.0;3757661.6;1674.9;18265011.5;0.0;44132423.7;7.602;226.392;1.000
Wed Dec  1 09:30:02 2021;1638347402.276686351;4723.5;31803707.0;0.0;130485670.0;571.7;6977284.4;0.0;14996877.5;4758.0;37194942.3;0.0;131864810.8;0.993;50.001;1836.0;10579678.6;0.0;42900194.6;290.4;2375550.5;0.0;6125758.8;1858.8;12887250.9;0.0;43326626.2;8.340;226.873;0.988;1198.7;6846979.9;0.0;46057057.5;234.3;2306618.9;0.0;5923814.1;1221.4;9584710.2;0.0;46645541.6;5.728;226.912;0.981;1688.8;16483833.6;0.0;43635203.0;46.9;3105471.8;0.0;3757661.6;1689.5;18265037.4;0.0;44132423.7;7.658;226.664;1.000
Wed Dec  1 09:31:01 2021;1638347461.775696780;7047.5;31803799.2;0.0;130485670.0;580.8;6977294.2;0.0;14996877.5;7071.4;37195035.0;0.0;131864810.8;0.997;49.970;4125.0;10579726.2;0.0;42900194.6;287.7;2375555.1;0.0;6125758.8;4135.0;12887298.8;0.0;43326626.2;18.397;225.569;0.998;1200.1;6846999.4;0.0;46057057.5;233.1;2306622.6;0.0;5923814.1;1222.6;9584730.1;0.0;46645541.6;5.720;227.263;0.982;1722.4;16483858.7;0.0;43635203.0;60.1;3105473.2;0.0;3757661.6;1723.4;18265062.6;0.0;44132423.7;7.805;226.715;0.999
Wed Dec  1 09:32:01 2021;1638347521.777427559;7023.8;31803913.7;0.0;130485670.0;629.1;6977304.9;0.0;14996877.5;7051.9;37195150.1;0.0;131864810.8;0.996;49.976;4032.0;10579794.3;0.0;42900194.6;307.5;2375560.1;0.0;6125758.8;4043.8;12887367.1;0.0;43326626.2;18.028;225.150;0.997;1244.3;6847019.9;0.0;46057057.5;248.2;2306626.7;0.0;5923814.1;1268.8;9584750.9;0.0;46645541.6;5.926;226.565;0.981;1747.4;16483884.7;0.0;43635203.0;73.3;3105474.9;0.0;3757661.6;1748.9;18265088.6;0.0;44132423.7;7.926;226.380;0.999
Wed Dec  1 09:33:01 2021;1638347581.734079767;4820.7;31803995.9;0.0;130485670.0;650.8;6977316.3;0.0;14996877.5;4864.5;37195233.1;0.0;131864810.8;0.991;49.998;1797.0;10579828.9;0.0;42900194.6;317.9;2375565.4;0.0;6125758.8;1824.9;12887402.1;0.0;43326626.2;8.215;226.272;0.985;1273.6;6847040.8;0.0;46057057.5;259.8;2306630.9;0.0;5923814.1;1299.8;9584772.3;0.0;46645541.6;6.061;226.397;0.980;1750.1;16483911.3;0.0;43635203.0;73.1;3105476.7;0.0;3757661.6;1751.7;18265115.3;0.0;44132423.7;7.939;226.213;0.999
Wed Dec  1 09:34:01 2021;1638347641.726938304;4696.8;31804072.2;0.0;130485670.0;461.8;6977325.6;0.0;14996877.5;4719.5;37195310.0;0.0;131864810.8;0.995;49.998;1695.8;10579857.5;0.0;42900194.6;123.2;2375568.7;0.0;6125758.8;1700.3;12887431.0;0.0;43326626.2;7.665;226.588;0.997;1256.4;6847061.9;0.0;46057057.5;261.0;2306635.2;0.0;5923814.1;1283.2;9584793.8;0.0;46645541.6;5.986;226.678;0.979;1744.6;16483937.8;0.0;43635203.0;77.6;3105478.5;0.0;3757661.6;1746.4;18265142.0;0.0;44132423.7;7.920;226.221;0.999
Wed Dec  1 09:35:01 2021;1638347701.705759924;4777.6;31804148.8;0.0;130485670.0;504.4;6977334.4;0.0;14996877.5;4804.2;37195387.1;0.0;131864810.8;0.994;50.000;1719.3;10579886.0;0.0;42900194.6;136.8;2375570.9;0.0;6125758.8;1724.8;12887459.6;0.0;43326626.2;7.773;226.508;0.997;1271.4;6847083.1;0.0;46057057.5;276.4;2306639.7;0.0;5923814.1;1301.1;9584815.5;0.0;46645541.6;6.063;226.745;0.977;1786.9;16483964.8;0.0;43635203.0;91.2;3105480.6;0.0;3757661.6;1789.2;18265169.0;0.0;44132423.7;8.099;226.380;0.999
Wed Dec  1 09:36:01 2021;1638347761.691889753;4775.8;31804225.7;0.0;130485670.0;530.3;6977343.6;0.0;14996877.5;4805.1;37195464.5;0.0;131864810.8;0.994;49.998;1728.0;10579914.7;0.0;42900194.6;145.1;2375573.3;0.0;6125758.8;1734.1;12887488.4;0.0;43326626.2;7.774;227.668;0.996;1257.7;6847104.2;0.0;46057057.5;290.3;2306644.4;0.0;5923814.1;1290.8;9584837.1;0.0;46645541.6;6.010;227.240;0.974;1790.1;16483991.8;0.0;43635203.0;94.9;3105482.7;0.0;3757661.6;1792.6;18265196.1;0.0;44132423.7;8.087;227.262;0.999
Wed Dec  1 09:37:01 2021;1638347821.678003669;4669.9;31804302.0;0.0;130485670.0;541.5;6977353.2;0.0;14996877.5;4701.1;37195541.4;0.0;131864810.8;0.993;49.997;1730.4;10579943.5;0.0;42900194.6;148.2;2375575.7;0.0;6125758.8;1736.7;12887517.3;0.0;43326626.2;7.796;227.387;0.996;1221.2;6847124.9;0.0;46057057.5;296.1;2306649.3;0.0;5923814.1;1256.6;9584858.3;0.0;46645541.6;5.871;227.274;0.972;1718.3;16484018.7;0.0;43635203.0;97.2;3105485.0;0.0;3757661.6;1721.1;18265223.1;0.0;44132423.7;7.783;227.085;0.998
Wed Dec  1 09:38:01 2021;1638347881.672805330;4692.4;31804377.9;0.0;130485670.0;574.1;6977363.0;0.0;14996877.5;4727.3;37195618.0;0.0;131864810.8;0.993;50.011;1740.0;10579972.5;0.0;42900194.6;150.0;2375578.2;0.0;6125758.8;1746.5;12887546.4;0.0;43326626.2;7.846;227.463;0.996;1187.7;6847145.0;0.0;46057057.5;309.7;2306654.3;0.0;5923814.1;1227.5;9584879.1;0.0;46645541.6;5.766;227.420;0.968;1764.6;16484045.5;0.0;43635203.0;114.3;3105487.3;0.0;3757661.6;1768.3;18265250.0;0.0;44132423.7;8.008;227.038;0.998
Wed Dec  1 09:39:01 2021;1638347941.672803924;4617.5;31804452.9;0.0;130485670.0;587.1;6977373.3;0.0;14996877.5;4654.6;37195693.7;0.0;131864810.8;0.992;49.997;1678.5;10580001.2;0.0;42900194.6;160.8;2375580.8;0.0;6125758.8;1686.1;12887575.2;0.0;43326626.2;7.586;227.422;0.995;1187.2;6847164.6;0.0;46057057.5;310.4;2306659.4;0.0;5923814.1;1227.1;9584899.4;0.0;46645541.6;5.739;227.501;0.967;1751.8;16484072.2;0.0;43635203.0;115.9;3105489.8;0.0;3757661.6;1755.6;18265276.8;0.0;44132423.7;7.945;227.175;0.998
Wed Dec  1 09:40:01 2021;1638348001.672793150;7032.8;31804537.7;0.0;130485670.0;598.2;6977383.7;0.0;14996877.5;7058.2;37195779.1;0.0;131864810.8;0.996;50.021;4015.9;10580038.8;0.0;42900194.6;168.6;2375583.5;0.0;6125758.8;4019.4;12887612.9;0.0;43326626.2;17.849;226.087;0.999;1234.5;6847184.8;0.0;46057057.5;305.0;2306664.5;0.0;5923814.1;1271.6;9584920.2;0.0;46645541.6;5.908;227.842;0.971;1782.4;16484099.2;0.0;43635203.0;124.6;3105492.4;0.0;3757661.6;1786.7;18265304.0;0.0;44132423.7;8.068;227.365;0.998
Wed Dec  1 09:41:01 2021;1638348061.621503934;7044.0;31804652.4;0.0;130485670.0;620.6;6977394.5;0.0;14996877.5;7071.3;37195894.4;0.0;131864810.8;0.996;50.011;3984.4;10580105.4;0.0;42900194.6;176.8;2375586.4;0.0;6125758.8;3988.3;12887679.5;0.0;43326626.2;17.713;226.099;0.999;1245.3;6847205.6;0.0;46057057.5;311.8;2306669.7;0.0;5923814.1;1283.8;9584941.6;0.0;46645541.6;5.963;227.896;0.970;1814.3;16484126.6;0.0;43635203.0;132.0;3105495.3;0.0;3757661.6;1819.1;18265331.5;0.0;44132423.7;8.206;227.545;0.997
Wed Dec  1 09:42:01 2021;1638348121.608090880;4650.3;31804739.9;0.0;130485670.0;672.5;6977405.8;0.0;14996877.5;4698.7;37195982.6;0.0;131864810.8;0.990;49.994;1721.8;10580144.7;0.0;42900194.6;184.5;2375589.4;0.0;6125758.8;1731.7;12887719.0;0.0;43326626.2;7.770;227.747;0.994;1221.0;6847226.1;0.0;46057057.5;336.3;2306675.1;0.0;5923814.1;1266.4;9584962.8;0.0;46645541.6;5.886;227.689;0.964;1707.5;16484154.2;0.0;43635203.0;151.7;3105498.1;0.0;3757661.6;1714.3;18265359.3;0.0;44132423.7;7.748;227.328;0.996
Wed Dec  1 09:43:01 2021;1638348181.593302635;4790.8;31804816.9;0.0;130485670.0;662.0;6977417.5;0.0;14996877.5;4836.3;37196060.5;0.0;131864810.8;0.991;50.008;1734.0;10580173.6;0.0;42900194.6;185.9;2375592.4;0.0;6125758.8;1743.9;12887748.1;0.0;43326626.2;7.840;227.317;0.994;1242.0;6847246.6;0.0;46057057.5;336.1;2306680.7;0.0;5923814.1;1286.7;9584984.1;0.0;46645541.6;5.991;227.336;0.965;1814.8;16484181.7;0.0;43635203.0;140.0;3105501.1;0.0;3757661.6;1820.2;18265387.0;0.0;44132423.7;8.231;227.001;0.997
Wed Dec  1 09:44:01 2021;1638348241.579265439;4907.2;31804895.3;0.0;130485670.0;691.9;6977429.5;0.0;14996877.5;4955.8;37196139.8;0.0;131864810.8;0.990;50.014;1789.5;10580203.0;0.0;42900194.6;199.8;2375595.7;0.0;6125758.8;1800.6;12887777.6;0.0;43326626.2;8.086;227.228;0.994;1291.1;6847267.7;0.0;46057057.5;343.8;2306686.3;0.0;5923814.1;1336.1;9585005.9;0.0;46645541.6;6.193;227.153;0.966;1826.6;16484209.7;0.0;43635203.0;148.3;3105504.2;0.0;3757661.6;1832.6;18265415.2;0.0;44132423.7;8.279;226.846;0.997
Wed Dec  1 09:45:02 2021;1638348302.075870927;8972.6;31805004.9;0.0;130485670.0;3597.0;6977461.3;0.0;14996877.5;9666.7;37196254.9;0.0;131864810.8;0.928;50.014;3022.5;10580241.3;0.0;42900194.6;1232.9;2375606.1;0.0;6125758.8;3264.3;12887817.7;0.0;43326626.2;14.463;226.612;0.926;2512.8;6847297.7;0.0;46057057.5;1282.7;2306698.5;0.0;5923814.1;2821.2;9585038.4;0.0;46645541.6;12.564;226.681;0.891;3437.3;16484251.0;0.0;43635203.0;1081.4;3105513.5;0.0;3757661.6;3603.4;18265457.8;0.0;44132423.7;16.006;226.073;0.954
Wed Dec  1 09:46:01 2021;1638348361.573553536;9157.9;31805151.8;0.0;130485670.0;3649.6;6977522.0;0.0;14996877.5;9858.3;37196413.8;0.0;131864810.8;0.929;49.974;3114.7;10580292.0;0.0;42900194.6;1262.8;2375626.8;0.0;6125758.8;3360.9;12887872.5;0.0;43326626.2;14.884;226.686;0.927;2540.3;6847339.3;0.0;46057057.5;1311.8;2306719.9;0.0;5923814.1;2859.0;9585085.3;0.0;46645541.6;12.746;226.323;0.889;3502.9;16484305.5;0.0;43635203.0;1075.0;3105532.0;0.0;3757661.6;3664.1;18265515.4;0.0;44132423.7;16.287;225.886;0.956
Wed Dec  1 09:47:02 2021;1638348422.072785368;8137.4;31805295.1;0.0;130485670.0;3222.8;6977580.5;0.0;14996877.5;8752.4;37196568.6;0.0;131864810.8;0.930;49.994;2718.1;10580341.1;0.0;42900194.6;1109.3;2375646.8;0.0;6125758.8;2935.7;12887925.4;0.0;43326626.2;12.982;227.097;0.926;2242.6;6847379.8;0.0;46057057.5;1162.3;2306740.8;0.0;5923814.1;2525.9;9585130.8;0.0;46645541.6;11.258;227.030;0.888;3176.7;16484359.3;0.0;43635203.0;951.2;3105549.8;0.0;3757661.6;3316.1;18265572.0;0.0;44132423.7;14.721;226.380;0.958
Wed Dec  1 09:48:02 2021;1638348482.023139893;7187.1;31805416.4;0.0;130485670.0;2690.0;6977629.3;0.0;14996877.5;7674.0;37196699.4;0.0;131864810.8;0.937;49.972;2410.5;10580382.6;0.0;42900194.6;951.0;2375663.6;0.0;6125758.8;2591.4;12887970.3;0.0;43326626.2;11.447;227.227;0.930;1877.8;6847413.0;0.0;46057057.5;983.3;2306758.3;0.0;5923814.1;2119.6;9585168.3;0.0;46645541.6;9.465;226.824;0.886;2898.8;16484405.9;0.0;43635203.0;755.8;3105564.3;0.0;3757661.6;2995.7;18265620.9;0.0;44132423.7;13.276;226.773;0.968
Wed Dec  1 09:49:02 2021;1638348542.008777018;4605.8;31805515.4;0.0;130485670.0;2012.9;6977669.7;0.0;14996877.5;5026.5;37196806.3;0.0;131864810.8;0.916;49.999;1564.7;10580416.7;0.0;42900194.6;716.6;2375677.8;0.0;6125758.8;1721.0;12888007.2;0.0;43326626.2;7.589;227.298;0.909;979.0;6847437.8;0.0;46057057.5;747.9;2306772.9;0.0;5923814.1;1232.0;9585197.2;0.0;46645541.6;5.487;227.256;0.795;2062.2;16484446.0;0.0;43635203.0;548.5;3105575.9;0.0;3757661.6;2133.9;18265662.6;0.0;44132423.7;9.461;226.628;0.966
Wed Dec  1 09:50:01 2021;1638348601.994710784;6873.5;31805622.4;0.0;130485670.0;2007.8;6977703.9;0.0;14996877.5;7160.8;37196918.7;0.0;131864810.8;0.960;50.008;3830.7;10580475.3;0.0;42900194.6;689.4;2375689.4;0.0;6125758.8;3892.3;12888067.1;0.0;43326626.2;17.214;226.233;0.984;973.3;6847454.2;0.0;46057057.5;733.3;2306785.1;0.0;5923814.1;1218.7;9585217.6;0.0;46645541.6;5.413;227.967;0.799;2069.4;16484478.0;0.0;43635203.0;585.2;3105586.1;0.0;3757661.6;2150.6;18265696.3;0.0;44132423.7;9.518;227.056;0.962
Wed Dec  1 09:51:01 2021;1638348661.981566563;554.5;31805708.7;0.0;130485670.0;0.0;6977730.4;1093.5;14996881.0;1226.1;37197011.6;0.0;131864810.8;0.452;49.997;253.1;10580523.1;0.0;42900194.6;0.0;2375698.2;472.2;6125760.4;535.7;12888116.6;0.0;43326626.2;2.474;227.847;0.472;0.0;6847466.9;372.4;46057058.8;0.0;2306794.8;214.3;5923814.8;0.0;9585233.6;429.7;46645543.0;2.123;227.856;-0.867;673.9;16484505.1;0.0;43635203.0;0.0;3105594.1;407.0;3757662.8;787.3;18265725.0;0.0;44132423.7;3.674;227.229;0.856
Wed Dec  1 09:52:01 2021;1638348721.973601455;352.1;31805714.7;0.0;130485670.0;0.0;6977730.4;1080.9;14996898.6;1136.8;37197029.5;0.0;131864811.6;0.310;50.013;259.0;10580527.3;0.0;42900194.6;0.0;2375698.2;474.6;6125768.3;540.6;12888125.6;0.0;43326626.2;2.489;228.193;0.479;0.0;6847466.9;345.7;46057064.8;0.0;2306794.8;214.0;5923818.3;0.0;9585233.6;406.5;46645550.0;2.030;228.024;-0.850;438.8;16484512.8;0.0;43635203.0;0.0;3105594.1;392.3;3757669.0;588.6;18265735.1;0.0;44132423.7;2.854;227.707;0.745
Wed Dec  1 09:53:01 2021;1638348781.973259655;323.8;31805717.7;0.0;130485670.3;0.0;6977730.4;1088.3;14996916.1;1135.5;37197043.3;0.0;131864815.8;0.285;50.022;260.1;10580531.6;0.0;42900194.6;0.0;2375698.2;473.7;6125776.2;540.5;12888134.6;0.0;43326626.2;2.481;228.411;0.481;0.0;6847466.9;349.8;46057070.6;0.0;2306794.8;216.2;5923821.9;0.0;9585233.6;411.3;46645556.8;2.045;228.396;-0.851;413.5;16484517.0;0.0;43635203.0;0.0;3105594.1;398.4;3757675.0;574.2;18265742.6;0.0;44132423.9;2.788;228.016;0.720
Wed Dec  1 09:54:01 2021;1638348841.973668455;592.8;31805722.3;0.0;130485670.4;0.0;6977730.4;1101.9;14996933.8;1251.2;37197059.0;0.0;131864818.6;0.474;50.016;553.0;10580537.8;0.0;42900194.6;0.0;2375698.2;484.1;6125784.1;735.0;12888144.8;0.0;43326626.2;3.311;228.235;0.752;0.0;6847466.9;353.6;46057076.4;0.0;2306794.8;215.0;5923825.5;0.0;9585233.6;413.9;46645563.7;2.058;228.385;-0.854;393.4;16484521.2;0.0;43635203.0;0.0;3105594.1;402.7;3757681.1;563.0;18265750.1;0.0;44132424.0;2.746;228.171;0.699
Wed Dec  1 09:55:01 2021;1638348901.925467063;352.0;31805725.9;0.0;130485670.7;0.0;6977730.4;1094.4;14996951.3;1149.6;37197073.2;0.0;131864822.5;0.306;49.994;257.6;10580542.8;0.0;42900194.6;0.0;2375698.2;477.5;6125792.1;542.6;12888154.3;0.0;43326626.2;2.489;228.940;0.475;0.0;6847466.9;341.3;46057082.3;0.0;2306794.8;216.0;5923829.1;0.0;9585233.6;403.9;46645570.6;2.019;228.734;-0.845;435.6;16484525.4;0.0;43635203.0;0.0;3105594.1;400.9;3757687.1;592.0;18265757.5;0.0;44132424.1;2.861;228.680;0.736
Wed Dec  1 09:56:01 2021;1638348961.911255995;455.2;31805729.3;0.0;130485670.8;0.0;6977730.4;1082.3;14996969.0;1174.1;37197088.6;0.0;131864825.3;0.388;49.996;262.5;10580547.2;0.0;42900194.6;0.0;2375698.2;475.7;6125800.0;543.4;12888163.4;0.0;43326626.2;2.493;228.753;0.483;0.0;6847466.9;327.1;46057087.7;0.0;2306794.8;221.8;5923832.7;0.0;9585233.6;395.2;46645577.1;1.991;228.673;-0.828;519.7;16484529.8;0.0;43635203.0;0.0;3105594.1;384.7;3757693.2;646.6;18265765.2;0.0;44132424.2;3.079;228.416;0.804
Wed Dec  1 09:57:01 2021;1638349021.897115473;3797.5;31805773.2;0.0;130485670.8;0.0;6977730.4;1076.9;14996986.7;3947.3;37197137.9;0.0;131864825.3;0.962;50.019;2593.8;10580580.6;0.0;42900194.6;0.0;2375698.2;455.3;6125807.8;2633.5;12888198.5;0.0;43326626.2;11.589;227.676;0.985;0.0;6847466.9;350.8;46057093.3;0.0;2306794.8;219.9;5923836.4;0.0;9585233.6;414.0;46645583.8;2.036;229.079;-0.847;1554.4;16484545.8;0.0;43635203.0;0.0;3105594.1;401.8;3757699.4;1605.5;18265782.9;0.0;44132424.2;7.179;228.081;0.968
Wed Dec  1 09:58:01 2021;1638349081.883780750;1320.8;31805831.9;0.0;130485670.8;0.0;6977730.4;1085.4;14997004.7;1709.5;37197199.7;0.0;131864825.3;0.773;50.021;252.7;10580616.5;0.0;42900194.6;0.0;2375698.2;473.2;6125815.4;536.5;12888235.9;0.0;43326626.2;2.462;228.660;0.471;0.0;6847466.9;368.1;46057099.3;0.0;2306794.8;214.2;5923840.1;0.0;9585233.6;425.9;46645590.8;2.098;228.329;-0.864;1436.3;16484574.7;0.0;43635203.0;0.0;3105594.1;397.9;3757706.2;1490.4;18265812.6;0.0;44132424.2;6.710;227.563;0.964
Wed Dec  1 09:59:01 2021;1638349141.873552691;1731.6;31805858.7;0.0;130485670.8;0.0;6977730.4;1021.4;14997022.7;2010.4;37197232.1;0.0;131864825.3;0.861;50.013;252.0;10580620.8;0.0;42900194.6;0.0;2375698.2;476.5;6125823.3;539.0;12888244.9;0.0;43326626.2;2.481;228.693;0.467;0.0;6847466.9;366.5;46057105.4;0.0;2306794.8;216.3;5923843.6;0.0;9585233.6;425.6;46645597.9;2.105;228.371;-0.861;1846.2;16484603.3;0.0;43635203.0;0.0;3105594.1;328.5;3757712.8;1875.2;18265841.9;0.0;44132424.2;8.438;227.183;0.985
Wed Dec  1 10:00:02 2021;1638349202.373874459;116.9;31805870.1;0.0;130485670.8;0.0;6977730.4;1019.5;14997039.5;1026.2;37197252.4;0.0;131864826.4;0.114;50.023;247.7;10580625.0;0.0;42900194.6;0.0;2375698.2;472.0;6125831.3;533.1;12888253.9;0.0;43326626.2;2.455;228.427;0.465;0.0;6847466.9;399.8;46057112.0;0.0;2306794.8;210.8;5923847.2;0.0;9585233.6;452.0;46645605.3;2.203;228.345;-0.885;269.0;16484617.0;0.0;43635203.0;0.0;3105594.1;336.7;3757718.0;430.9;18265857.0;0.0;44132424.2;2.385;228.087;0.624
Wed Dec  1 10:01:01 2021;1638349261.873766808;408.1;31805874.6;0.0;130485670.8;0.0;6977730.4;1094.8;14997056.8;1168.4;37197269.5;0.0;131864827.4;0.349;49.961;283.7;10580629.8;0.0;42900194.6;0.0;2375698.2;473.4;6125839.0;551.9;12888263.1;0.0;43326626.2;2.539;228.144;0.514;0.0;6847466.9;347.1;46057118.0;0.0;2306794.8;209.7;5923850.6;0.0;9585233.6;405.6;46645612.3;2.037;227.980;-0.856;471.6;16484622.8;0.0;43635203.0;0.0;3105594.1;411.7;3757724.1;626.0;18265865.6;0.0;44132424.2;3.024;227.618;0.753
Wed Dec  1 10:02:01 2021;1638349321.827132436;401.1;31805878.9;0.0;130485670.9;0.0;6977730.4;1068.9;14997073.9;1141.7;37197285.4;0.0;131864829.4;0.351;49.945;366.2;10580635.9;0.0;42900194.6;0.0;2375698.2;470.9;6125846.8;596.5;12888273.1;0.0;43326626.2;2.736;227.565;0.614;0.0;6847466.9;367.9;46057124.1;0.0;2306794.8;200.6;5923854.0;0.0;9585233.6;419.0;46645619.2;2.078;227.590;-0.878;402.8;16484626.9;0.0;43635203.1;0.0;3105594.1;397.4;3757730.1;565.8;18265872.9;0.0;44132424.5;2.767;227.103;0.712
Wed Dec  1 10:03:02 2021;1638349382.312553315;264.0;31805883.0;0.0;130485670.9;0.0;6977730.4;1041.4;14997092.1;1074.3;37197302.6;0.0;131864831.1;0.246;49.959;359.3;10580642.2;0.0;42900194.6;0.0;2375698.2;473.2;6125855.6;594.2;12888283.9;0.0;43326626.2;2.727;227.667;0.605;0.0;6847466.9;371.4;46057130.3;0.0;2306794.8;202.4;5923857.3;0.0;9585233.6;423.0;46645626.3;2.093;227.451;-0.878;276.1;16484631.0;0.0;43635203.1;0.0;3105594.1;365.7;3757736.1;458.2;18265879.8;0.0;44132425.1;2.475;227.310;0.603
Wed Dec  1 10:04:01 2021;1638349441.802026147;465.2;31805887.6;0.0;130485670.9;0.0;6977730.4;1091.0;14997109.4;1186.1;37197319.9;0.0;131864831.8;0.392;49.960;363.6;10580648.2;0.0;42900194.6;0.0;2375698.2;476.4;6125863.5;599.4;12888293.8;0.0;43326626.2;2.755;227.434;0.607;0.0;6847466.9;326.4;46057136.0;0.0;2306794.8;213.6;5923860.8;0.0;9585233.6;390.1;46645633.0;1.989;227.413;-0.837;428.0;16484635.3;0.0;43635203.1;0.0;3105594.1;401.0;3757742.1;586.5;18265887.1;0.0;44132425.4;2.866;226.996;0.730
Wed Dec  1 10:05:01 2021;1638349501.790858670;2827.0;31805917.0;0.0;130485670.9;0.0;6977730.4;1082.4;14997126.9;3027.2;37197356.5;0.0;131864831.8;0.934;49.977;2687.7;10580678.3;0.0;42900194.6;0.0;2375698.2;464.6;6125871.4;2727.6;12888325.8;0.0;43326626.2;12.085;226.170;0.985;0.0;6847466.9;306.5;46057141.1;0.0;2306794.8;217.1;5923864.4;0.0;9585233.6;375.5;46645639.2;1.915;227.924;-0.816;445.8;16484639.8;0.0;43635203.2;0.0;3105594.1;400.7;3757748.2;599.4;18265894.8;0.0;44132425.4;2.901;227.224;0.744
Wed Dec  1 10:06:01 2021;1638349561.773774223;384.2;31805964.8;0.0;130485670.9;0.0;6977732.5;1067.9;14997134.7;1134.9;37197407.2;0.0;131864831.8;0.339;49.963;374.6;10580720.7;0.0;42900194.6;0.0;2375698.2;474.3;6125875.5;604.4;12888368.9;0.0;43326626.2;2.769;227.576;0.620;0.0;6847467.8;323.8;46057144.1;0.0;2306796.9;210.4;5923866.0;0.0;9585234.9;386.1;46645643.3;1.956;227.437;-0.839;333.4;16484647.3;0.0;43635203.2;0.0;3105594.9;383.2;3757750.8;507.9;18265903.9;0.0;44132425.5;2.542;227.256;0.656
Wed Dec  1 10:07:01 2021;1638349621.773806388;475.7;31805970.3;0.0;130485670.9;0.0;6977732.5;1095.2;14997152.2;1194.0;37197425.6;0.0;131864831.9;0.398;49.976;374.9;10580726.9;0.0;42900194.6;0.0;2375698.2;478.5;6125883.4;607.9;12888379.1;0.0;43326626.2;2.791;227.336;0.617;0.0;6847467.8;318.0;46057149.5;0.0;2306796.9;215.8;5923869.5;0.0;9585234.9;384.3;46645649.8;1.965;227.227;-0.828;418.8;16484651.8;0.0;43635203.2;0.0;3105594.9;400.9;3757756.9;579.7;18265911.5;0.0;44132425.6;2.838;226.917;0.722
Wed Dec  1 10:08:01 2021;1638349681.774798465;481.3;31805977.0;0.0;130485670.9;0.0;6977732.5;1092.3;14997169.8;1193.6;37197444.6;0.0;131864831.9;0.403;49.974;378.5;10580734.2;0.0;42900194.6;0.0;2375698.2;476.5;6125891.4;608.6;12888389.9;0.0;43326626.2;2.790;227.356;0.622;0.0;6847467.8;310.4;46057154.6;0.0;2306796.9;214.6;5923873.1;0.0;9585234.9;377.4;46645656.0;1.933;227.362;-0.823;413.2;16484656.4;0.0;43635203.2;0.0;3105594.9;401.2;3757762.9;575.9;18265919.2;0.0;44132425.7;2.821;226.941;0.717
Wed Dec  1 10:09:01 2021;1638349741.728325191;670.1;31805983.5;0.0;130485670.9;0.0;6977732.5;1009.9;14997186.8;1212.0;37197462.9;0.0;131864831.9;0.553;49.978;434.5;10580740.9;0.0;42900194.6;0.0;2375698.2;396.4;6125898.8;588.2;12888399.9;0.0;43326626.2;2.693;227.736;0.739;0.0;6847467.8;301.4;46057159.6;0.0;2306796.9;216.2;5923876.7;0.0;9585234.9;370.9;46645662.2;1.900;227.663;-0.813;536.9;16484661.3;0.0;43635203.2;0.0;3105594.9;397.3;3757768.9;668.0;18265927.1;0.0;44132425.8;3.187;227.361;0.804
Wed Dec  1 10:10:01 2021;1638349801.724870183;563.1;31805992.8;0.0;130485670.9;0.0;6977732.5;1092.9;14997204.9;1229.4;37197483.3;0.0;131864831.9;0.458;49.978;374.4;10580747.3;0.0;42900194.6;0.0;2375698.2;476.1;6125906.7;605.7;12888410.0;0.0;43326626.2;2.772;227.602;0.618;0.0;6847467.8;325.8;46057165.0;0.0;2306796.9;215.6;5923880.3;0.0;9585234.9;390.7;46645668.6;1.972;227.707;-0.834;514.5;16484669.6;0.0;43635203.2;0.0;3105594.9;401.2;3757775.6;652.4;18265937.7;0.0;44132425.8;3.129;227.184;0.789
Wed Dec  1 10:11:01 2021;1638349861.699818599;601.6;31806002.5;0.0;130485670.9;0.0;6977732.5;1114.7;14997223.3;1266.7;37197504.1;0.0;131864831.9;0.475;49.986;382.2;10580753.6;0.0;42900194.6;0.0;2375698.2;496.0;6125914.7;626.2;12888420.3;0.0;43326626.2;2.866;227.463;0.610;0.0;6847467.8;303.1;46057170.1;0.0;2306796.9;217.7;5923883.9;0.0;9585234.9;373.2;46645674.9;1.919;227.566;-0.812;522.5;16484678.1;0.0;43635203.2;0.0;3105594.9;401.0;3757782.3;658.7;18265948.6;0.0;44132425.8;3.162;227.055;0.793
Wed Dec  1 10:12:02 2021;1638349922.185569731;436.5;31806011.2;0.0;130485670.9;0.0;6977732.5;959.7;14997241.3;1054.3;37197524.2;0.0;131864831.9;0.414;50.003;270.7;10580759.2;0.0;42900194.6;0.0;2375698.2;337.6;6125922.4;432.7;12888429.8;0.0;43326626.2;2.058;227.744;0.626;0.0;6847467.8;331.6;46057175.5;0.0;2306796.9;216.0;5923887.5;0.0;9585234.9;395.8;46645681.4;1.994;227.650;-0.838;497.5;16484686.5;0.0;43635203.2;0.0;3105594.9;406.1;3757789.0;642.2;18265959.3;0.0;44132425.8;3.092;227.487;0.775
Wed Dec  1 10:13:01 2021;1638349981.674173047;2739.8;31806028.0;0.0;130485670.9;0.0;6977732.5;951.9;14997257.1;2900.4;37197549.2;0.0;131864831.9;0.945;50.001;2609.9;10580773.4;0.0;42900194.6;0.0;2375698.2;328.1;6125927.9;2630.4;12888446.0;0.0;43326626.2;11.644;226.388;0.992;0.0;6847467.8;345.3;46057181.0;0.0;2306796.9;217.0;5923891.1;0.0;9585234.9;407.8;46645688.0;2.029;228.125;-0.847;475.2;16484694.6;0.0;43635203.2;0.0;3105594.9;406.8;3757795.7;625.5;18265969.8;0.0;44132425.8;3.012;227.558;0.760
Wed Dec  1 10:14:01 2021;1638350041.673059920;2855.7;31806073.7;0.0;130485670.9;0.0;6977732.5;946.9;14997272.9;3008.5;37197597.6;0.0;131864831.9;0.949;50.004;2563.8;10580816.5;0.0;42900194.6;0.0;2375698.2;326.7;6125933.4;2584.5;12888489.4;0.0;43326626.2;11.438;226.479;0.992;0.0;6847467.8;362.5;46057186.9;0.0;2306796.9;214.4;5923894.7;0.0;9585234.9;421.2;46645694.9;2.077;228.035;-0.861;654.4;16484703.2;0.0;43635203.2;0.0;3105594.9;405.8;3757802.4;770.0;18265980.8;0.0;44132425.8;3.610;227.268;0.850
Wed Dec  1 10:15:02 2021;1638350102.173815814;457.7;31806091.0;0.0;130485670.9;0.0;6977732.5;902.3;14997288.5;1011.8;37197622.7;0.0;131864831.9;0.452;49.979;258.5;10580829.8;0.0;42900194.6;0.0;2375698.2;335.6;6125939.0;423.7;12888505.0;0.0;43326626.2;2.017;227.968;0.610;0.0;6847467.8;361.8;46057193.1;0.0;2306796.9;208.5;5923898.2;0.0;9585234.9;417.6;46645702.0;2.074;228.033;-0.866;561.0;16484713.4;0.0;43635203.2;0.0;3105594.9;358.1;3757808.9;665.5;18265992.9;0.0;44132425.8;3.194;227.559;0.843
Wed Dec  1 10:16:02 2021;1638350162.129952100;516.3;31806099.5;0.0;130485670.9;0.0;6977732.5;947.2;14997303.7;1078.8;37197640.2;0.0;131864831.9;0.479;49.972;265.5;10580834.2;0.0;42900194.6;0.0;2375698.2;337.6;6125944.6;429.5;12888512.1;0.0;43326626.2;2.042;227.823;0.618;0.0;6847467.8;323.4;46057198.9;0.0;2306796.9;216.0;5923901.7;0.0;9585234.9;388.9;46645708.8;1.970;227.932;-0.832;574.2;16484723.3;0.0;43635203.2;0.0;3105594.9;393.6;3757814.9;696.2;18266004.5;0.0;44132425.8;3.320;227.385;0.825
Wed Dec  1 10:17:02 2021;1638350222.115922621;522.0;31806108.4;0.0;130485670.9;0.0;6977732.5;934.3;14997319.5;1070.2;37197658.3;0.0;131864831.9;0.488;49.974;265.8;10580838.6;0.0;42900194.6;0.0;2375698.2;335.0;6125950.3;427.6;12888519.3;0.0;43326626.2;2.026;227.806;0.622;0.0;6847467.8;313.5;46057204.2;0.0;2306796.9;211.9;5923905.3;0.0;9585234.9;378.4;46645715.2;1.924;227.758;-0.828;569.6;16484733.0;0.0;43635203.2;0.0;3105594.9;387.4;3757821.5;688.9;18266016.2;0.0;44132425.8;3.284;227.296;0.827
Wed Dec  1 10:18:02 2021;1638350282.102069254;726.0;31806118.8;0.0;130485670.9;0.0;6977732.5;910.3;14997335.0;1164.4;37197677.0;0.0;131864831.9;0.623;49.985;267.8;10580843.1;0.0;42900194.6;0.0;2375698.2;337.8;6125955.9;431.1;12888526.5;0.0;43326626.2;2.048;227.820;0.621;0.0;6847467.8;296.8;46057209.2;0.0;2306796.9;219.6;5923908.9;0.0;9585234.9;369.3;46645721.3;1.903;227.759;-0.804;755.0;16484743.9;0.0;43635203.2;0.0;3105594.9;352.9;3757827.7;833.4;18266028.8;0.0;44132425.8;3.887;227.145;0.906
Wed Dec  1 10:19:02 2021;1638350342.088536002;843.5;31806132.8;0.0;130485670.9;0.0;6977732.5;878.6;14997349.6;1217.9;37197697.3;0.0;131864831.9;0.693;50.005;270.4;10580847.7;0.0;42900194.6;0.0;2375698.2;337.3;6125961.6;432.3;12888533.7;0.0;43326626.2;2.046;227.811;0.625;0.0;6847467.8;278.7;46057213.9;0.0;2306796.9;219.6;5923912.6;0.0;9585234.9;354.8;46645727.3;1.834;227.879;-0.785;851.8;16484758.2;0.0;43635203.2;0.0;3105594.9;321.7;3757833.1;910.5;18266044.0;0.0;44132425.8;4.200;227.237;0.936
Wed Dec  1 10:20:02 2021;1638350402.074043124;820.4;31806146.9;0.0;130485670.9;0.0;6977732.5;870.4;14997364.2;1196.1;37197717.6;0.0;131864831.9;0.686;49.991;269.3;10580852.2;0.0;42900194.6;0.0;2375698.2;336.4;6125967.2;430.9;12888541.0;0.0;43326626.2;2.046;227.934;0.625;0.0;6847467.8;300.9;46057218.7;0.0;2306796.9;216.2;5923916.2;0.0;9585234.9;370.5;46645733.4;1.900;227.917;-0.812;852.0;16484772.5;0.0;43635203.2;0.0;3105594.9;317.8;3757838.4;909.4;18266059.3;0.0;44132425.8;4.195;227.418;0.937
Wed Dec  1 10:21:02 2021;1638350462.074410576;3175.7;31806185.4;0.0;130485670.9;0.0;6977732.5;740.6;14997376.4;3260.9;37197758.8;0.0;131864831.9;0.974;49.982;2883.8;10580883.0;0.0;42900194.6;0.0;2375698.2;146.1;6125970.1;2887.5;12888572.3;0.0;43326626.2;12.770;226.548;0.999;0.0;6847467.8;274.5;46057223.5;0.0;2306796.9;227.5;5923919.9;0.0;9585234.9;356.5;46645739.5;1.827;228.397;-0.770;566.3;16484785.1;0.0;43635203.2;0.0;3105594.9;367.1;3757844.0;674.9;18266073.2;0.0;44132425.8;3.160;227.883;0.839
Wed Dec  1 10:22:02 2021;1638350522.073573616;7130.2;31806254.1;0.0;130485670.9;2121.4;6977739.9;0.0;14997386.6;7439.1;37197829.7;0.0;131864831.9;0.958;50.008;4026.3;10580934.8;0.0;42900194.6;861.8;2375701.1;0.0;6125972.0;4117.5;12888624.5;0.0;43326626.2;18.214;226.152;0.978;955.5;6847471.0;0.0;46057227.0;711.8;2306799.3;0.0;5923922.9;1191.5;9585239.1;0.0;46645744.1;5.299;227.782;0.802;2148.4;16484802.2;0.0;43635203.2;547.8;3105596.8;0.0;3757849.3;2217.1;18266091.9;0.0;44132425.8;9.802;227.064;0.969
Wed Dec  1 10:23:02 2021;1638350582.031044269;5067.2;31806337.0;0.0;130485670.9;2167.1;6977776.1;0.0;14997386.6;5511.2;37197920.1;0.0;131864831.9;0.919;49.992;1822.8;10580965.5;0.0;42900194.6;897.9;2375716.1;0.0;6125972.0;2031.9;12888658.7;0.0;43326626.2;8.981;226.724;0.897;961.6;6847486.7;0.0;46057227.0;728.0;2306811.5;0.0;5923922.9;1206.0;9585258.8;0.0;46645744.1;5.380;227.001;0.797;2282.9;16484838.7;0.0;43635203.2;541.2;3105605.9;0.0;3757849.3;2346.2;18266129.6;0.0;44132425.8;10.398;226.382;0.973
Wed Dec  1 10:24:02 2021;1638350642.017234263;5066.1;31806420.1;0.0;130485670.9;2169.2;6977812.3;0.0;14997386.6;5511.0;37198010.8;0.0;131864831.9;0.919;50.012;1860.5;10580996.2;0.0;42900194.6;902.5;2375731.1;0.0;6125972.0;2067.9;12888692.9;0.0;43326626.2;9.123;227.108;0.900;1030.7;6847503.2;0.0;46057227.0;729.6;2306823.6;0.0;5923922.9;1262.7;9585279.4;0.0;46645744.1;5.618;227.458;0.816;2174.9;16484874.5;0.0;43635203.2;537.2;3105615.0;0.0;3757849.3;2240.3;18266166.5;0.0;44132425.8;9.909;226.877;0.971
Wed Dec  1 10:25:02 2021;1638350702.002775933;5058.0;31806504.7;0.0;130485670.9;2167.0;6977848.6;0.0;14997386.6;5502.7;37198102.9;0.0;131864831.9;0.919;50.019;1879.9;10581027.5;0.0;42900194.6;901.6;2375746.1;0.0;6125972.0;2085.0;12888727.5;0.0;43326626.2;9.201;227.039;0.902;1072.1;6847520.7;0.0;46057227.0;723.6;2306835.8;0.0;5923922.9;1293.5;9585300.7;0.0;46645744.1;5.758;227.230;0.829;2106.0;16484910.4;0.0;43635203.2;541.8;3105624.1;0.0;3757849.3;2174.5;18266203.5;0.0;44132425.8;9.627;226.791;0.968
Wed Dec  1 10:26:01 2021;1638350761.988867275;5050.4;31806590.3;0.0;130485670.9;2183.0;6977884.8;0.0;14997386.6;5502.0;37198195.8;0.0;131864831.9;0.918;50.013;1860.6;10581058.6;0.0;42900194.6;907.3;2375761.2;0.0;6125972.0;2070.0;12888762.1;0.0;43326626.2;9.139;226.886;0.899;1077.4;6847538.7;0.0;46057227.0;727.8;2306847.9;0.0;5923922.9;1300.2;9585322.4;0.0;46645744.1;5.785;227.072;0.829;2112.4;16484946.8;0.0;43635203.2;547.9;3105633.1;0.0;3757849.3;2182.3;18266241.0;0.0;44132425.8;9.667;226.623;0.968
Wed Dec  1 10:27:01 2021;1638350821.974164091;4955.2;31806674.8;0.0;130485670.9;2189.3;6977921.2;0.0;14997386.6;5417.2;37198287.8;0.0;131864831.9;0.915;49.997;1840.2;10581089.5;0.0;42900194.6;904.7;2375776.2;0.0;6125972.0;2050.5;12888796.5;0.0;43326626.2;9.060;226.783;0.897;1023.5;6847556.2;0.0;46057227.0;731.4;2306860.1;0.0;5923922.9;1258.0;9585343.8;0.0;46645744.1;5.610;226.991;0.814;2091.5;16484983.0;0.0;43635203.2;553.2;3105642.2;0.0;3757849.3;2163.4;18266278.3;0.0;44132425.8;9.589;226.546;0.967
Wed Dec  1 10:28:01 2021;1638350881.974073254;3317.0;31806706.4;0.0;130485670.9;0.0;6977928.7;781.8;14997396.3;3407.9;37198324.3;0.0;131864831.9;0.973;50.003;2908.2;10581104.7;0.0;42900194.6;0.0;2375779.6;153.0;6125973.8;2912.2;12888812.7;0.0;43326626.2;12.918;225.836;0.999;0.0;6847559.8;345.6;46057231.3;0.0;2306862.7;217.8;5923925.8;0.0;9585348.1;408.5;46645749.2;2.040;227.987;-0.846;754.4;16485000.0;0.0;43635203.2;0.0;3105644.1;411.0;3757854.6;859.1;18266296.9;0.0;44132425.8;3.935;227.239;0.878
Wed Dec  1 10:29:01 2021;1638350941.973754766;2780.8;31806754.9;0.0;130485670.9;0.0;6977928.7;963.8;14997410.6;2943.1;37198374.9;0.0;131864831.9;0.945;49.997;2683.7;10581151.2;0.0;42900194.6;0.0;2375779.6;341.9;6125977.9;2705.4;12888859.4;0.0;43326626.2;11.970;226.528;0.992;0.0;6847559.8;370.8;46057237.3;0.0;2306862.7;218.2;5923929.4;0.0;9585348.1;430.2;46645756.2;2.122;228.550;-0.862;467.8;16485008.0;0.0;43635203.2;0.0;3105644.1;403.8;3757861.2;618.0;18266307.4;0.0;44132425.8;2.928;227.810;0.757
Wed Dec  1 10:30:02 2021;1638351002.432338393;387.6;31806785.2;0.0;130485670.9;0.0;6977928.7;940.4;14997426.6;1017.2;37198411.0;0.0;131864831.9;0.381;50.023;370.8;10581181.2;0.0;42900194.6;0.0;2375779.6;346.9;6125983.6;507.8;12888890.5;0.0;43326626.2;2.373;227.552;0.730;0.0;6847559.8;434.7;46057243.9;0.0;2306862.7;206.2;5923932.9;0.0;9585348.1;481.1;46645763.7;2.323;227.752;-0.904;451.5;16485014.9;0.0;43635203.2;0.0;3105644.1;387.3;3757867.8;594.9;18266317.0;0.0;44132425.8;2.831;227.418;0.759
Wed Dec  1 10:31:01 2021;1638351061.918858613;68.2;31806788.3;0.0;130485670.9;0.0;6977928.7;886.3;14997441.5;888.9;37198426.4;0.0;131864831.9;0.077;50.015;257.9;10581186.2;0.0;42900194.6;0.0;2375779.6;342.8;6125989.3;429.0;12888898.1;0.0;43326626.2;2.042;227.737;0.601;0.0;6847559.8;539.2;46057251.9;0.0;2306862.7;190.3;5923936.2;0.0;9585348.1;571.8;46645772.4;2.674;227.885;-0.943;349.5;16485021.1;0.0;43635203.2;0.0;3105644.1;353.2;3757873.8;496.9;18266325.6;0.0;44132425.8;2.433;227.482;0.703
Wed Dec  1 10:32:01 2021;1638351121.904577597;1496.4;31806795.5;0.0;130485671.7;473.3;6977930.9;0.0;14997451.3;1569.4;37198436.6;0.0;131864839.0;0.953;49.990;805.9;10581193.2;0.0;42900194.6;102.7;2375780.1;0.0;6125993.2;812.4;12888907.1;0.0;43326626.2;3.638;228.014;0.992;0.0;6847559.8;117.7;46057259.3;289.7;2306864.1;0.0;5923938.2;0.0;9585348.2;312.7;46645780.9;1.610;228.308;-0.376;808.2;16485027.9;0.0;43635203.2;80.9;3105644.4;0.0;3757877.8;812.2;18266334.5;0.0;44132425.8;3.699;227.796;0.995
Wed Dec  1 10:33:01 2021;1638351181.891410349;61.7;31806801.5;0.0;130485672.2;0.0;6977933.8;794.1;14997459.4;796.5;37198444.2;0.0;131864846.3;0.078;50.004;256.6;10581199.9;0.0;42900194.6;0.0;2375780.6;344.6;6125996.5;429.6;12888915.4;0.0;43326626.2;2.062;227.632;0.597;0.0;6847559.8;689.2;46057268.2;0.0;2306865.9;171.2;5923939.9;0.0;9585348.2;710.2;46645790.6;3.246;227.933;-0.971;494.4;16485035.6;0.0;43635203.2;0.0;3105644.9;278.3;3757880.9;567.4;18266343.4;0.0;44132425.8;2.720;227.210;0.871
Wed Dec  1 10:34:01 2021;1638351241.876942759;0.0;31806801.8;199.8;130485673.7;0.0;6977933.8;770.1;14997472.5;0.0;37198448.6;795.6;131864855.0;-0.251;49.999;227.8;10581203.9;0.0;42900194.6;0.0;2375780.6;345.6;6126002.3;413.9;12888922.5;0.0;43326626.2;2.003;227.889;0.550;0.0;6847559.8;838.3;46057280.9;0.0;2306865.9;152.6;5923942.6;0.0;9585348.2;852.1;46645803.6;3.859;228.317;-0.984;410.7;16485043.1;0.0;43635203.2;0.0;3105644.9;271.9;3757885.5;492.5;18266352.2;0.0;44132425.8;2.413;227.541;0.834
Wed Dec  1 10:35:01 2021;1638351301.873141344;0.0;31806802.0;664.8;130485678.9;0.0;6977933.8;776.9;14997485.6;0.0;37198448.9;1022.6;131864869.3;-0.650;50.016;317.1;10581209.2;0.0;42900194.6;0.0;2375780.7;351.7;6126008.1;473.6;12888930.4;0.0;43326626.2;2.239;228.209;0.670;0.0;6847559.8;756.6;46057294.7;0.0;2306865.9;167.6;5923945.2;0.0;9585348.2;774.9;46645817.7;3.533;228.759;-0.976;0.0;16485046.9;225.4;43635203.6;0.0;3105644.9;257.7;3757890.2;0.0;18266358.1;342.3;44132426.7;1.981;228.385;-0.658
Wed Dec  1 10:36:01 2021;1638351361.873083855;0.0;31806802.0;474.4;130485684.5;0.0;6977933.8;829.2;14997500.3;0.0;37198448.9;955.3;131864885.2;-0.497;49.990;332.0;10581214.6;0.0;42900194.6;0.0;2375780.7;356.9;6126014.0;487.5;12888938.5;0.0;43326626.2;2.294;228.305;0.681;0.0;6847559.8;643.5;46057306.2;0.0;2306865.9;181.8;5923948.2;0.0;9585348.2;668.7;46645829.5;3.101;228.656;-0.962;0.0;16485048.2;163.0;43635204.4;0.0;3105644.9;290.5;3757896.0;0.0;18266362.9;333.1;44132428.1;1.970;228.430;-0.489
Wed Dec  1 10:37:01 2021;1638351421.834220744;2043.5;31806817.4;0.0;130485686.3;0.0;6977933.8;857.2;14997515.1;2216.0;37198465.6;0.0;131864894.0;0.922;50.012;2670.9;10581236.4;0.0;42900194.6;0.0;2375780.7;349.6;6126019.9;2693.6;12888961.9;0.0;43326626.2;11.913;226.654;0.992;0.0;6847559.8;568.5;46057316.2;0.0;2306865.9;192.4;5923951.3;0.0;9585348.2;600.2;46645840.0;2.816;228.730;-0.947;0.0;16485050.5;58.8;43635204.8;0.0;3105644.9;315.1;3757901.9;0.0;18266368.1;320.6;44132429.5;1.927;228.213;-0.184
Wed Dec  1 10:38:01 2021;1638351481.819862195;2219.9;31806856.1;0.0;130485686.3;0.0;6977933.8;876.7;14997530.4;2386.8;37198507.1;0.0;131864894.0;0.930;50.010;2655.6;10581280.8;0.0;42900194.6;0.0;2375780.7;351.8;6126025.7;2678.8;12889006.6;0.0;43326626.2;11.826;227.021;0.991;0.0;6847559.8;478.1;46057324.8;0.0;2306865.9;202.4;5923954.6;0.0;9585348.2;519.2;46645849.2;2.493;229.053;-0.921;42.5;16485053.6;0.0;43635205.0;0.0;3105644.9;322.6;3757908.0;325.3;18266374.3;0.0;44132430.3;1.944;228.491;0.130
Wed Dec  1 10:39:01 2021;1638351541.806727799;0.0;31806863.7;45.0;130485686.6;0.0;6977933.8;879.8;14997545.8;0.0;37198523.6;880.9;131864897.1;-0.051;49.991;359.6;10581292.2;0.0;42900194.6;0.0;2375780.7;358.5;6126031.7;507.8;12889020.3;0.0;43326626.2;2.364;228.402;0.708;0.0;6847559.8;449.4;46057332.5;0.0;2306865.9;199.7;5923957.9;0.0;9585348.2;491.8;46645857.7;2.392;228.823;-0.914;44.8;16485057.2;0.0;43635205.1;0.0;3105644.9;321.5;3757914.1;324.6;18266381.1;0.0;44132430.8;1.931;228.301;0.138
Wed Dec  1 10:40:01 2021;1638351601.792053532;0.0;31806865.9;30.9;130485687.1;0.0;6977933.8;915.4;14997562.3;0.0;37198536.3;916.0;131864901.1;-0.034;49.986;374.2;10581298.5;0.0;42900194.6;0.0;2375780.7;429.5;6126038.8;569.6;12889029.8;0.0;43326626.2;2.610;228.377;0.657;0.0;6847559.8;482.3;46057340.4;0.0;2306865.9;191.0;5923961.2;0.0;9585348.2;518.8;46645866.2;2.484;228.682;-0.930;77.2;16485060.7;0.0;43635205.2;0.0;3105644.9;294.9;3757920.1;304.9;18266387.8;0.0;44132431.4;1.899;228.225;0.253
Wed Dec  1 10:41:01 2021;1638351661.778649965;0.0;31806867.8;238.8;130485687.8;0.0;6977933.8;934.1;14997578.6;0.0;37198549.0;964.2;131864905.0;-0.248;50.021;366.9;10581304.6;0.0;42900194.6;0.0;2375780.7;431.4;6126046.0;566.4;12889039.3;0.0;43326626.2;2.604;228.185;0.648;0.0;6847559.8;499.4;46057348.6;0.0;2306865.9;198.1;5923964.4;0.0;9585348.2;537.2;46645875.0;2.567;228.496;-0.930;0.0;16485064.1;106.4;43635205.4;0.0;3105644.9;304.7;3757926.1;0.0;18266394.3;322.7;44132432.0;1.911;228.083;-0.330
Wed Dec  1 10:42:01 2021;1638351721.774171472;0.0;31806869.1;366.8;130485688.6;0.0;6977933.8;909.0;14997595.0;0.0;37198560.1;980.2;131864910.4;-0.374;50.010;301.3;10581310.5;0.0;42900194.6;0.0;2375780.7;419.5;6126053.2;516.5;12889048.5;0.0;43326626.2;2.392;228.126;0.583;0.0;6847559.8;541.5;46057357.1;0.0;2306865.9;187.5;5923967.6;0.0;9585348.2;573.0;46645884.1;2.704;228.364;-0.945;0.0;16485067.4;126.7;43635205.5;0.0;3105644.9;302.0;3757932.1;0.0;18266400.7;327.5;44132432.7;1.925;228.076;-0.387
Wed Dec  1 10:43:01 2021;1638351781.773551834;0.0;31806869.2;312.5;130485690.6;0.0;6977933.8;909.7;14997610.9;0.0;37198564.1;961.9;131864922.6;-0.325;50.015;297.9;10581315.5;0.0;42900194.6;0.0;2375780.7;418.1;6126060.1;513.4;12889057.1;0.0;43326626.2;2.383;227.806;0.580;0.0;6847559.8;578.0;46057366.6;0.0;2306865.9;185.4;5923970.6;0.0;9585348.2;607.0;46645894.1;2.840;228.068;-0.952;0.0;16485070.3;32.4;43635205.8;0.0;3105644.9;306.2;3757938.0;0.0;18266406.3;307.9;44132433.9;1.842;227.635;-0.105
Wed Dec  1 10:44:01 2021;1638351841.773600111;1989.9;31806872.5;0.0;130485692.8;0.0;6977933.8;916.2;14997626.9;2190.7;37198569.8;0.0;131864935.4;0.908;50.015;2644.4;10581323.9;0.0;42900194.6;0.0;2375780.7;413.6;6126067.1;2676.6;12889068.9;0.0;43326626.2;11.829;226.776;0.988;0.0;6847559.8;609.2;46057376.4;0.0;2306865.9;188.4;5923973.7;0.0;9585348.2;637.7;46645904.3;2.962;228.912;-0.955;0.0;16485073.0;45.3;43635206.1;0.0;3105644.9;314.3;3757943.9;0.0;18266411.7;317.5;44132435.2;1.898;228.222;-0.143
Wed Dec  1 10:45:02 2021;1638351902.222149369;2029.4;31806906.6;0.0;130485692.8;0.0;6977933.8;934.4;14997642.5;2234.2;37198607.3;0.0;131864935.4;0.908;50.018;2537.9;10581366.7;0.0;42900194.6;0.0;2375780.7;411.7;6126074.0;2571.1;12889112.1;0.0;43326626.2;11.346;227.217;0.987;0.0;6847559.8;647.7;46057387.1;0.0;2306865.9;183.0;5923976.9;0.0;9585348.2;673.0;46645915.4;3.107;229.355;-0.962;139.1;16485075.4;0.0;43635206.4;0.0;3105644.9;339.7;3757949.5;367.1;18266416.9;0.0;44132436.3;1.921;228.238;0.379
Wed Dec  1 10:46:02 2021;1638351962.207861781;3134.0;31806942.9;0.0;130485692.8;0.0;6977933.8;758.0;14997657.4;3224.3;37198646.7;0.0;131864935.4;0.972;50.001;2794.4;10581409.5;0.0;42900194.6;0.0;2375780.7;354.7;6126080.6;2816.8;12889155.5;0.0;43326626.2;12.453;226.897;0.992;0.0;6847559.8;184.9;46057396.0;0.0;2306865.9;112.3;5923979.7;0.0;9585348.2;216.3;46645924.8;1.691;228.601;-0.855;524.4;16485078.1;0.0;43635206.8;0.0;3105644.9;291.0;3757955.0;599.8;18266422.5;0.0;44132437.4;2.872;227.824;0.874
Wed Dec  1 10:47:02 2021;1638352022.193746993;5847.1;31807012.7;0.0;130485692.8;700.3;6977934.3;0.0;14997664.7;5888.9;37198716.9;0.0;131864935.4;0.993;50.003;3590.7;10581461.4;0.0;42900194.6;120.4;2375780.7;0.0;6126084.9;3592.7;12889207.5;0.0;43326626.2;15.933;226.028;0.999;664.0;6847562.7;0.0;46057396.0;344.4;2306866.1;0.0;5923980.2;748.0;9585351.2;0.0;46645924.9;3.581;227.725;0.888;1592.4;16485093.1;0.0;43635206.8;235.5;3105645.1;0.0;3757957.5;1609.7;18266437.8;0.0;44132437.4;7.206;226.692;0.989
Wed Dec  1 10:48:02 2021;1638352082.180048255;4363.2;31807097.5;0.0;130485692.8;0.0;6977944.0;442.1;14997666.8;4385.6;37198802.6;0.0;131864935.4;0.995;50.017;3103.0;10581517.5;0.0;42900194.6;0.0;2375782.4;260.7;6126086.2;3113.9;12889263.8;0.0;43326626.2;13.812;226.243;0.996;182.7;6847570.2;0.0;46057396.0;0.0;2306870.8;33.3;5923980.3;185.7;9585360.2;0.0;46645924.9;1.687;227.899;0.984;1077.6;16485114.3;0.0;43635206.8;0.0;3105648.6;148.1;3757958.1;1087.7;18266459.5;0.0;44132437.4;4.974;226.966;0.991
Wed Dec  1 10:49:02 2021;1638352142.173717278;1949.2;31807152.1;0.0;130485692.8;0.0;6977944.0;527.0;14997674.5;2019.2;37198857.9;0.0;131864935.4;0.965;50.024;856.9;10581555.1;0.0;42900194.6;0.0;2375782.4;267.3;6126090.6;897.6;12889301.7;0.0;43326626.2;4.111;227.579;0.955;246.1;6847573.8;0.0;46057396.0;0.0;2306870.8;33.0;5923980.9;248.3;9585363.8;0.0;46645924.9;1.863;227.711;0.991;846.2;16485127.8;0.0;43635206.8;0.0;3105648.6;226.7;3757960.9;876.1;18266473.2;0.0;44132437.4;4.088;227.157;0.966
Wed Dec  1 10:50:02 2021;1638352202.173729112;1995.5;31807184.2;0.0;130485692.8;0.0;6977944.0;517.8;14997683.1;2061.6;37198891.1;0.0;131864935.4;0.968;49.999;862.5;10581569.4;0.0;42900194.6;0.0;2375782.4;263.8;6126095.1;901.9;12889316.7;0.0;43326626.2;4.121;227.598;0.956;274.7;6847578.3;0.0;46057396.0;0.0;2306870.8;29.1;5923981.5;276.3;9585368.3;0.0;46645924.9;1.919;227.577;0.994;858.3;16485141.1;0.0;43635206.8;0.0;3105648.6;225.0;3757964.5;887.3;18266487.0;0.0;44132437.4;4.123;227.137;0.967
Wed Dec  1 10:51:02 2021;1638352262.173680211;1876.5;31807215.7;0.0;130485692.8;0.0;6977944.0;491.5;14997691.3;1939.8;37198923.7;0.0;131864935.4;0.967;49.988;848.2;10581583.6;0.0;42900194.6;0.0;2375782.4;262.5;6126099.5;887.8;12889331.6;0.0;43326626.2;4.057;227.646;0.955;200.2;6847582.2;0.0;46057396.0;0.0;2306870.8;17.0;5923981.9;200.9;9585372.2;0.0;46645924.9;1.677;227.701;0.996;828.2;16485154.5;0.0;43635206.8;0.0;3105648.6;212.0;3757967.9;854.9;18266500.9;0.0;44132437.4;3.982;227.073;0.969
Wed Dec  1 10:52:02 2021;1638352322.124098570;1933.2;31807246.6;0.0;130485692.8;0.0;6977944.0;505.9;14997699.5;1998.3;37198955.6;0.0;131864935.4;0.967;50.004;845.4;10581597.7;0.0;42900194.6;0.0;2375782.4;262.1;6126103.9;885.1;12889346.4;0.0;43326626.2;4.041;227.695;0.955;175.3;6847585.4;0.0;46057396.0;0.0;2306870.8;18.2;5923982.2;176.3;9585375.5;0.0;46645924.9;1.602;227.795;0.995;912.6;16485168.0;0.0;43635206.8;0.0;3105648.6;225.5;3757971.3;940.0;18266514.8;0.0;44132437.4;4.331;226.990;0.971
Wed Dec  1 10:53:02 2021;1638352382.109992327;4263.1;31807291.5;0.0;130485692.8;0.0;6977944.0;503.6;14997707.4;4292.7;37199001.3;0.0;131864935.4;0.993;50.007;3137.0;10581626.6;0.0;42900194.6;0.0;2375782.4;253.6;6126108.2;3147.3;12889375.7;0.0;43326626.2;13.967;226.049;0.997;185.4;6847588.2;0.0;46057396.0;0.0;2306870.8;23.4;5923982.5;186.9;9585378.3;0.0;46645924.9;1.636;227.946;0.992;940.7;16485181.3;0.0;43635206.8;0.0;3105648.6;226.6;3757974.6;967.6;18266528.4;0.0;44132437.4;4.448;227.190;0.972
Wed Dec  1 10:54:02 2021;1638352442.095461565;4825.9;31807363.0;0.0;130485692.8;0.0;6977944.0;326.8;14997715.0;4836.9;37199073.3;0.0;131864935.4;0.998;49.985;3152.2;10581679.0;0.0;42900194.6;0.0;2375782.4;255.3;6126112.4;3162.5;12889428.3;0.0;43326626.2;14.008;226.482;0.997;316.7;6847592.4;0.0;46057396.0;0.0;2306870.8;34.7;5923983.0;318.6;9585382.6;0.0;46645924.9;2.023;228.297;0.994;1357.0;16485196.2;0.0;43635206.8;0.0;3105648.7;36.8;3757977.5;1357.5;18266543.7;0.0;44132437.4;6.071;227.242;1.000
Wed Dec  1 10:55:02 2021;1638352502.082021569;2755.8;31807442.5;0.0;130485692.8;0.0;6977944.0;346.0;14997720.2;2777.4;37199152.9;0.0;131864935.4;0.992;50.000;894.6;10581730.7;0.0;42900194.6;0.0;2375782.4;260.4;6126116.6;931.7;12889480.2;0.0;43326626.2;4.251;227.684;0.960;362.7;6847598.2;0.0;46057396.0;0.0;2306870.8;36.1;5923983.7;364.5;9585388.4;0.0;46645924.9;2.202;227.613;0.995;1498.5;16485218.0;0.0;43635206.8;0.0;3105648.8;49.5;3757977.9;1499.4;18266565.6;0.0;44132437.4;6.707;226.878;0.999
Wed Dec  1 10:56:02 2021;1638352562.073768315;2648.5;31807486.2;0.0;130485692.8;0.0;6977944.0;305.1;14997725.4;2666.0;37199196.9;0.0;131864935.4;0.993;49.984;898.8;10581745.7;0.0;42900194.6;0.0;2375782.4;250.3;6126120.9;933.0;12889495.7;0.0;43326626.2;4.254;227.369;0.963;358.3;6847604.3;0.0;46057396.0;0.0;2306870.8;20.5;5923984.2;358.9;9585394.5;0.0;46645924.9;2.160;227.411;0.998;1391.5;16485240.8;0.0;43635206.8;0.0;3105648.9;34.3;3757978.4;1391.9;18266588.3;0.0;44132437.4;6.249;226.595;1.000
Wed Dec  1 10:57:02 2021;1638352622.073648873;2653.4;31807530.6;0.0;130485692.8;0.0;6977944.0;290.1;14997730.1;2669.2;37199241.5;0.0;131864935.4;0.994;49.996;908.0;10581760.7;0.0;42900194.6;0.0;2375782.4;245.8;6126125.1;940.7;12889511.4;0.0;43326626.2;4.283;227.571;0.965;359.5;6847610.4;0.0;46057396.0;0.0;2306870.8;17.1;5923984.6;359.9;9585400.6;0.0;46645924.9;2.161;227.657;0.999;1385.8;16485264.0;0.0;43635206.8;0.0;3105649.0;27.1;3757978.8;1386.1;18266611.5;0.0;44132437.4;6.218;226.741;1.000
Wed Dec  1 10:58:02 2021;1638352682.073236250;2834.8;31807575.0;0.0;130485692.8;0.0;6977944.0;247.5;14997734.6;2845.6;37199286.2;0.0;131864935.4;0.996;49.984;915.0;10581775.9;0.0;42900194.6;0.0;2375782.4;242.5;6126129.2;946.6;12889527.1;0.0;43326626.2;4.310;227.568;0.967;354.8;6847616.3;0.0;46057396.0;0.0;2306870.8;12.2;5923984.8;355.0;9585406.5;0.0;46645924.9;2.150;227.673;0.999;1565.0;16485287.3;0.0;43635206.8;7.2;3105649.2;0.0;3757979.1;1565.0;18266634.8;0.0;44132437.4;7.039;226.641;1.000
Wed Dec  1 10:59:02 2021;1638352742.024306725;9011.5;31807659.2;0.0;130485692.8;2607.0;6977952.5;0.0;14997737.7;9381.0;37199371.7;0.0;131864935.4;0.961;49.976;4388.1;10581818.8;0.0;42900194.6;764.8;2375784.8;0.0;6126132.4;4454.3;12889570.5;0.0;43326626.2;19.729;226.041;0.985;1591.8;6847626.4;0.0;46057396.0;925.9;2306873.7;0.0;5923985.0;1841.5;9585417.5;0.0;46645924.9;8.215;227.695;0.864;3031.6;16485318.5;0.0;43635206.8;916.3;3105652.6;0.0;3757979.2;3167.0;18266666.5;0.0;44132437.4;14.039;226.342;0.957
Wed Dec  1 11:00:02 2021;1638352802.510739442;9163.2;31807811.1;0.0;130485692.8;2629.5;6977997.0;0.0;14997737.7;9533.0;37199530.0;0.0;131864935.4;0.961;49.961;4441.1;10581893.1;0.0;42900194.6;781.2;2375797.8;0.0;6126132.4;4509.3;12889645.8;0.0;43326626.2;19.986;225.882;0.985;1676.8;6847653.9;0.0;46057396.0;929.4;2306889.2;0.0;5923985.0;1917.2;9585449.1;0.0;46645924.9;8.544;227.629;0.875;3045.3;16485368.6;0.0;43635206.8;918.9;3105668.6;0.0;3757979.2;3180.9;18266719.2;0.0;44132437.4;14.107;226.346;0.957
Wed Dec  1 11:01:01 2021;1638352861.996366361;7001.4;31807942.9;0.0;130485692.8;2649.2;6978041.2;0.0;14997737.7;7485.8;37199669.2;0.0;131864935.4;0.935;49.973;2245.7;10581946.6;0.0;42900194.6;805.6;2375810.8;0.0;6126132.4;2385.8;12889701.0;0.0;43326626.2;10.572;226.630;0.941;1682.2;6847681.7;0.0;46057396.0;952.3;2306904.8;0.0;5923985.0;1933.0;9585480.9;0.0;46645924.9;8.642;226.811;0.870;3073.5;16485419.2;0.0;43635206.8;891.3;3105684.2;0.0;3757979.2;3200.1;18266772.1;0.0;44132437.4;14.231;225.749;0.960
Wed Dec  1 11:02:01 2021;1638352921.982249560;7429.9;31808059.3;0.0;130485692.8;2796.2;6978086.2;0.0;14997737.7;7938.6;37199793.9;0.0;131864935.4;0.936;49.957;2278.0;10581984.2;0.0;42900194.6;809.3;2375824.3;0.0;6126132.4;2417.4;12889741.0;0.0;43326626.2;10.717;226.482;0.942;1646.1;6847709.5;0.0;46057396.0;976.7;2306920.8;0.0;5923985.0;1914.1;9585512.9;0.0;46645924.9;8.557;226.776;0.860;3505.8;16485470.1;0.0;43635206.8;1010.1;3105699.7;0.0;3757979.2;3648.4;18266825.4;0.0;44132437.4;16.234;225.269;0.961
Wed Dec  1 11:03:02 2021;1638352982.473681924;7030.4;31808177.9;0.0;130485692.8;2835.0;6978133.9;0.0;14997737.7;7580.5;37199921.8;0.0;131864935.4;0.927;49.935;2258.1;10582022.3;0.0;42900194.6;897.3;2375839.2;0.0;6126132.4;2429.8;12889781.9;0.0;43326626.2;10.794;226.045;0.929;1528.8;6847736.3;0.0;46057396.0;985.0;2306937.3;0.0;5923985.0;1818.6;9585544.4;0.0;46645924.9;8.161;226.075;0.841;3243.5;16485523.9;0.0;43635206.8;952.8;3105716.0;0.0;3757979.2;3380.6;18266881.6;0.0;44132437.4;15.059;225.085;0.959
Wed Dec  1 11:04:01 2021;1638353041.973725653;9029.1;31808292.9;0.0;130485692.8;2800.4;6978180.0;0.0;14997737.7;9453.4;37200045.7;0.0;131864935.4;0.955;49.959;4524.3;10582060.8;0.0;42900194.6;767.8;2375852.6;0.0;6126132.4;4589.0;12889822.7;0.0;43326626.2;20.423;224.962;0.986;1464.8;6847760.8;0.0;46057396.0;988.5;2306953.8;0.0;5923985.0;1767.1;9585574.0;0.0;46645924.9;7.902;227.088;0.829;3040.0;16485575.8;0.0;43635206.8;1044.1;3105732.3;0.0;3757979.2;3214.3;18266936.0;0.0;44132437.4;14.322;225.550;0.946
Wed Dec  1 11:05:01 2021;1638353101.973709908;5292.7;31808388.1;0.0;130485692.8;0.0;6978186.7;100.9;14997738.9;5293.7;37200142.0;0.0;131864935.4;1.000;49.939;3196.4;10582117.1;0.0;42900194.6;0.0;2375854.4;333.2;6126135.9;3213.8;12889879.3;0.0;43326626.2;14.271;225.982;0.995;72.4;6847765.3;0.0;46057396.0;48.8;2306956.8;0.0;5923985.0;87.3;9585579.4;0.0;46645924.9;1.505;228.043;0.829;2023.9;16485610.3;0.0;43635206.8;183.6;3105736.5;0.0;3757979.2;2032.2;18266970.9;0.0;44132437.4;9.128;226.108;0.996
Wed Dec  1 11:06:01 2021;1638353161.926335235;4724.4;31808486.4;0.0;130485692.8;0.0;6978199.7;136.6;14997739.5;4726.3;37200241.4;0.0;131864935.4;1.000;49.969;3186.6;10582174.8;0.0;42900194.6;0.0;2375855.2;335.0;6126137.5;3204.1;12889937.1;0.0;43326626.2;14.212;226.262;0.995;31.0;6847770.9;0.0;46057396.0;53.9;2306962.7;0.0;5923985.0;62.1;9585587.6;0.0;46645924.9;1.490;228.345;0.499;1506.8;16485645.2;0.0;43635206.8;144.5;3105743.9;0.0;3757979.2;1513.7;18267006.8;0.0;44132437.4;6.863;226.769;0.995
Wed Dec  1 11:07:01 2021;1638353221.912344557;2258.4;31808548.6;0.0;130485692.8;0.0;6978199.8;11.3;14997740.9;2258.4;37200303.6;0.0;131864935.4;1.000;49.969;985.2;10582209.7;0.0;42900194.6;0.0;2375855.2;243.0;6126141.7;1014.7;12889972.4;0.0;43326626.2;4.625;227.209;0.971;0.0;6847771.1;47.4;46057396.2;67.7;2306963.7;0.0;5923985.0;0.0;9585588.2;82.6;46645925.5;1.482;227.826;-0.573;1320.5;16485672.5;0.0;43635206.8;164.1;3105745.8;0.0;3757979.2;1330.7;18267034.1;0.0;44132437.4;6.082;226.409;0.992
Wed Dec  1 11:08:02 2021;1638353282.397845074;2838.0;31808589.5;0.0;130485692.8;56.5;6978200.1;0.0;14997741.5;2838.5;37200344.6;0.0;131864935.4;1.000;49.959;958.1;10582226.0;0.0;42900194.6;0.0;2375855.2;146.7;6126145.4;969.3;12889989.1;0.0;43326626.2;4.433;227.298;0.988;0.0;6847771.1;49.9;46057397.3;70.8;2306964.9;0.0;5923985.0;0.0;9585588.2;86.6;46645927.1;1.492;227.815;-0.576;1929.7;16485698.2;0.0;43635206.8;132.4;3105747.8;0.0;3757979.2;1934.2;18267059.8;0.0;44132437.4;8.656;226.225;0.998
Wed Dec  1 11:09:02 2021;1638353342.384226318;2607.6;31808630.7;0.0;130485692.8;0.1;6978200.5;0.0;14997741.5;2607.6;37200385.7;0.0;131864935.4;1.000;49.957;966.0;10582242.0;0.0;42900194.6;0.0;2375855.2;144.2;6126147.9;976.8;12890005.3;0.0;43326626.2;4.468;227.249;0.989;0.0;6847771.1;4.7;46057398.0;62.6;2306966.1;0.0;5923985.0;0.0;9585588.2;62.8;46645928.4;1.490;227.731;-0.075;1646.2;16485724.1;0.0;43635206.8;81.8;3105749.5;0.0;3757979.2;1648.2;18267085.8;0.0;44132437.4;7.408;226.452;0.999
Wed Dec  1 11:10:02 2021;1638353402.373553862;2454.0;31808671.7;0.0;130485692.8;0.0;6978200.7;63.9;14997741.9;2454.8;37200426.7;0.0;131864935.4;1.000;49.977;984.6;10582258.3;0.0;42900194.6;0.0;2375855.2;144.7;6126150.3;995.2;12890021.7;0.0;43326626.2;4.540;227.269;0.989;132.6;6847772.5;0.0;46057398.0;41.6;2306967.0;0.0;5923985.0;138.9;9585589.8;0.0;46645928.5;1.608;227.744;0.954;1336.8;16485747.4;0.0;43635206.8;39.3;3105750.8;0.0;3757979.2;1337.4;18267109.2;0.0;44132437.4;6.058;226.825;1.000
Wed Dec  1 11:11:02 2021;1638353462.373021954;4784.4;31808741.0;0.0;130485692.8;0.0;6978200.7;96.7;14997743.2;4785.4;37200496.1;0.0;131864935.4;1.000;49.977;3275.7;10582303.9;0.0;42900194.6;0.0;2375855.2;140.9;6126152.7;3278.7;12890067.5;0.0;43326626.2;14.540;226.280;0.999;169.2;6847775.1;0.0;46057398.0;30.1;2306967.6;0.0;5923985.0;171.8;9585592.5;0.0;46645928.5;1.690;228.517;0.985;1339.6;16485768.5;0.0;43635206.8;14.0;3105751.4;0.0;3757979.2;1339.6;18267130.3;0.0;44132437.4;6.056;227.325;1.000
Wed Dec  1 11:12:02 2021;1638353522.373121069;4659.4;31808817.4;0.0;130485692.8;0.0;6978200.7;85.1;14997743.9;4660.2;37200572.5;0.0;131864935.4;1.000;49.979;3249.2;10582358.4;0.0;42900194.6;0.0;2375855.2;136.6;6126155.0;3252.1;12890121.9;0.0;43326626.2;14.418;226.362;0.999;82.4;6847777.4;0.0;46057398.0;54.4;2306968.3;0.0;5923985.0;98.7;9585595.0;0.0;46645928.5;1.534;228.365;0.835;1327.8;16485788.1;0.0;43635206.8;0.0;3105752.3;2.9;3757979.2;1327.8;18267149.9;0.0;44132437.4;5.997;227.243;1.000
Wed Dec  1 11:13:02 2021;1638353582.328137471;2074.5;31808860.4;0.0;130485692.8;0.0;6978201.1;47.9;14997744.1;2075.0;37200615.4;0.0;131864935.4;1.000;49.992;958.2;10582384.9;0.0;42900194.6;0.0;2375855.2;136.2;6126157.3;967.9;12890148.6;0.0;43326626.2;4.422;227.534;0.990;0.0;6847777.7;122.1;46057398.8;80.2;2306969.4;0.0;5923985.0;0.0;9585595.4;146.1;46645929.7;1.560;228.068;-0.836;1238.3;16485805.1;0.0;43635206.8;8.1;3105753.5;0.0;3757979.2;1238.4;18267167.0;0.0;44132437.4;5.610;226.937;1.000
Wed Dec  1 11:14:02 2021;1638353642.313787679;2197.2;31808891.9;0.0;130485692.8;0.0;6978201.9;72.1;14997744.3;2198.4;37200647.0;0.0;131864935.4;0.999;49.987;1032.9;10582401.6;0.0;42900194.6;0.0;2375855.5;148.0;6126159.4;1043.5;12890165.5;0.0;43326626.2;4.737;227.582;0.990;0.0;6847777.7;78.7;46057400.5;67.5;2306970.7;0.0;5923985.0;0.0;9585595.4;103.6;46645931.8;1.517;228.062;-0.759;1242.9;16485821.6;0.0;43635206.8;8.4;3105754.8;0.0;3757979.2;1242.9;18267183.6;0.0;44132437.4;5.632;226.998;1.000
Wed Dec  1 11:15:02 2021;1638353702.301262152;2034.9;31808923.3;0.0;130485692.8;0.0;6978202.5;17.0;14997744.4;2034.9;37200678.5;0.0;131864935.4;1.000;49.984;1026.5;10582418.9;0.0;42900194.6;0.0;2375855.5;139.9;6126161.7;1036.0;12890182.9;0.0;43326626.2;4.708;227.539;0.991;0.0;6847777.7;166.3;46057402.5;90.6;2306972.1;0.0;5923985.0;0.0;9585595.4;189.4;46645934.3;1.651;228.090;-0.878;1174.7;16485837.8;0.0;43635206.8;32.3;3105756.2;0.0;3757979.2;1175.1;18267199.8;0.0;44132437.4;5.339;227.003;1.000
Wed Dec  1 11:16:02 2021;1638353762.286865496;4006.9;31808973.9;0.0;130485692.8;14.7;6978203.4;0.0;14997744.5;4006.9;37200729.1;0.0;131864935.4;1.000;49.982;3290.2;10582458.6;0.0;42900194.6;0.0;2375855.5;137.4;6126164.1;3293.1;12890222.8;0.0;43326626.2;14.588;226.481;0.999;0.0;6847777.7;356.3;46057406.6;109.7;2306973.8;0.0;5923985.0;0.0;9585595.4;372.8;46645938.7;2.141;228.625;-0.956;1073.0;16485852.7;0.0;43635206.8;42.5;3105757.8;0.0;3757979.2;1073.8;18267214.9;0.0;44132437.4;4.892;227.303;0.999
Wed Dec  1 11:17:02 2021;1638353822.273659484;3346.3;31809031.3;0.0;130485692.8;281.7;6978206.7;0.0;14997744.5;3358.1;37200786.5;0.0;131864935.4;0.996;50.002;2181.1;10582504.1;0.0;42900194.6;255.6;2375856.8;0.0;6126164.5;2196.0;12890268.3;0.0;43326626.2;9.746;227.689;0.993;0.9;6847777.9;0.0;46057408.6;6.6;2306974.4;0.0;5923985.0;6.7;9585595.6;0.0;46645940.8;1.449;227.038;0.142;1164.2;16485866.3;0.0;43635206.8;19.5;3105759.5;0.0;3757979.2;1164.4;18267228.7;0.0;44132437.4;5.279;227.380;1.000
Wed Dec  1 11:18:02 2021;1638353882.273686630;1310.3;31809078.6;0.0;130485692.8;483.0;6978213.9;0.0;14997744.5;1396.5;37200834.6;0.0;131864935.4;0.938;49.992;76.6;10582535.7;0.0;42900194.6;445.8;2375862.6;0.0;6126164.5;452.3;12890301.2;0.0;43326626.2;2.469;228.410;0.169;43.6;6847778.1;0.0;46057408.6;7.2;2306974.5;0.0;5923985.0;44.2;9585595.8;0.0;46645940.9;1.483;228.008;0.987;1190.1;16485881.9;0.0;43635206.8;30.1;3105760.9;0.0;3757979.2;1190.5;18267244.4;0.0;44132437.4;5.405;226.917;1.000
Wed Dec  1 11:19:02 2021;1638353942.273689303;1736.2;31809099.4;0.0;130485692.8;462.4;6978222.8;0.0;14997744.5;1796.7;37200857.3;0.0;131864935.4;0.966;49.970;269.5;10582538.2;0.0;42900194.6;434.5;2375870.0;0.0;6126164.5;511.3;12890309.0;0.0;43326626.2;2.730;228.440;0.527;182.5;6847779.7;0.0;46057408.6;0.0;2306974.6;0.2;5923985.0;182.5;9585597.5;0.0;46645940.9;1.748;228.019;1.000;1284.2;16485898.6;0.0;43635206.8;28.1;3105762.3;0.0;3757979.2;1284.5;18267261.1;0.0;44132437.4;5.820;227.130;1.000
Wed Dec  1 11:20:02 2021;1638354002.230908128;1904.2;31809126.7;0.0;130485692.8;397.1;6978230.6;0.0;14997744.5;1945.1;37200885.7;0.0;131864935.4;0.979;49.975;571.3;10582546.2;0.0;42900194.6;328.2;2375876.0;0.0;6126164.5;658.8;12890319.2;0.0;43326626.2;3.219;227.947;0.867;243.1;6847783.5;0.0;46057408.6;7.8;2306974.7;0.0;5923985.0;243.2;9585601.2;0.0;46645940.9;1.918;227.679;0.999;1089.8;16485914.2;0.0;43635206.8;61.1;3105764.0;0.0;3757979.2;1091.5;18267276.8;0.0;44132437.4;4.992;226.947;0.998
Wed Dec  1 11:21:02 2021;1638354062.215749652;1760.9;31809153.6;0.0;130485692.8;412.0;6978238.2;0.0;14997744.5;1808.5;37200913.7;0.0;131864935.4;0.974;49.976;519.8;10582555.2;0.0;42900194.6;333.4;2375881.5;0.0;6126164.5;617.5;12890329.8;0.0;43326626.2;3.046;228.063;0.842;202.5;6847787.2;0.0;46057408.6;8.2;2306974.8;0.0;5923985.0;202.6;9585604.9;0.0;46645940.9;1.814;227.818;0.999;1038.6;16485928.3;0.0;43635206.8;70.4;3105765.9;0.0;3757979.2;1041.0;18267291.1;0.0;44132437.4;4.780;227.196;0.998
Wed Dec  1 11:22:02 2021;1638354122.201546740;3682.1;31809187.2;0.0;130485692.8;452.4;6978246.2;0.0;14997744.5;3709.8;37200948.4;0.0;131864935.4;0.993;49.982;2701.7;10582573.5;0.0;42900194.6;340.2;2375887.1;0.0;6126164.5;2723.0;12890349.4;0.0;43326626.2;12.064;227.108;0.992;81.3;6847789.6;0.0;46057408.6;16.7;2306975.1;0.0;5923985.0;83.0;9585607.3;0.0;46645940.9;1.563;228.587;0.979;899.1;16485941.2;0.0;43635206.8;95.4;3105768.1;0.0;3757979.2;904.2;18267304.3;0.0;44132437.4;4.208;227.682;0.994
Wed Dec  1 11:23:02 2021;1638354182.187010358;3720.0;31809245.2;0.0;130485692.8;530.5;6978255.7;0.0;14997744.5;3757.7;37201007.2;0.0;131864935.4;0.990;49.982;2425.2;10582613.6;0.0;42900194.6;450.2;2375894.6;0.0;6126164.5;2466.6;12890390.3;0.0;43326626.2;10.980;226.862;0.983;115.9;6847791.0;0.0;46057408.6;19.2;2306975.4;0.0;5923985.0;117.4;9585608.8;0.0;46645940.9;1.636;227.939;0.987;1179.0;16485957.7;0.0;43635206.8;61.1;3105769.8;0.0;3757979.2;1180.6;18267320.8;0.0;44132437.4;5.414;227.229;0.999
Wed Dec  1 11:24:02 2021;1638354242.175426986;1666.9;31809296.4;0.0;130485692.8;530.7;6978265.2;0.0;14997744.5;1749.4;37201059.5;0.0;131864935.4;0.953;49.984;262.0;10582644.6;0.0;42900194.6;448.1;2375902.0;0.0;6126164.5;519.0;12890422.9;0.0;43326626.2;2.779;227.912;0.505;193.1;6847793.8;0.0;46057408.6;17.4;2306975.7;0.0;5923985.0;193.9;9585611.6;0.0;46645940.9;1.808;227.416;0.996;1211.8;16485975.2;0.0;43635206.8;65.2;3105771.5;0.0;3757979.2;1213.6;18267338.4;0.0;44132437.4;5.581;226.800;0.999
Wed Dec  1 11:25:02 2021;1638354302.173776459;1117.3;31809318.9;0.0;130485692.8;569.6;6978274.8;0.0;14997744.5;1254.2;37201084.0;0.0;131864935.4;0.891;49.987;37.6;10582647.4;0.0;42900194.6;457.2;2375909.6;0.0;6126164.5;458.7;12890431.1;0.0;43326626.2;2.516;228.260;0.082;11.9;6847796.1;0.0;46057408.6;34.9;2306976.1;0.0;5923985.0;36.9;9585614.0;0.0;46645940.9;1.491;227.613;0.322;1067.8;16485992.5;0.0;43635206.8;77.5;3105773.2;0.0;3757979.2;1070.7;18267355.9;0.0;44132437.4;4.975;226.927;0.997
Wed Dec  1 11:26:02 2021;1638354362.174778320;0.0;31809322.7;1462.2;130485712.0;0.0;6978277.6;352.6;14997746.4;0.0;37201088.7;1504.1;131864954.8;-0.972;49.974;0.0;10582647.4;886.6;42900205.0;23.5;2375913.8;0.0;6126164.5;0.0;12890431.3;886.9;43326638.6;4.100;228.354;-1.000;0.0;6847796.1;856.3;46057419.8;0.0;2306976.3;224.8;5923987.5;0.0;9585614.0;885.3;46645952.4;3.982;227.822;-0.967;280.7;16485998.9;0.0;43635207.0;0.0;3105773.6;151.3;3757980.7;318.9;18267362.6;0.0;44132437.8;1.993;227.034;0.880
Wed Dec  1 11:27:02 2021;1638354422.131482010;0.0;31809322.7;923.2;130485731.8;0.0;6978277.6;382.3;14997752.3;0.0;37201088.7;999.3;131864975.5;-0.924;49.973;0.0;10582647.4;617.6;42900216.9;0.0;2375914.0;0.8;6126164.5;0.0;12890431.3;617.6;43326650.5;3.055;227.735;-1.000;0.0;6847796.1;675.6;46057432.1;0.0;2306976.3;232.9;5923991.4;0.0;9585614.0;714.6;46645965.2;3.282;227.243;-0.945;369.9;16486003.3;0.0;43635207.0;0.0;3105773.6;148.6;3757982.9;398.7;18267367.6;0.0;44132437.8;2.305;226.605;0.928
Wed Dec  1 11:28:02 2021;1638354482.117286433;1590.7;31809345.0;0.0;130485732.7;0.0;6978277.6;555.5;14997760.0;1684.9;37201112.2;0.0;131864976.6;0.944;50.010;1311.7;10582670.4;0.0;42900217.5;86.8;2375914.8;0.0;6126164.5;1314.5;12890454.3;0.0;43326651.1;5.929;227.003;0.998;0.0;6847796.1;367.7;46057441.6;0.0;2306976.3;353.7;5923995.9;0.0;9585614.0;510.2;46645975.9;2.363;227.571;-0.721;646.7;16486011.8;0.0;43635207.0;0.0;3105773.6;288.6;3757986.9;708.2;18267377.0;0.0;44132437.8;3.406;226.877;0.913
Wed Dec  1 11:29:02 2021;1638354542.102908679;1701.7;31809372.6;0.0;130485732.7;0.0;6978277.6;603.4;14997769.4;1805.5;37201141.3;0.0;131864976.6;0.942;49.986;1666.4;10582694.8;0.0;42900217.5;0.0;2375915.7;34.9;6126164.7;1666.8;12890478.8;0.0;43326651.1;7.416;227.350;1.000;0.0;6847796.1;608.0;46057448.7;0.0;2306976.3;287.0;5924001.5;0.0;9585614.0;672.3;46645985.1;3.024;228.405;-0.904;643.3;16486022.0;0.0;43635207.0;0.0;3105773.6;281.5;3757991.5;702.2;18267388.2;0.0;44132437.8;3.374;227.492;0.916
Wed Dec  1 11:30:02 2021;1638354602.589111822;0.0;31809385.9;798.9;130485740.9;0.0;6978277.6;550.0;14997778.8;0.0;37201155.5;969.9;131864985.8;-0.824;49.969;0.0;10582708.6;1201.6;42900225.6;122.5;2375916.1;0.0;6126165.0;0.0;12890492.5;1207.9;43326659.3;5.422;228.899;-0.995;0.0;6847796.1;414.4;46057459.2;0.0;2306976.3;343.3;5924006.4;0.0;9585614.0;538.1;46645996.8;2.475;227.703;-0.770;817.1;16486032.1;0.0;43635207.0;0.0;3105773.6;329.2;3757996.0;880.9;18267399.3;0.0;44132437.8;4.011;227.114;0.928
Wed Dec  1 11:31:02 2021;1638354662.074782336;0.0;31809385.9;1001.2;130485757.9;0.0;6978277.6;521.5;14997787.3;0.0;37201155.5;1128.9;131865004.9;-0.887;49.996;0.0;10582708.6;1153.3;42900245.2;99.9;2375917.9;0.0;6126165.0;0.0;12890492.5;1157.6;43326678.9;5.222;228.288;-0.996;0.0;6847796.1;402.1;46057466.0;0.0;2306976.3;351.6;5924012.2;0.0;9585614.0;534.2;46646005.7;2.459;227.231;-0.753;554.2;16486041.5;0.0;43635207.0;0.0;3105773.6;269.8;3758000.5;616.4;18267409.7;0.0;44132437.8;2.979;226.626;0.899
Wed Dec  1 11:32:02 2021;1638354722.073838174;0.0;31809385.9;1026.5;130485774.4;0.0;6978277.6;519.6;14997795.9;0.0;37201155.5;1150.5;131865023.6;-0.892;50.008;0.0;10582708.6;1172.5;42900264.3;99.9;2375919.6;0.0;6126165.0;0.0;12890492.5;1176.8;43326698.2;5.306;228.183;-0.996;0.0;6847796.1;407.9;46057472.7;0.0;2306976.3;349.7;5924018.0;0.0;9585614.0;537.2;46646014.6;2.468;227.266;-0.759;553.9;16486050.8;0.0;43635207.0;0.0;3105773.6;269.9;3758005.0;616.1;18267420.1;0.0;44132437.8;2.976;226.536;0.899
Wed Dec  1 11:33:02 2021;1638354782.073627162;1124.9;31809386.1;0.0;130485793.2;0.0;6978277.6;498.5;14997804.3;1230.4;37201155.8;0.0;131865044.2;0.914;50.016;1031.7;10582708.8;0.0;42900285.0;125.4;2375921.5;0.0;6126165.0;1039.3;12890492.8;0.0;43326718.9;4.734;226.997;0.993;0.0;6847796.1;450.3;46057479.9;0.0;2306976.3;348.2;5924023.8;0.0;9585614.0;569.3;46646023.9;2.599;227.579;-0.791;543.5;16486059.9;0.0;43635207.0;0.0;3105773.6;275.7;3758009.5;609.4;18267430.2;0.0;44132437.8;2.951;226.485;0.892
Wed Dec  1 11:34:02 2021;1638354842.532442083;1058.5;31809403.0;0.0;130485793.2;0.0;6978277.6;407.4;14997812.2;1134.2;37201174.4;0.0;131865044.2;0.933;50.004;1433.0;10582726.3;0.0;42900285.0;18.4;2375923.4;0.0;6126165.0;1433.1;12890510.4;0.0;43326718.9;6.452;226.778;1.000;0.0;6847796.1;801.7;46057489.0;0.0;2306976.3;234.2;5924029.2;0.0;9585614.0;835.2;46646034.6;3.764;227.899;-0.960;427.2;16486068.3;0.0;43635207.0;0.0;3105773.6;191.6;3758013.9;468.2;18267439.8;0.0;44132437.8;2.275;226.552;0.912
Wed Dec  1 11:35:02 2021;1638354902.518185963;0.0;31809415.2;1296.6;130485793.4;0.0;6978277.6;404.7;14997818.0;0.0;37201187.9;1358.3;131865044.4;-0.955;50.011;0.0;10582749.3;884.9;42900285.1;12.5;2375923.8;0.0;6126165.0;0.0;12890533.4;885.0;43326719.0;4.130;227.887;-1.000;0.0;6847796.1;820.1;46057502.8;0.0;2306976.3;233.8;5924033.2;0.0;9585614.0;852.8;46646048.9;3.851;227.090;-0.962;408.5;16486071.3;0.0;43635207.0;0.0;3105773.6;183.5;3758016.1;447.8;18267443.6;0.0;44132437.8;2.199;226.034;0.912
Wed Dec  1 11:36:02 2021;1638354962.503972873;0.0;31809415.2;524.7;130485813.5;0.0;6978277.6;435.2;14997824.0;0.0;37201187.9;681.7;131865065.5;-0.770;50.008;0.0;10582749.3;656.4;42900298.0;0.0;2375923.9;0.8;6126165.0;0.0;12890533.4;656.4;43326731.9;3.197;227.202;-1.000;0.0;6847796.1;656.1;46057515.0;0.0;2306976.3;233.8;5924037.1;0.0;9585614.0;696.5;46646061.7;3.208;226.519;-0.942;787.7;16486076.2;0.0;43635207.0;0.0;3105773.6;200.5;3758018.3;812.8;18267449.2;0.0;44132437.8;3.742;225.227;0.969
Wed Dec  1 11:37:02 2021;1638355022.489260107;3449.3;31809454.6;0.0;130485816.3;2316.2;6978307.7;0.0;14997825.7;4154.8;37201237.7;0.0;131865068.8;0.830;50.007;707.7;10582757.5;0.0;42900301.1;963.3;2375936.3;0.0;6126165.0;1195.3;12890548.1;0.0;43326735.2;5.357;227.412;0.592;375.0;6847800.5;0.0;46057517.5;778.0;2306986.2;0.0;5924038.0;863.7;9585624.9;0.0;46646064.4;3.902;227.035;0.434;2366.7;16486105.9;0.0;43635207.0;574.9;3105781.6;0.0;3758019.3;2435.5;18267480.2;0.0;44132437.8;10.815;225.783;0.972
Wed Dec  1 11:38:02 2021;1638355082.475149161;3468.2;31809509.8;0.0;130485816.3;2345.4;6978347.4;0.0;14997825.7;4186.8;37201305.7;0.0;131865068.8;0.828;50.010;686.9;10582769.6;0.0;42900301.1;977.8;2375952.5;0.0;6126165.0;1194.9;12890568.3;0.0;43326735.2;5.352;227.456;0.575;365.6;6847807.3;0.0;46057517.5;786.8;2306999.1;0.0;5924038.0;867.6;9585639.5;0.0;46646064.4;3.910;227.087;0.421;2415.7;16486142.2;0.0;43635207.0;580.8;3105792.2;0.0;3758019.3;2484.6;18267518.0;0.0;44132437.8;11.019;226.091;0.972
Wed Dec  1 11:39:02 2021;1638355142.473203132;5647.8;31809573.6;0.0;130485816.3;2371.0;6978387.7;0.0;14997825.7;6125.3;37201381.7;0.0;131865068.8;0.922;49.985;2894.2;10582791.6;0.0;42900301.1;971.4;2375968.9;0.0;6126165.0;3052.9;12890597.4;0.0;43326735.2;13.532;226.222;0.948;330.4;6847812.5;0.0;46057517.5;782.5;2307012.2;0.0;5924038.0;849.4;9585653.6;0.0;46646064.4;3.826;227.678;0.389;2423.1;16486178.8;0.0;43635207.0;617.1;3105803.0;0.0;3758019.3;2500.5;18267556.2;0.0;44132437.8;11.077;226.289;0.969
Wed Dec  1 11:40:02 2021;1638355202.473623745;5499.5;31809660.9;0.0;130485816.3;2528.6;6978429.8;0.0;14997825.7;6052.9;37201478.6;0.0;131865068.8;0.909;49.979;2856.8;10582838.3;0.0;42900301.1;1052.6;2375986.1;0.0;6126165.0;3044.6;12890647.2;0.0;43326735.2;13.529;226.025;0.938;535.8;6847819.3;0.0;46057517.5;724.0;2307024.7;0.0;5924038.0;900.7;9585668.0;0.0;46646064.4;4.057;227.209;0.595;2106.9;16486212.6;0.0;43635207.0;752.0;3105815.3;0.0;3758019.3;2237.1;18267592.3;0.0;44132437.8;9.923;226.398;0.942
Wed Dec  1 11:41:02 2021;1638355262.433790874;6266.5;31809755.6;0.0;130485816.3;2261.9;6978471.2;0.0;14997825.7;6662.2;37201582.0;0.0;131865068.8;0.941;50.005;2972.3;10582888.4;0.0;42900301.1;981.5;2376002.9;0.0;6126165.0;3130.2;12890700.0;0.0;43326735.2;13.866;226.289;0.950;809.2;6847829.1;0.0;46057517.5;673.5;2307037.0;0.0;5924038.0;1052.8;9585683.8;0.0;46646064.4;4.690;227.316;0.769;2484.9;16486247.4;0.0;43635207.0;607.0;3105827.6;0.0;3758019.3;2558.0;18267629.3;0.0;44132437.8;11.332;226.207;0.971
Wed Dec  1 11:42:02 2021;1638355322.419721634;334.9;31809798.4;0.0;130485817.3;0.0;6978487.9;702.4;14997831.6;778.1;37201629.9;0.0;131865072.7;0.430;49.998;0.0;10582908.3;412.2;42900305.9;0.0;2376010.0;72.9;6126165.6;0.0;12890721.3;418.6;43326740.0;2.161;227.738;-0.985;0.0;6847835.1;390.8;46057521.7;0.0;2307041.9;292.2;5924040.7;0.0;9585691.5;487.9;46646069.4;2.288;227.416;-0.801;1137.9;16486272.2;0.0;43635207.0;0.0;3105832.4;337.3;3758021.9;1186.8;18267655.2;0.0;44132437.8;5.311;226.570;0.959
Wed Dec  1 11:43:02 2021;1638355382.406386212;737.4;31809804.3;0.0;130485817.3;0.0;6978487.9;761.3;14997842.8;1059.9;37201642.6;0.0;131865072.9;0.696;49.997;1.1;10582908.5;0.0;42900308.7;0.0;2376010.0;124.4;6126167.2;124.4;12890721.5;0.0;43326743.5;1.272;227.643;0.009;0.0;6847835.1;185.2;46057526.3;0.0;2307041.9;312.8;5924045.7;0.0;9585691.5;363.6;46646076.2;1.773;227.547;-0.510;921.6;16486285.2;0.0;43635207.0;0.0;3105832.4;324.0;3758026.5;976.9;18267669.0;0.0;44132437.8;4.377;226.889;0.943
Wed Dec  1 11:44:02 2021;1638355442.391941036;842.7;31809813.9;0.0;130485817.3;0.0;6978487.9;762.4;14997854.5;1136.4;37201657.9;0.0;131865072.9;0.742;49.972;58.6;10582909.2;0.0;42900308.7;0.0;2376010.0;124.2;6126169.2;137.3;12890723.6;0.0;43326743.5;1.358;227.467;0.427;0.0;6847835.1;149.8;46057528.9;0.0;2307041.9;314.9;5924051.0;0.0;9585691.5;348.7;46646082.1;1.734;227.326;-0.430;933.9;16486296.8;0.0;43635207.0;0.0;3105832.4;323.4;3758030.9;988.3;18267681.4;0.0;44132437.8;4.432;226.753;0.945
Wed Dec  1 11:45:02 2021;1638355502.878004844;1139.1;31809830.9;0.0;130485817.3;556.2;6978491.9;0.0;14997861.7;1267.7;37201679.2;0.0;131865072.9;0.899;49.965;210.1;10582912.2;0.0;42900308.7;304.0;2376012.1;0.0;6126170.5;369.5;12890728.4;0.0;43326743.5;1.995;227.302;0.569;14.0;6847836.5;0.0;46057530.6;118.9;2307042.7;0.0;5924054.2;119.7;9585693.2;0.0;46646085.8;0.926;227.275;0.117;915.1;16486311.1;0.0;43635207.0;133.3;3105833.4;0.0;3758033.7;924.7;18267696.3;0.0;44132437.8;4.249;226.822;0.990
Wed Dec  1 11:46:02 2021;1638355562.373152638;2757.0;31809876.1;0.0;130485817.3;0.0;6978493.3;706.3;14997870.9;2846.0;37201725.6;0.0;131865072.9;0.969;49.968;2110.9;10582948.6;0.0;42900308.7;0.0;2376012.9;83.1;6126171.7;2112.5;12890764.8;0.0;43326743.5;9.425;225.804;0.999;0.0;6847836.7;251.1;46057533.7;0.0;2307043.0;300.4;5924058.4;0.0;9585693.5;391.5;46646091.1;1.926;227.365;-0.641;897.2;16486322.9;0.0;43635207.0;0.0;3105833.8;322.8;3758037.4;953.5;18267708.8;0.0;44132437.8;4.290;226.623;0.941
Wed Dec  1 11:47:02 2021;1638355622.373629221;2436.4;31809916.2;0.0;130485817.3;0.0;6978493.3;688.7;14997881.7;2531.9;37201767.1;0.0;131865072.9;0.962;49.974;1927.3;10582982.6;0.0;42900308.7;0.0;2376012.9;66.4;6126173.0;1928.4;12890798.8;0.0;43326743.5;8.597;226.384;0.999;0.0;6847836.7;352.2;46057538.6;0.0;2307043.0;297.2;5924063.4;0.0;9585693.5;460.9;46646098.1;2.214;227.816;-0.764;861.3;16486333.8;0.0;43635207.0;0.0;3105833.8;325.1;3758041.8;920.6;18267720.6;0.0;44132437.8;4.158;226.937;0.936
Wed Dec  1 11:48:02 2021;1638355682.338158170;0.0;31809917.8;155.1;130485821.2;0.0;6978493.3;658.7;14997892.0;0.0;37201769.9;676.8;131865082.6;-0.229;49.977;0.0;10582983.9;519.0;42900315.7;0.0;2376012.9;51.8;6126174.0;0.0;12890800.2;521.5;43326750.6;2.568;227.850;-0.995;0.0;6847836.7;460.2;46057545.5;0.0;2307043.0;286.1;5924068.3;0.0;9585693.5;541.9;46646106.5;2.541;227.675;-0.849;824.0;16486344.2;0.0;43635207.0;0.0;3105833.8;320.9;3758046.3;884.3;18267731.9;0.0;44132437.8;4.014;226.959;0.932
Wed Dec  1 11:49:02 2021;1638355742.321937206;0.0;31809917.8;213.1;130485828.3;0.0;6978493.3;650.5;14997902.0;0.0;37201769.9;684.5;131865095.2;-0.311;49.978;0.0;10582983.9;544.2;42900325.0;0.0;2376012.9;44.9;6126174.8;0.0;12890800.2;546.1;43326759.9;2.653;227.770;-0.997;0.0;6847836.7;470.9;46057553.4;0.0;2307043.0;287.0;5924073.0;0.0;9585693.5;551.5;46646115.8;2.581;227.529;-0.854;802.1;16486354.3;0.0;43635207.0;0.0;3105833.8;318.7;3758050.8;863.1;18267743.0;0.0;44132437.8;3.934;226.958;0.929
Wed Dec  1 11:50:02 2021;1638355802.307757512;0.0;31809917.8;212.9;130485833.2;0.0;6978493.3;665.5;14997912.6;0.0;37201769.9;698.7;131865107.2;-0.305;49.974;0.0;10582983.9;536.2;42900333.8;0.0;2376012.9;52.7;6126175.7;0.0;12890800.2;538.8;43326768.8;2.630;227.749;-0.995;0.0;6847836.7;426.6;46057561.0;0.0;2307043.0;289.8;5924077.8;0.0;9585693.5;515.7;46646124.8;2.437;227.509;-0.827;749.9;16486365.8;0.0;43635207.0;0.0;3105833.8;323.0;3758055.7;816.5;18267755.5;0.0;44132437.8;3.707;226.957;0.918
Wed Dec  1 11:51:02 2021;1638355862.293376477;2261.0;31809927.7;0.0;130485834.8;0.0;6978493.3;691.8;14997923.8;2364.4;37201780.9;0.0;131865114.8;0.956;49.989;1906.1;10582992.2;0.0;42900339.7;0.0;2376012.9;61.4;6126176.7;1907.1;12890808.4;0.0;43326774.7;8.506;226.294;0.999;0.0;6847836.7;398.8;46057567.8;0.0;2307043.0;301.9;5924082.7;0.0;9585693.5;500.2;46646133.1;2.370;227.923;-0.797;753.7;16486378.4;0.0;43635207.0;0.0;3105833.8;328.6;3758061.0;822.2;18267769.2;0.0;44132437.8;3.724;227.214;0.917
Wed Dec  1 11:52:02 2021;1638355922.279554721;2113.8;31809964.2;0.0;130485834.8;0.0;6978493.3;660.9;14997934.8;2214.7;37201819.1;0.0;131865114.8;0.954;49.962;1813.0;10583023.2;0.0;42900339.7;0.0;2376012.9;47.5;6126177.5;1813.7;12890839.5;0.0;43326774.7;8.074;226.909;1.000;0.0;6847836.7;446.0;46057574.8;0.0;2307043.0;291.5;5924087.6;0.0;9585693.5;532.8;46646141.7;2.497;228.231;-0.837;746.8;16486391.0;0.0;43635207.0;0.0;3105833.8;322.0;3758066.2;813.3;18267782.8;0.0;44132437.8;3.682;227.564;0.918
Wed Dec  1 11:53:02 2021;1638355982.273994533;0.0;31809986.3;240.4;130485836.2;0.0;6978493.3;656.0;14997945.6;0.0;37201842.2;698.7;131865119.0;-0.344;49.983;0.0;10583042.1;517.2;42900342.8;0.0;2376012.9;49.2;6126178.3;0.0;12890858.4;519.5;43326777.8;2.548;227.890;-0.996;0.0;6847836.7;466.4;46057582.4;0.0;2307043.0;285.7;5924092.5;0.0;9585693.5;547.0;46646150.7;2.560;227.559;-0.853;743.2;16486403.4;0.0;43635207.0;0.0;3105833.8;321.1;3758071.5;809.6;18267796.3;0.0;44132437.8;3.674;227.024;0.918
Wed Dec  1 11:54:02 2021;1638356042.273803054;0.0;31809986.3;201.5;130485840.0;0.0;6978493.3;667.8;14997956.5;0.0;37201842.2;697.6;131865130.5;-0.289;49.980;0.0;10583042.1;499.5;42900351.3;0.0;2376012.9;54.2;6126179.1;0.0;12890858.4;502.5;43326786.4;2.476;228.089;-0.994;0.0;6847836.7;453.5;46057590.1;0.0;2307043.0;289.8;5924097.2;0.0;9585693.5;538.2;46646159.8;2.519;227.744;-0.843;751.5;16486415.9;0.0;43635207.0;0.0;3105833.8;323.8;3758076.7;818.3;18267809.9;0.0;44132437.8;3.705;227.186;0.918
Wed Dec  1 11:55:02 2021;1638356102.273720150;1838.5;31810002.4;0.0;130485841.9;0.0;6978493.3;672.7;14997967.3;1957.7;37201859.2;0.0;131865136.4;0.939;49.966;1654.8;10583056.2;0.0;42900355.8;0.0;2376012.9;34.0;6126179.8;1655.1;12890872.5;0.0;43326790.8;7.369;227.188;1.000;0.0;6847836.7;488.0;46057598.0;0.0;2307043.0;288.0;5924102.1;0.0;9585693.5;566.6;46646169.0;2.628;228.289;-0.861;671.7;16486428.4;0.0;43635207.0;0.0;3105833.8;350.7;3758082.0;757.8;18267823.4;0.0;44132437.8;3.530;227.736;0.886
Wed Dec  1 11:56:02 2021;1638356162.222861450;1268.3;31810025.0;0.0;130485841.9;0.0;6978493.3;816.4;14997980.9;1508.3;37201885.6;0.0;131865136.4;0.841;49.973;1567.7;10583083.1;0.0;42900355.8;0.0;2376012.9;18.5;6126180.3;1567.8;12890899.4;0.0;43326790.8;6.968;227.850;1.000;0.0;6847836.7;533.8;46057606.4;0.0;2307043.0;285.5;5924106.8;0.0;9585693.5;605.4;46646178.6;2.783;228.805;-0.882;234.5;16486432.5;0.0;43635207.0;0.0;3105833.8;512.4;3758090.4;563.5;18267832.7;0.0;44132437.8;2.619;228.728;0.416
Wed Dec  1 11:57:02 2021;1638356222.210519183;0.0;31810028.0;1479.5;130485860.3;0.0;6978493.3;726.5;14997993.9;0.0;37201889.1;1648.2;131865158.0;-0.898;49.974;0.0;10583086.8;698.2;42900366.8;0.0;2376012.9;51.1;6126180.9;0.0;12890903.0;700.1;43326801.9;3.244;228.911;-0.997;0.0;6847836.7;978.8;46057618.2;0.0;2307043.0;169.7;5924110.9;0.0;9585693.5;993.4;46646191.2;4.450;228.380;-0.985;197.6;16486436.2;0.0;43635207.0;0.0;3105833.8;505.7;3758098.7;543.0;18267841.9;0.0;44132437.8;2.529;228.183;0.364
Wed Dec  1 11:58:02 2021;1638356282.195466716;0.0;31810028.0;1529.9;130485885.5;0.0;6978493.3;724.5;14998006.0;0.0;37201889.1;1692.8;131865185.9;-0.904;50.008;0.0;10583086.8;718.1;42900378.6;0.0;2376012.9;46.4;6126181.8;0.0;12890903.0;719.6;43326813.7;3.332;229.097;-0.998;0.0;6847836.7;1008.4;46057634.8;0.0;2307043.0;171.9;5924113.7;0.0;9585693.5;1023.0;46646208.1;4.569;228.630;-0.986;196.6;16486439.5;0.0;43635207.0;0.0;3105833.8;506.2;3758107.0;543.0;18267850.8;0.0;44132437.8;2.527;228.365;0.362
Wed Dec  1 11:59:02 2021;1638356342.181239610;0.0;31810028.0;1673.0;130485912.5;0.0;6978493.3;728.5;14998018.0;0.0;37201889.1;1824.8;131865215.5;-0.917;49.998;0.0;10583086.8;785.9;42900391.4;0.0;2376012.9;49.7;6126182.7;0.0;12890903.0;787.5;43326826.5;3.604;229.144;-0.998;0.0;6847836.7;1073.2;46057652.3;0.0;2307043.0;171.7;5924116.6;0.0;9585693.5;1086.8;46646225.8;4.840;228.795;-0.987;186.1;16486442.6;0.0;43635207.0;0.0;3105833.8;507.1;3758115.4;540.1;18267859.7;0.0;44132437.8;2.517;228.300;0.344
Wed Dec  1 12:00:02 2021;1638356402.673758661;797.4;31810033.1;0.0;130485928.5;0.0;6978493.3;677.9;14998029.0;1046.6;37201896.2;0.0;131865232.6;0.762;49.985;1313.3;10583096.1;0.0;42900401.6;86.5;2376014.3;0.0;6126182.7;1316.1;12890912.4;0.0;43326836.8;5.910;228.051;0.998;0.0;6847836.7;736.4;46057665.4;0.0;2307043.0;239.2;5924120.4;0.0;9585693.5;774.3;46646239.5;3.502;229.164;-0.951;220.6;16486445.8;0.0;43635207.0;0.0;3105833.8;525.2;3758123.9;569.6;18267868.8;0.0;44132437.8;2.643;228.753;0.387
Wed Dec  1 12:01:02 2021;1638356462.173878460;1034.6;31810047.4;0.0;130485928.5;0.0;6978493.3;677.8;14998040.0;1236.8;37201914.2;0.0;131865232.6;0.836;49.966;1458.4;10583118.6;0.0;42900401.6;72.6;2376015.6;0.0;6126182.7;1460.2;12890934.9;0.0;43326836.8;6.538;227.857;0.999;0.0;6847836.7;642.5;46057677.0;0.0;2307043.0;234.3;5924124.3;0.0;9585693.5;683.9;46646251.7;3.128;228.726;-0.939;218.6;16486449.2;0.0;43635207.0;0.0;3105833.8;516.0;3758132.3;560.4;18267877.9;0.0;44132437.8;2.591;228.597;0.390
Wed Dec  1 12:02:02 2021;1638356522.179192508;0.0;31810056.8;1039.5;130485937.3;0.0;6978493.3;785.3;14998052.5;0.0;37201925.5;1302.8;131865243.5;-0.798;49.974;0.0;10583129.5;938.1;42900409.5;75.5;2376017.2;0.0;6126182.7;0.0;12890945.9;941.1;43326844.8;4.302;228.937;-0.997;0.0;6847836.7;345.9;46057683.3;0.0;2307043.0;349.7;5924129.9;0.0;9585693.5;491.9;46646260.3;2.274;228.011;-0.703;244.5;16486453.1;0.0;43635207.0;0.0;3105833.8;511.0;3758140.7;566.5;18267887.2;0.0;44132437.8;2.621;228.180;0.432
Wed Dec  1 12:03:02 2021;1638356582.624374728;0.0;31810059.6;1029.2;130485945.5;0.0;6978498.3;816.5;14998058.0;0.0;37201929.6;1313.8;131865254.8;-0.783;49.965;0.0;10583129.5;655.6;42900418.0;0.0;2376021.7;32.3;6126182.8;0.0;12890945.9;656.4;43326855.7;3.088;229.048;-0.999;0.0;6847837.0;618.8;46057688.4;0.0;2307044.6;277.7;5924132.2;0.0;9585693.9;678.3;46646266.7;3.053;228.456;-0.912;245.2;16486461.0;0.0;43635207.0;0.0;3105833.8;506.5;3758144.9;562.7;18267897.4;0.0;44132437.8;2.618;228.398;0.436
Wed Dec  1 12:04:02 2021;1638356642.610019792;0.0;31810059.6;1605.1;130485967.1;0.0;6978498.3;711.2;14998070.7;0.0;37201929.6;1755.6;131865280.1;-0.914;49.956;0.0;10583129.5;1327.2;42900433.6;136.6;2376022.5;0.0;6126183.0;0.0;12890945.9;1334.3;43326871.3;5.945;229.260;-0.995;0.0;6847837.0;469.2;46057698.2;0.0;2307044.6;341.0;5924137.2;0.0;9585693.9;580.1;46646277.8;2.645;228.036;-0.809;191.4;16486464.8;0.0;43635207.0;0.0;3105833.8;506.8;3758153.3;541.7;18267906.5;0.0;44132437.8;2.522;228.148;0.353
Wed Dec  1 12:05:02 2021;1638356702.596655301;0.0;31810059.6;1695.9;130485996.1;0.0;6978498.3;625.6;14998081.8;0.0;37201929.6;1807.6;131865311.1;-0.938;49.968;0.0;10583129.5;1030.4;42900454.2;73.7;2376024.3;0.0;6126183.0;0.0;12890945.9;1033.1;43326892.0;4.693;229.090;-0.997;0.0;6847837.0;473.7;46057706.3;0.0;2307044.6;342.7;5924142.9;0.0;9585693.9;584.6;46646287.7;2.660;228.246;-0.810;0.0;16486466.2;191.8;43635208.6;0.0;3105833.8;356.5;3758160.6;0.0;18267911.4;404.9;44132440.9;2.026;228.487;-0.474
Wed Dec  1 12:06:02 2021;1638356762.581683728;1862.7;31810082.3;0.0;130485997.0;513.9;6978501.6;0.0;14998089.3;1932.3;37201955.1;0.0;131865312.1;0.964;49.980;2021.8;10583157.6;0.0;42900454.8;349.9;2376026.9;0.0;6126183.2;2051.8;12890974.2;0.0;43326892.6;9.087;227.452;0.985;0.0;6847837.7;94.9;46057711.1;81.1;2307045.2;0.0;5924146.7;0.0;9585694.7;124.8;46646294.0;0.908;228.623;-0.760;0.0;16486466.9;64.2;43635211.0;83.0;3105834.5;0.0;3758164.6;0.0;18267912.3;104.9;44132445.7;0.997;228.783;-0.612
Wed Dec  1 12:07:02 2021;1638356822.572704780;918.8;31810102.5;0.0;130485997.0;0.0;6978503.7;764.1;14998098.3;1195.0;37201978.6;0.0;131865312.1;0.769;49.987;1714.8;10583188.1;0.0;42900454.8;0.0;2376028.7;63.8;6126183.8;1716.0;12891004.9;0.0;43326892.6;7.636;227.076;0.999;0.0;6847837.7;429.7;46057716.7;0.0;2307045.5;352.9;5924151.1;0.0;9585694.7;556.0;46646301.3;2.546;228.294;-0.773;0.0;16486466.9;366.3;43635215.7;0.0;3105834.8;347.4;3758168.8;0.0;18267912.3;504.8;44132452.3;2.462;228.394;-0.726
Wed Dec  1 12:08:02 2021;1638356882.573476518;0.0;31810109.4;1794.4;130486010.1;0.0;6978503.7;587.9;14998109.5;0.0;37201988.3;1888.2;131865325.9;-0.950;49.999;0.0;10583203.5;745.7;42900460.0;0.0;2376028.7;13.8;6126184.5;0.0;12891020.2;745.8;43326897.8;3.518;229.339;-1.000;0.0;6847837.7;514.0;46057724.8;0.0;2307045.5;345.9;5924157.0;0.0;9585694.7;619.6;46646311.3;2.796;228.757;-0.830;0.0;16486466.9;534.7;43635223.9;0.0;3105834.8;228.1;3758173.6;0.0;18267912.3;581.3;44132461.9;2.840;229.053;-0.920
Wed Dec  1 12:09:02 2021;1638356942.572802882;0.0;31810109.4;2146.5;130486043.4;0.0;6978503.7;559.7;14998119.0;0.0;37201988.3;2218.3;131865360.5;-0.968;50.007;0.0;10583203.5;896.2;42900473.9;1.0;2376028.7;0.0;6126184.6;0.0;12891020.2;896.2;43326911.7;4.130;229.446;-1.000;0.0;6847837.7;594.0;46057734.1;0.0;2307045.5;344.8;5924162.7;0.0;9585694.7;686.9;46646322.2;3.074;228.905;-0.865;0.0;16486466.9;656.3;43635234.0;0.0;3105834.8;215.8;3758177.1;0.0;18267912.3;690.9;44132472.6;3.255;229.227;-0.950
Wed Dec  1 12:10:02 2021;1638357002.526518214;0.0;31810109.4;1810.9;130486076.0;0.0;6978503.7;584.8;14998128.6;0.0;37201988.3;1903.0;131865394.6;-0.952;50.007;0.0;10583203.5;744.4;42900487.3;0.0;2376028.7;11.6;6126184.9;0.0;12891020.2;744.5;43326925.1;3.531;229.331;-1.000;0.0;6847837.7;522.6;46057743.3;0.0;2307045.5;349.7;5924168.6;0.0;9585694.7;628.8;46646333.1;2.837;228.771;-0.831;0.0;16486466.9;543.9;43635244.1;0.0;3105834.8;223.6;3758180.7;0.0;18267912.3;588.1;44132483.3;2.866;229.071;-0.925
Wed Dec  1 12:11:02 2021;1638357062.512797390;0.0;31810109.4;2007.3;130486108.8;0.0;6978503.7;478.2;14998137.6;0.0;37201988.3;2063.5;131865428.5;-0.973;49.985;0.0;10583203.5;725.4;42900500.2;0.0;2376028.7;5.2;6126185.1;0.0;12891020.2;725.5;43326938.0;3.465;228.999;-1.000;0.0;6847837.7;514.2;46057752.2;0.0;2307045.5;341.7;5924174.3;0.0;9585694.7;617.4;46646343.7;2.790;228.631;-0.833;0.0;16486466.9;767.7;43635255.0;0.0;3105834.8;131.3;3758183.7;0.0;18267912.3;778.8;44132494.7;3.618;228.911;-0.986
Wed Dec  1 12:12:02 2021;1638357122.499053685;0.0;31810109.4;997.6;130486131.7;772.1;6978510.0;0.0;14998142.2;0.0;37201988.5;1261.4;131865455.4;-0.791;49.995;0.0;10583203.5;355.6;42900508.6;404.2;2376031.9;0.0;6126185.2;0.0;12891020.2;538.4;43326948.4;2.738;229.188;-0.661;0.0;6847837.8;204.4;46057757.6;86.7;2307046.3;0.0;5924177.5;0.0;9585695.3;222.1;46646350.1;1.187;228.942;-0.921;0.0;16486466.9;437.5;43635264.3;281.1;3105837.1;0.0;3758185.0;0.0;18267912.3;520.0;44132505.2;2.574;228.995;-0.841
Wed Dec  1 12:13:02 2021;1638357182.487333336;354.5;31810119.5;0.0;130486131.7;0.0;6978511.7;513.4;14998149.5;624.0;37202002.3;0.0;131865455.4;0.568;49.999;1665.6;10583232.8;0.0;42900508.6;0.0;2376032.9;21.2;6126185.6;1665.7;12891049.7;0.0;43326948.4;7.428;228.261;1.000;0.0;6847837.8;526.6;46057765.1;0.0;2307046.5;354.5;5924182.6;0.0;9585695.3;634.9;46646359.4;2.848;229.636;-0.830;0.0;16486466.9;784.4;43635276.0;0.0;3105837.7;137.7;3758187.0;0.0;18267912.3;796.4;44132517.2;3.675;229.729;-0.985
Wed Dec  1 12:14:02 2021;1638357242.474193702;2021.1;31810142.5;0.0;130486131.7;2478.4;6978526.7;0.0;14998155.1;3198.0;37202033.7;0.0;131865455.4;0.632;50.009;584.7;10583259.1;0.0;42900508.6;1044.1;2376039.1;0.0;6126185.8;1196.7;12891078.6;0.0;43326948.4;5.412;229.042;0.489;660.1;6847841.8;0.0;46057770.7;624.2;2307050.2;0.0;5924186.3;908.5;9585700.8;0.0;46646366.1;4.024;228.694;0.727;776.3;16486471.4;0.0;43635282.3;810.0;3105842.8;0.0;3758188.6;1121.9;18267919.2;0.0;44132523.7;5.038;228.735;0.692
Wed Dec  1 12:15:02 2021;1638357302.474872424;2240.1;31810177.4;0.0;130486131.7;2478.9;6978568.0;0.0;14998155.1;3341.2;37202087.7;0.0;131865455.4;0.670;50.006;645.1;10583269.1;0.0;42900508.6;1047.3;2376056.5;0.0;6126185.8;1230.0;12891098.7;0.0;43326948.4;5.558;228.740;0.524;733.6;6847853.2;0.0;46057770.7;618.3;2307060.5;0.0;5924186.3;959.4;9585716.1;0.0;46646366.1;4.250;228.349;0.765;861.4;16486484.9;0.0;43635282.3;813.4;3105856.4;0.0;3758188.6;1184.8;18267938.3;0.0;44132523.7;5.314;228.488;0.727
Wed Dec  1 12:16:02 2021;1638357362.473728727;3238.3;31810223.2;0.0;130486131.7;2505.1;6978609.5;0.0;14998155.1;4094.2;37202149.6;0.0;131865455.4;0.791;49.980;703.1;10583281.1;0.0;42900508.6;1342.2;2376075.8;0.0;6126185.8;1515.2;12891121.5;0.0;43326948.4;6.759;229.038;0.464;923.5;6847867.2;0.0;46057770.7;629.1;2307070.9;0.0;5924186.3;1117.4;9585733.6;0.0;46646366.1;4.944;228.411;0.826;1611.7;16486504.8;0.0;43635282.3;533.8;3105868.2;0.0;3758188.6;1697.8;18267961.9;0.0;44132523.7;7.481;228.505;0.949
Wed Dec  1 12:17:02 2021;1638357422.426833615;3094.9;31810276.5;0.0;130486131.7;2524.3;6978651.2;0.0;14998155.1;3993.8;37202217.3;0.0;131865455.4;0.775;49.984;589.1;10583292.1;0.0;42900508.6;1361.9;2376098.3;0.0;6126185.8;1483.9;12891146.5;0.0;43326948.4;6.618;228.957;0.397;893.3;6847882.4;0.0;46057770.7;636.2;2307081.4;0.0;5924186.3;1096.7;9585752.0;0.0;46646366.1;4.856;228.217;0.815;1612.4;16486531.8;0.0;43635282.3;526.1;3105877.0;0.0;3758188.6;1696.1;18267990.3;0.0;44132523.7;7.482;228.222;0.951
Wed Dec  1 12:18:02 2021;1638357482.412438847;2851.8;31810326.0;0.0;130486131.7;2541.4;6978693.4;0.0;14998155.1;3819.9;37202282.4;0.0;131865455.4;0.747;50.015;409.6;10583300.4;0.0;42900508.6;1381.6;2376121.1;0.0;6126185.8;1441.0;12891170.8;0.0;43326948.4;6.417;229.185;0.284;843.7;6847896.9;0.0;46057770.7;635.1;2307092.0;0.0;5924186.3;1056.0;9585770.0;0.0;46646366.1;4.674;228.350;0.799;1598.5;16486558.6;0.0;43635282.3;524.7;3105885.8;0.0;3758188.6;1682.4;18268018.5;0.0;44132523.7;7.417;228.400;0.950
Wed Dec  1 12:19:02 2021;1638357542.399426018;0.0;31810346.4;940.8;130486142.4;0.0;6978711.9;513.0;14998159.7;0.0;37202310.0;1071.6;131865467.0;-0.878;50.023;0.0;10583303.2;759.7;42900517.1;274.4;2376133.9;0.0;6126185.8;0.0;12891181.2;807.7;43326957.3;3.794;229.581;-0.941;0.0;6847902.9;398.6;46057774.8;0.0;2307096.6;354.7;5924189.6;0.0;9585777.6;533.6;46646371.3;2.440;228.764;-0.747;217.5;16486572.1;0.0;43635282.3;0.0;3105889.6;432.7;3758192.6;484.3;18268035.1;0.0;44132523.7;2.332;228.991;0.449
Wed Dec  1 12:20:02 2021;1638357602.385631892;0.0;31810346.4;941.7;130486157.2;0.0;6978711.9;525.7;14998168.5;0.0;37202310.0;1078.5;131865484.3;-0.873;50.017;0.0;10583303.2;572.2;42900527.4;252.6;2376138.1;0.0;6126185.8;0.0;12891181.2;625.5;43326968.5;3.075;229.320;-0.915;0.0;6847902.9;337.1;46057780.7;0.0;2307096.6;357.4;5924195.6;0.0;9585777.6;491.3;46646379.7;2.266;228.768;-0.686;0.0;16486573.7;32.4;43635282.6;0.0;3105889.6;420.9;3758199.7;0.0;18268038.7;422.2;44132527.7;2.084;229.070;-0.077
Wed Dec  1 12:21:02 2021;1638357662.373102000;0.0;31810346.4;567.0;130486170.1;0.0;6978711.9;613.7;14998178.4;0.0;37202310.0;835.5;131865500.6;-0.679;50.016;0.0;10583303.2;516.7;42900538.3;251.3;2376142.6;0.0;6126185.8;0.0;12891181.2;574.6;43326980.2;2.902;229.178;-0.899;0.0;6847902.9;60.3;46057782.5;0.0;2307096.6;446.1;5924202.8;0.0;9585777.6;450.2;46646387.3;2.068;228.530;-0.134;10.1;16486573.8;0.0;43635282.8;0.0;3105889.6;418.8;3758206.8;419.0;18268039.8;0.0;44132533.5;2.082;229.007;0.024
Wed Dec  1 12:22:02 2021;1638357722.373201111;0.0;31810346.4;472.5;130486178.5;0.0;6978711.9;637.6;14998188.9;0.0;37202310.0;793.5;131865514.0;-0.595;50.029;0.0;10583303.2;459.5;42900546.2;225.2;2376146.5;0.0;6126185.8;0.0;12891181.2;511.7;43326989.1;2.716;229.021;-0.898;0.0;6847902.9;40.3;46057783.2;0.0;2307096.6;444.6;5924210.3;0.0;9585777.6;446.5;46646394.8;2.065;228.416;-0.090;27.4;16486574.1;0.0;43635282.8;0.0;3105889.6;418.2;3758213.7;419.1;18268046.8;0.0;44132533.5;2.096;228.894;0.065
Wed Dec  1 12:23:02 2021;1638357782.373202047;0.0;31810346.4;533.1;130486187.2;0.0;6978711.9;639.3;14998199.4;0.0;37202310.0;832.4;131865527.7;-0.640;50.011;0.0;10583303.2;524.7;42900554.7;227.6;2376150.3;0.0;6126185.8;0.0;12891181.2;572.0;43326998.4;2.929;229.345;-0.917;0.0;6847902.9;39.0;46057783.9;0.0;2307096.6;446.6;5924217.7;0.0;9585777.6;448.3;46646402.2;2.070;228.719;-0.087;30.6;16486574.6;0.0;43635282.8;0.0;3105889.6;420.2;3758220.7;421.3;18268053.8;0.0;44132533.5;2.102;229.041;0.073
Wed Dec  1 12:24:02 2021;1638357842.330016644;0.0;31810346.4;431.0;130486194.1;0.0;6978711.9;870.4;14998210.7;0.0;37202310.0;971.3;131865541.0;-0.444;50.008;0.0;10583303.2;464.6;42900561.8;2.1;2376153.6;0.0;6126185.8;0.0;12891181.2;464.6;43327006.3;2.609;229.683;-1.000;0.0;6847902.9;19.0;46057784.4;0.0;2307096.6;450.5;5924225.2;0.0;9585777.6;450.9;46646409.7;2.072;229.080;-0.042;52.6;16486575.3;0.0;43635282.8;0.0;3105889.6;422.0;3758227.7;425.3;18268060.9;0.0;44132533.5;2.108;229.334;0.124
Wed Dec  1 12:25:02 2021;1638357902.315323444;0.0;31810346.4;329.4;130486200.5;0.0;6978711.9;868.3;14998225.3;0.0;37202310.0;928.7;131865556.9;-0.355;50.003;0.0;10583303.2;384.1;42900569.0;0.0;2376153.6;0.0;6126185.8;0.0;12891181.2;384.1;43327013.4;2.332;229.586;-1.000;0.0;6847902.9;8.0;46057784.6;0.0;2307096.6;448.6;5924232.7;0.0;9585777.6;448.7;46646417.3;2.058;228.965;-0.018;62.7;16486576.2;0.0;43635282.8;0.0;3105889.6;419.8;3758234.8;424.4;18268068.0;0.0;44132533.5;2.098;229.236;0.148
Wed Dec  1 12:26:02 2021;1638357962.301916982;0.0;31810346.4;229.8;130486205.0;0.0;6978711.9;883.1;14998240.0;0.0;37202310.0;912.5;131865572.3;-0.252;50.008;0.0;10583303.2;301.0;42900574.5;0.0;2376153.6;12.6;6126185.9;0.0;12891181.2;301.2;43327019.0;2.111;229.269;-0.999;1.0;6847902.9;0.0;46057784.7;0.0;2307096.6;449.0;5924240.2;449.0;9585778.6;0.0;46646423.8;2.063;228.706;0.002;70.2;16486577.3;0.0;43635282.8;0.0;3105889.6;421.5;3758241.8;427.3;18268075.1;0.0;44132533.5;2.113;228.987;0.164
Wed Dec  1 12:27:02 2021;1638358022.287211855;0.0;31810346.4;317.5;130486209.0;0.0;6978711.9;869.2;14998254.6;0.0;37202310.0;925.3;131865587.5;-0.343;49.994;0.0;10583303.2;370.9;42900579.6;1.9;2376153.6;0.0;6126186.1;0.0;12891181.2;370.9;43327024.1;2.331;229.352;-1.000;0.0;6847903.0;8.8;46057784.7;0.0;2307096.6;450.4;5924247.7;0.0;9585783.0;450.5;46646426.9;2.073;228.880;-0.020;62.3;16486578.5;0.0;43635282.8;0.0;3105889.6;420.6;3758248.8;425.2;18268082.2;0.0;44132533.5;2.114;229.118;0.146
Wed Dec  1 12:28:02 2021;1638358082.273470844;0.0;31810346.4;406.5;130486215.1;0.0;6978711.9;872.6;14998269.2;0.0;37202310.0;962.6;131865603.3;-0.422;50.012;0.0;10583303.2;445.7;42900586.5;0.0;2376153.6;7.1;6126186.2;0.0;12891181.2;445.7;43327030.9;2.550;229.520;-1.000;0.0;6847903.0;15.5;46057784.9;0.0;2307096.6;447.7;5924255.2;0.0;9585783.0;448.0;46646434.4;2.063;229.051;-0.035;54.6;16486579.5;0.0;43635282.8;0.0;3105889.6;417.8;3758255.9;421.3;18268089.3;0.0;44132533.5;2.097;229.153;0.130
Wed Dec  1 12:29:02 2021;1638358142.273404584;390.7;31810347.1;0.0;130486222.3;0.0;6978711.9;1011.7;14998283.8;1084.6;37202312.1;0.0;131865617.8;0.360;50.016;369.8;10583303.8;0.0;42900594.1;0.0;2376153.8;146.6;6126186.5;397.8;12891181.9;0.0;43327038.6;2.455;229.031;0.930;0.0;6847903.0;25.3;46057785.3;0.0;2307096.6;449.1;5924262.7;0.0;9585783.0;449.9;46646441.8;2.068;229.228;-0.056;46.3;16486580.2;0.0;43635282.8;0.0;3105889.6;416.0;3758262.8;418.5;18268096.3;0.0;44132533.5;2.084;229.192;0.111
Wed Dec  1 12:30:02 2021;1638358202.780154766;791.2;31810358.1;0.0;130486222.3;0.0;6978711.9;1008.8;14998300.8;1282.1;37202332.5;0.0;131865617.8;0.617;50.009;765.6;10583314.3;0.0;42900594.1;0.0;2376153.8;143.3;6126189.0;778.9;12891192.7;0.0;43327038.6;3.884;228.554;0.983;0.0;6847903.0;21.8;46057785.7;0.0;2307096.6;447.9;5924270.2;0.0;9585783.0;448.4;46646449.4;2.064;229.081;-0.049;47.4;16486581.1;0.0;43635282.8;0.0;3105889.6;417.7;3758269.8;420.3;18268103.4;0.0;44132533.5;2.093;229.086;0.113
Wed Dec  1 12:31:02 2021;1638358262.731249033;866.5;31810370.3;0.0;130486222.3;0.0;6978711.9;979.9;14998317.3;1308.1;37202353.1;0.0;131865617.8;0.662;50.002;645.8;10583326.0;0.0;42900594.1;0.0;2376153.8;129.4;6126191.2;658.7;12891204.6;0.0;43327038.6;3.427;228.983;0.981;0.0;6847903.0;31.5;46057786.1;0.0;2307096.6;447.1;5924277.6;0.0;9585783.0;448.3;46646456.9;2.060;229.385;-0.070;252.1;16486582.0;0.0;43635282.8;0.0;3105889.6;403.3;3758276.8;475.7;18268110.4;0.0;44132533.5;2.320;229.247;0.530
Wed Dec  1 12:32:02 2021;1638358322.717340180;473.8;31810381.8;0.0;130486222.3;0.0;6978711.9;970.3;14998333.7;1079.8;37202373.2;0.0;131865617.8;0.439;49.982;355.0;10583334.8;0.0;42900594.1;0.0;2376153.8;91.6;6126193.1;366.6;12891213.6;0.0;43327038.6;2.444;229.111;0.968;0.0;6847903.0;61.8;46057786.8;0.0;2307096.6;448.7;5924285.1;0.0;9585783.0;452.9;46646464.4;2.092;229.363;-0.136;180.5;16486585.5;0.0;43635282.8;0.0;3105889.6;430.0;3758283.8;466.4;18268118.3;0.0;44132533.5;2.301;229.326;0.387
Wed Dec  1 12:33:02 2021;1638358382.703579742;0.0;31810384.4;160.2;130486223.8;0.0;6978711.9;958.6;14998349.8;0.0;37202380.2;971.9;131865627.5;-0.165;49.975;0.0;10583336.6;237.1;42900596.3;0.0;2376153.8;77.9;6126194.4;0.0;12891215.6;249.6;43327040.9;1.977;229.548;-0.950;0.0;6847903.0;81.6;46057788.1;0.0;2307096.6;447.9;5924292.6;0.0;9585783.0;455.3;46646471.9;2.100;229.118;-0.179;158.5;16486588.2;0.0;43635282.8;0.0;3105889.6;432.7;3758291.0;460.9;18268126.0;0.0;44132533.5;2.277;229.225;0.344
Wed Dec  1 12:34:02 2021;1638358442.688832935;0.0;31810384.4;798.8;130486231.3;0.0;6978711.9;850.1;14998365.1;0.0;37202380.2;1166.5;131865644.9;-0.685;49.981;0.0;10583336.6;458.0;42900603.3;0.0;2376153.8;62.5;6126195.3;0.0;12891215.6;462.3;43327048.0;2.576;229.251;-0.991;0.0;6847903.0;439.3;46057790.8;0.0;2307096.6;354.5;5924299.8;0.0;9585783.0;564.5;46646479.9;2.574;229.013;-0.778;98.5;16486590.4;0.0;43635282.8;0.0;3105889.6;433.1;3758298.2;444.1;18268133.5;0.0;44132533.5;2.193;228.844;0.222
Wed Dec  1 12:35:02 2021;1638358502.674641499;0.0;31810384.4;1448.1;130486242.5;0.0;6978711.9;695.6;14998379.4;0.0;37202380.2;1606.5;131865663.2;-0.901;49.976;0.0;10583336.6;1168.4;42900609.5;87.8;2376153.8;0.0;6126196.5;0.0;12891215.6;1171.7;43327054.4;5.312;230.190;-0.997;0.0;6847903.0;395.8;46057797.6;0.0;2307096.6;351.2;5924305.6;0.0;9585783.0;529.2;46646488.9;2.430;229.360;-0.748;116.1;16486592.2;0.0;43635282.8;0.0;3105889.6;432.3;3758305.5;447.6;18268141.0;0.0;44132533.5;2.213;229.334;0.260
Wed Dec  1 12:36:02 2021;1638358562.673687363;0.0;31810384.4;1573.7;130486268.8;0.0;6978711.9;689.0;14998390.9;0.0;37202380.2;1717.9;131865691.9;-0.916;49.987;0.0;10583336.6;1137.0;42900628.9;85.0;2376155.3;0.0;6126196.5;0.0;12891215.6;1140.2;43327073.8;5.190;229.658;-0.997;0.0;6847903.0;384.9;46057804.1;0.0;2307096.6;352.7;5924311.5;0.0;9585783.0;522.0;46646497.7;2.407;228.935;-0.737;0.0;16486592.6;51.8;43635283.6;0.0;3105889.6;421.3;3758312.6;0.0;18268142.5;424.5;44132539.2;2.099;229.255;-0.122
Wed Dec  1 12:37:02 2021;1638358622.673803306;345.0;31810385.7;0.0;130486284.9;169.6;6978712.5;0.0;14998398.1;384.4;37202381.7;0.0;131865709.5;0.897;50.013;0.0;10583336.6;160.9;42900644.2;242.2;2376158.0;0.0;6126196.5;0.0;12891215.6;290.8;43327089.7;2.178;229.882;-0.553;0.0;6847903.4;185.7;46057807.8;122.0;2307096.9;0.0;5924315.5;0.0;9585783.6;222.1;46646503.1;1.927;229.494;-0.836;691.5;16486596.7;0.0;43635283.9;0.0;3105889.6;194.6;3758318.3;718.4;18268148.0;0.0;44132542.1;3.417;229.190;0.963
Wed Dec  1 12:38:02 2021;1638358682.632222534;823.7;31810394.7;0.0;130486284.9;613.0;6978718.2;0.0;14998398.1;1026.8;37202392.4;0.0;131865709.5;0.802;49.996;69.4;10583337.0;0.0;42900645.9;391.6;2376163.2;0.0;6126196.5;397.7;12891216.4;0.0;43327094.5;2.673;229.466;0.175;0.0;6847903.4;50.4;46057809.8;270.5;2307099.8;0.0;5924315.5;0.0;9585783.6;275.2;46646506.8;2.248;229.215;-0.183;804.7;16486609.1;0.0;43635283.9;0.0;3105889.6;49.1;3758320.7;806.2;18268160.7;0.0;44132542.1;3.830;228.830;0.998
Wed Dec  1 12:39:02 2021;1638358742.618771811;1307.9;31810413.7;0.0;130486284.9;641.6;6978729.4;0.0;14998398.1;1456.8;37202414.5;0.0;131865709.5;0.898;49.980;263.6;10583340.0;0.0;42900645.9;392.5;2376170.0;0.0;6126196.5;472.8;12891224.0;0.0;43327094.5;2.958;229.409;0.558;145.7;6847904.6;0.0;46057809.9;279.4;2307104.6;0.0;5924315.5;315.1;9585787.7;0.0;46646507.8;2.415;229.157;0.462;898.5;16486624.0;0.0;43635283.9;0.0;3105889.6;30.3;3758321.1;899.0;18268175.5;0.0;44132542.1;4.216;228.869;0.999
Wed Dec  1 12:40:02 2021;1638358802.604324471;1302.8;31810433.9;0.0;130486284.9;466.9;6978737.6;0.0;14998398.1;1384.0;37202436.3;0.0;131865709.5;0.941;49.991;575.4;10583345.8;0.0;42900645.9;226.7;2376175.2;0.0;6126196.5;618.4;12891232.0;0.0;43327094.5;3.371;229.530;0.930;0.0;6847906.0;108.6;46057810.6;299.3;2307108.8;0.0;5924315.5;0.0;9585790.7;318.4;46646509.4;2.345;229.699;-0.341;836.1;16486637.7;0.0;43635283.9;0.0;3105889.6;59.1;3758322.3;838.2;18268189.3;0.0;44132542.1;3.966;229.218;0.998
Wed Dec  1 12:41:02 2021;1638358862.590870588;1544.6;31810457.8;0.0;130486284.9;583.4;6978746.1;0.0;14998398.1;1651.1;37202461.6;0.0;131865709.5;0.935;50.002;655.2;10583356.0;0.0;42900645.9;262.1;2376179.2;0.0;6126196.5;705.7;12891243.0;0.0;43327094.5;3.685;229.582;0.928;0.0;6847906.0;51.0;46057811.6;341.3;2307114.1;0.0;5924315.5;0.0;9585790.7;345.1;46646514.8;2.416;229.607;-0.148;940.3;16486652.4;0.0;43635283.9;0.0;3105889.6;19.9;3758323.0;940.6;18268204.1;0.0;44132542.1;4.389;229.123;1.000
Wed Dec  1 12:42:02 2021;1638358922.576027592;1140.0;31810481.9;0.0;130486284.9;741.0;6978756.8;0.0;14998398.1;1359.6;37202488.0;0.0;131865709.5;0.838;49.998;160.3;10583365.7;0.0;42900645.9;434.5;2376184.1;0.0;6126196.5;463.2;12891254.0;0.0;43327094.5;2.898;230.045;0.346;51.2;6847906.1;0.0;46057813.2;315.5;2307120.0;0.0;5924315.5;319.6;9585791.2;0.0;46646520.5;2.378;229.760;0.160;928.5;16486668.3;0.0;43635283.9;0.0;3105889.6;9.0;3758323.2;928.5;18268219.9;0.0;44132542.1;4.329;229.342;1.000
Wed Dec  1 12:43:02 2021;1638358982.573746904;771.7;31810495.1;0.0;130486284.9;727.1;6978768.8;0.0;14998398.1;1060.3;37202506.0;0.0;131865709.5;0.728;49.998;0.0;10583366.1;2.4;42900646.2;434.4;2376191.3;0.0;6126196.5;0.0;12891256.9;434.5;43327098.9;2.744;230.266;-0.006;0.0;6847906.1;98.0;46057814.7;310.3;2307125.1;0.0;5924315.5;0.0;9585791.9;325.4;46646525.2;2.333;229.838;-0.301;872.2;16486682.8;0.0;43635283.9;0.0;3105889.6;17.7;3758323.5;872.4;18268234.5;0.0;44132542.1;4.090;229.468;1.000
Wed Dec  1 12:44:02 2021;1638359042.573635042;1401.2;31810513.2;0.0;130486284.9;747.9;6978780.9;0.0;14998398.1;1588.3;37202527.8;0.0;131865709.5;0.882;50.020;275.4;10583368.5;0.0;42900646.2;433.0;2376198.5;0.0;6126196.5;513.2;12891264.6;0.0;43327098.9;3.073;230.260;0.537;160.3;6847907.0;0.0;46057815.0;317.5;2307130.3;0.0;5924315.5;355.7;9585795.0;0.0;46646527.4;2.501;229.933;0.451;965.5;16486698.0;0.0;43635283.9;0.0;3105889.6;2.6;3758323.8;965.5;18268249.7;0.0;44132542.1;4.476;229.606;1.000
Wed Dec  1 12:45:02 2021;1638359102.033222774;1889.8;31810540.5;0.0;130486284.9;678.7;6978793.3;0.0;14998398.1;2008.0;37202557.8;0.0;131865709.5;0.941;50.023;261.8;10583374.6;0.0;42900646.2;468.1;2376205.7;0.0;6126196.5;536.3;12891274.1;0.0;43327098.9;3.148;230.223;0.488;590.5;6847911.5;0.0;46057815.0;202.1;2307135.4;0.0;5924315.5;624.1;9585802.0;0.0;46646527.4;3.311;229.783;0.946;1037.5;16486714.7;0.0;43635283.9;8.4;3105889.7;0.0;3758323.8;1037.6;18268266.3;0.0;44132542.1;4.783;229.751;1.000
Wed Dec  1 12:46:01 2021;1638359161.520360770;1805.2;31810571.1;0.0;130486284.9;672.0;6978804.3;0.0;14998398.1;1926.2;37202590.3;0.0;131865709.5;0.937;49.982;221.1;10583378.7;0.0;42900646.2;465.6;2376213.3;0.0;6126196.5;515.4;12891282.7;0.0;43327098.9;3.074;230.345;0.429;561.1;6847921.0;0.0;46057815.0;202.5;2307138.7;0.0;5924315.5;596.6;9585812.1;0.0;46646527.4;3.207;229.791;0.941;1022.9;16486731.7;0.0;43635283.9;3.9;3105889.8;0.0;3758323.8;1022.9;18268283.3;0.0;44132542.1;4.720;229.822;1.000
Wed Dec  1 12:47:01 2021;1638359221.505947511;2191.8;31810602.6;0.0;130486284.9;624.3;6978815.5;0.0;14998398.1;2279.0;37202623.7;0.0;131865709.5;0.962;50.009;206.4;10583382.1;0.0;42900646.2;500.7;2376221.3;0.0;6126196.5;541.5;12891291.4;0.0;43327098.9;3.150;228.935;0.381;907.2;6847931.8;0.0;46057815.0;103.8;2307141.7;0.0;5924315.5;913.1;9585823.4;0.0;46646527.4;4.364;228.195;0.994;1078.2;16486749.0;0.0;43635283.9;19.8;3105889.9;0.0;3758323.8;1078.4;18268300.6;0.0;44132542.1;4.982;228.360;1.000
Wed Dec  1 12:48:01 2021;1638359281.491984757;2648.7;31810644.2;0.0;130486284.9;549.2;6978824.8;0.0;14998398.1;2705.0;37202666.4;0.0;131865709.5;0.979;50.009;292.6;10583385.7;0.0;42900646.2;507.9;2376229.8;0.0;6126196.5;586.2;12891300.7;0.0;43327098.9;3.314;229.514;0.499;1214.0;6847951.1;0.0;46057815.0;16.0;2307142.2;0.0;5924315.5;1214.1;9585842.7;0.0;46646527.4;5.568;228.684;1.000;1142.0;16486767.7;0.0;43635283.9;25.3;3105890.3;0.0;3758323.8;1142.3;18268319.3;0.0;44132542.1;5.246;228.948;1.000
Wed Dec  1 12:49:01 2021;1638359341.477219516;2516.9;31810687.5;0.0;130486284.9;569.6;6978834.1;0.0;14998398.1;2580.5;37202710.6;0.0;131865709.5;0.975;50.026;184.5;10583389.9;0.0;42900646.2;525.6;2376238.3;0.0;6126196.5;557.1;12891310.2;0.0;43327098.9;3.197;230.057;0.331;1203.1;6847971.3;0.0;46057815.0;18.2;2307142.5;0.0;5924315.5;1203.2;9585862.8;0.0;46646527.4;5.511;229.068;1.000;1129.3;16486786.6;0.0;43635283.9;25.7;3105890.8;0.0;3758323.8;1129.6;18268338.3;0.0;44132542.1;5.189;229.046;1.000
Wed Dec  1 12:50:01 2021;1638359401.473768010;2794.1;31810730.3;0.0;130486284.9;577.8;6978843.6;0.0;14998398.1;2853.2;37202754.5;0.0;131865709.5;0.979;50.004;377.8;10583393.5;0.0;42900646.2;510.9;2376247.0;0.0;6126196.5;635.4;12891319.7;0.0;43327098.9;3.495;228.572;0.595;1242.3;6847991.5;0.0;46057815.0;29.4;2307142.8;0.0;5924315.5;1242.6;9585883.1;0.0;46646527.4;5.707;227.719;1.000;1174.0;16486805.7;0.0;43635283.9;37.5;3105891.2;0.0;3758323.8;1174.6;18268357.3;0.0;44132542.1;5.408;227.666;0.999
Wed Dec  1 12:51:01 2021;1638359461.473501244;3320.1;31810781.3;0.0;130486284.9;561.4;6978853.0;0.0;14998398.1;3367.2;37202806.4;0.0;131865709.5;0.986;49.993;542.8;10583401.8;0.0;42900646.2;494.8;2376255.3;0.0;6126196.5;734.5;12891331.4;0.0;43327098.9;3.898;228.760;0.739;1286.0;6848012.7;0.0;46057815.0;36.5;2307143.4;0.0;5924315.5;1286.5;9585904.3;0.0;46646527.4;5.876;228.198;1.000;1491.3;16486827.1;0.0;43635283.9;30.0;3105891.8;0.0;3758323.8;1491.6;18268378.8;0.0;44132542.1;6.731;228.244;1.000
Wed Dec  1 12:52:01 2021;1638359521.434519378;7104.6;31810888.4;0.0;130486284.9;3551.1;6978904.5;0.0;14998398.1;7942.6;37202925.6;0.0;131865709.5;0.894;50.005;1792.1;10583427.8;0.0;42900646.2;1563.9;2376278.6;0.0;6126196.5;2378.5;12891366.4;0.0;43327098.9;10.582;228.635;0.753;2501.9;6848050.8;0.0;46057815.0;1003.4;2307157.6;0.0;5924315.5;2695.7;9585945.2;0.0;46646527.4;11.910;227.957;0.928;2810.5;16486870.1;0.0;43635283.9;983.7;3105905.7;0.0;3758323.8;2977.7;18268424.2;0.0;44132542.1;13.130;227.909;0.944
Wed Dec  1 12:53:01 2021;1638359581.421193499;7549.8;31811010.8;0.0;130486284.9;3561.8;6978963.8;0.0;14998398.1;8347.8;37203061.6;0.0;131865709.5;0.904;50.029;2030.0;10583459.8;0.0;42900646.2;1552.0;2376304.6;0.0;6126196.5;2555.3;12891407.6;0.0;43327098.9;11.353;228.519;0.794;2615.7;6848093.4;0.0;46057815.0;1010.7;2307174.4;0.0;5924315.5;2804.2;9585991.0;0.0;46646527.4;12.393;227.930;0.933;2904.1;16486917.8;0.0;43635283.9;999.1;3105922.3;0.0;3758323.8;3071.2;18268474.6;0.0;44132542.1;13.535;227.912;0.946
Wed Dec  1 12:54:01 2021;1638359641.406559305;7707.9;31811138.4;0.0;130486284.9;3593.2;6979023.3;0.0;14998398.1;8504.3;37203202.4;0.0;131865709.5;0.906;50.004;2104.1;10583494.7;0.0;42900646.2;1564.8;2376330.5;0.0;6126196.5;2622.2;12891451.0;0.0;43327098.9;11.648;228.570;0.802;2653.4;6848137.4;0.0;46057815.0;1019.4;2307191.3;0.0;5924315.5;2842.5;9586038.0;0.0;46646527.4;12.559;227.984;0.933;2950.4;16486966.6;0.0;43635283.9;1009.0;3105939.0;0.0;3758323.8;3118.2;18268526.2;0.0;44132542.1;13.738;227.986;0.946
Wed Dec  1 12:55:01 2021;1638359701.392397618;7759.5;31811267.2;0.0;130486284.9;3616.3;6979083.3;0.0;14998398.1;8560.8;37203344.5;0.0;131865709.5;0.906;50.002;2080.1;10583529.3;0.0;42900646.2;1559.2;2376356.5;0.0;6126196.5;2599.6;12891494.4;0.0;43327098.9;11.558;228.317;0.800;2696.1;6848181.8;0.0;46057815.0;1037.2;2307208.4;0.0;5924315.5;2888.7;9586085.7;0.0;46646527.4;12.767;227.777;0.933;2983.3;16487016.3;0.0;43635283.9;1019.9;3105955.8;0.0;3758323.8;3152.8;18268578.7;0.0;44132542.1;13.905;227.677;0.946
Wed Dec  1 12:56:01 2021;1638359761.378758274;3565.0;31811375.2;0.0;130486284.9;655.7;6979128.6;0.0;14998398.1;3624.8;37203462.1;0.0;131865709.5;0.984;49.991;599.2;10583556.4;0.0;42900646.2;514.4;2376377.3;0.0;6126196.5;789.7;12891528.5;0.0;43327098.9;4.089;229.141;0.759;1389.8;6848220.1;0.0;46057815.0;74.9;2307220.8;0.0;5924315.5;1391.8;9586126.2;0.0;46646527.4;6.326;228.393;0.999;1576.1;16487058.9;0.0;43635283.9;66.4;3105968.0;0.0;3758323.8;1577.5;18268623.3;0.0;44132542.1;7.087;228.389;0.999
Wed Dec  1 12:57:01 2021;1638359821.372962729;2985.4;31811430.5;0.0;130486284.9;688.2;6979139.7;0.0;14998398.1;3063.7;37203518.6;0.0;131865709.5;0.974;50.007;361.3;10583564.3;0.0;42900646.2;542.4;2376386.1;0.0;6126196.5;651.7;12891540.4;0.0;43327098.9;3.566;229.478;0.554;1356.1;6848242.9;0.0;46057815.0;71.0;2307222.0;0.0;5924315.5;1357.9;9586149.0;0.0;46646527.4;6.191;228.540;0.999;1268.0;16487083.6;0.0;43635283.9;74.9;3105969.1;0.0;3758323.8;1270.2;18268647.9;0.0;44132542.1;5.782;228.742;0.998
Wed Dec  1 12:58:01 2021;1638359881.373118578;2317.5;31811475.1;0.0;130486284.9;860.3;6979152.4;0.0;14998398.1;2472.0;37203564.9;0.0;131865709.5;0.937;50.009;58.8;10583566.3;0.0;42900646.7;589.8;2376396.0;0.0;6126196.5;592.7;12891547.4;0.0;43327102.2;3.267;229.581;0.099;1030.0;6848265.1;0.0;46057815.0;180.8;2307223.4;0.0;5924315.5;1045.7;9586171.2;0.0;46646527.4;4.910;228.585;0.985;1228.7;16487104.5;0.0;43635283.9;89.8;3105970.5;0.0;3758323.8;1232.0;18268668.9;0.0;44132542.1;5.611;228.563;0.997
Wed Dec  1 12:59:01 2021;1638359941.873099833;1831.0;31811508.6;0.0;130486284.9;1041.0;6979169.2;0.0;14998398.1;2106.2;37203602.5;0.0;131865709.5;0.869;50.000;400.6;10583570.5;0.0;42900647.2;495.5;2376405.6;0.0;6126196.5;637.2;12891555.2;0.0;43327105.5;3.479;229.533;0.629;598.7;6848277.9;0.0;46057815.0;308.4;2307227.8;0.0;5924315.5;673.4;9586184.9;0.0;46646527.4;3.470;229.026;0.889;831.7;16487121.5;0.0;43635283.9;237.1;3105973.4;0.0;3758323.8;864.9;18268686.2;0.0;44132542.1;4.092;228.978;0.962
Wed Dec  1 13:00:01 2021;1638360001.822748376;2033.4;31811540.3;0.0;130486284.9;1056.6;6979186.8;0.0;14998398.1;2291.5;37203638.7;0.0;131865709.5;0.887;49.974;493.9;10583577.6;0.0;42900647.2;501.0;2376413.9;0.0;6126196.5;703.5;12891566.2;0.0;43327105.5;3.741;229.074;0.702;660.1;6848288.3;0.0;46057815.0;312.3;2307233.0;0.0;5924315.5;730.3;9586196.5;0.0;46646527.4;3.695;228.667;0.904;879.3;16487135.7;0.0;43635283.9;243.3;3105977.4;0.0;3758323.8;912.3;18268701.0;0.0;44132542.1;4.303;228.425;0.964
Wed Dec  1 13:01:01 2021;1638360061.808333599;2370.3;31811578.0;0.0;130486284.9;1017.0;6979204.5;0.0;14998398.1;2579.3;37203680.4;0.0;131865709.5;0.919;49.998;640.3;10583587.4;0.0;42900647.2;472.1;2376422.1;0.0;6126196.5;795.5;12891578.9;0.0;43327105.5;4.119;229.699;0.805;784.3;6848300.7;0.0;46057815.0;317.9;2307238.5;0.0;5924315.5;846.3;9586210.2;0.0;46646527.4;4.166;229.332;0.927;945.7;16487151.2;0.0;43635283.9;226.9;3105981.4;0.0;3758323.8;972.6;18268717.0;0.0;44132542.1;4.558;229.144;0.972
Wed Dec  1 13:02:01 2021;1638360121.794657123;3062.5;31811623.2;0.0;130486284.9;821.3;6979220.5;0.0;14998398.1;3170.7;37203728.4;0.0;131865709.5;0.966;49.982;1117.1;10583603.9;0.0;42900647.2;280.9;2376428.1;0.0;6126196.5;1151.9;12891596.8;0.0;43327105.5;5.380;229.400;0.970;1018.4;6848314.2;0.0;46057815.0;279.1;2307244.2;0.0;5924315.5;1056.0;9586224.8;0.0;46646527.4;4.951;229.290;0.964;926.9;16487166.3;0.0;43635283.9;261.3;3105985.7;0.0;3758323.8;963.0;18268732.7;0.0;44132542.1;4.517;229.259;0.962
Wed Dec  1 13:03:01 2021;1638360181.781085161;1880.7;31811667.8;0.0;130486284.9;160.7;6979230.1;0.0;14998398.1;1887.5;37203774.1;0.0;131865709.5;0.996;49.983;716.6;10583620.4;0.0;42900647.2;61.7;2376431.3;0.0;6126196.5;719.2;12891613.7;0.0;43327105.5;3.574;229.369;0.996;627.3;6848329.1;0.0;46057815.0;53.1;2307247.5;0.0;5924315.5;629.5;9586240.1;0.0;46646527.4;3.248;229.220;0.996;536.8;16487179.6;0.0;43635283.9;45.9;3105988.8;0.0;3758323.8;538.8;18268746.4;0.0;44132542.1;2.836;229.211;0.996
Wed Dec  1 13:04:01 2021;1638360241.773040556;1067.6;31811690.7;0.0;130486284.9;0.0;6979230.1;379.3;14998402.6;1133.0;37203797.5;0.0;131865709.5;0.942;50.007;447.1;10583629.5;0.0;42900647.2;0.0;2376431.3;123.4;6126197.9;463.8;12891622.9;0.0;43327105.5;2.473;229.219;0.964;355.5;6848336.8;0.0;46057815.0;0.0;2307247.5;121.6;5924316.9;375.7;9586247.9;0.0;46646527.4;2.146;229.245;0.946;265.0;16487185.7;0.0;43635283.9;0.0;3105988.8;134.3;3758325.4;297.1;18268752.7;0.0;44132542.1;1.787;229.364;0.892
Wed Dec  1 13:05:01 2021;1638360301.773136003;814.1;31811704.8;0.0;130486284.9;0.0;6979230.1;372.3;14998408.9;895.2;37203813.0;0.0;131865709.5;0.909;50.003;351.1;10583635.6;0.0;42900647.2;0.0;2376431.3;116.0;6126199.9;369.8;12891629.3;0.0;43327105.5;2.136;228.462;0.950;279.6;6848341.6;0.0;46057815.0;0.0;2307247.5;123.9;5924319.0;305.9;9586253.2;0.0;46646527.4;1.913;229.951;0.914;183.4;16487188.9;0.0;43635283.9;0.0;3105988.8;132.4;3758327.7;226.1;18268756.7;0.0;44132542.1;1.543;229.733;0.811
Wed Dec  1 13:06:01 2021;1638360361.773641213;936.1;31811719.7;0.0;130486284.9;0.0;6979230.1;403.2;14998415.3;1019.2;37203829.2;0.0;131865709.5;0.918;50.008;385.4;10583641.9;0.0;42900647.2;0.0;2376431.3;129.3;6126201.9;406.5;12891635.9;0.0;43327105.5;2.259;228.223;0.948;322.3;6848346.7;0.0;46057815.0;0.0;2307247.5;131.7;5924321.2;348.1;9586258.7;0.0;46646527.4;2.050;229.510;0.926;228.4;16487192.4;0.0;43635283.9;0.0;3105988.8;142.3;3758330.0;269.1;18268760.9;0.0;44132542.1;1.686;229.461;0.849
Wed Dec  1 13:07:01 2021;1638360421.724846016;1169.7;31811737.3;0.0;130486284.9;0.0;6979230.1;422.1;14998422.2;1243.6;37203848.1;0.0;131865709.5;0.941;50.019;479.3;10583649.2;0.0;42900647.2;0.0;2376431.3;137.0;6126204.1;498.5;12891643.5;0.0;43327105.5;2.613;228.171;0.961;391.7;6848352.6;0.0;46057815.0;0.0;2307247.5;137.8;5924323.4;415.2;9586265.0;0.0;46646527.4;2.297;229.635;0.943;298.8;16487196.8;0.0;43635283.9;0.0;3105988.8;147.3;3758332.4;333.1;18268765.9;0.0;44132542.1;1.914;229.566;0.897
Wed Dec  1 13:08:01 2021;1638360481.716972556;1353.1;31811758.2;0.0;130486284.9;0.0;6979230.1;425.1;14998429.3;1418.3;37203870.1;0.0;131865709.5;0.954;49.996;545.8;10583657.7;0.0;42900647.2;0.0;2376431.3;138.4;6126206.4;563.1;12891652.4;0.0;43327105.5;2.854;228.369;0.969;451.6;6848359.6;0.0;46057815.0;0.0;2307247.5;141.2;5924325.8;473.2;9586272.4;0.0;46646527.4;2.497;229.735;0.954;355.7;16487202.2;0.0;43635283.9;0.0;3105988.8;145.5;3758334.8;384.3;18268771.8;0.0;44132542.1;2.095;229.664;0.926
Wed Dec  1 13:09:01 2021;1638360541.697437556;1469.5;31811782.0;0.0;130486284.9;0.0;6979230.1;449.8;14998436.7;1536.8;37203895.1;0.0;131865709.5;0.956;49.991;646.1;10583668.0;0.0;42900647.2;0.0;2376431.4;150.0;6126208.8;663.3;12891663.0;0.0;43327105.5;3.234;228.318;0.974;449.5;6848367.0;0.0;46057815.0;0.0;2307247.5;146.7;5924328.2;472.8;9586280.2;0.0;46646527.4;2.448;229.914;0.951;373.9;16487208.2;0.0;43635283.9;0.0;3105988.8;153.1;3758337.4;404.0;18268778.4;0.0;44132542.1;2.173;229.717;0.925
Wed Dec  1 13:10:01 2021;1638360601.682892460;1417.3;31811805.9;0.0;130486284.9;0.0;6979230.1;419.0;14998444.0;1477.9;37203920.1;0.0;131865709.5;0.959;50.002;621.9;10583678.4;0.0;42900647.2;0.0;2376431.4;139.4;6126211.2;637.3;12891673.7;0.0;43327105.5;3.124;228.635;0.976;434.8;6848374.4;0.0;46057815.0;0.0;2307247.5;140.0;5924330.7;456.7;9586288.0;0.0;46646527.4;2.375;229.952;0.952;360.7;16487214.3;0.0;43635283.9;0.0;3105988.8;139.6;3758339.8;386.8;18268784.9;0.0;44132542.1;2.108;229.902;0.933
Wed Dec  1 13:11:01 2021;1638360661.673749809;1444.7;31811829.7;0.0;130486284.9;0.0;6979230.1;375.4;14998450.7;1492.7;37203944.8;0.0;131865709.5;0.968;49.985;625.0;10583688.8;0.0;42900647.2;0.0;2376431.4;117.8;6126213.4;636.0;12891684.2;0.0;43327105.5;3.117;228.722;0.983;449.0;6848381.8;0.0;46057815.0;0.0;2307247.5;126.1;5924332.9;466.3;9586295.7;0.0;46646527.4;2.420;230.123;0.963;370.8;16487220.4;0.0;43635283.9;0.0;3105988.8;131.5;3758342.2;393.4;18268791.5;0.0;44132542.1;2.139;230.090;0.942
Wed Dec  1 13:12:01 2021;1638360721.673928830;1487.3;31811853.5;0.0;130486284.9;0.0;6979230.1;367.1;14998456.7;1531.9;37203969.4;0.0;131865709.5;0.971;50.001;646.2;10583699.1;0.0;42900647.2;0.0;2376431.4;119.9;6126215.2;657.2;12891694.7;0.0;43327105.5;3.207;229.119;0.983;458.2;6848389.1;0.0;46057815.0;0.0;2307247.5;122.6;5924334.9;474.3;9586303.3;0.0;46646527.4;2.466;230.575;0.966;382.9;16487226.5;0.0;43635283.9;0.0;3105988.8;124.6;3758344.3;402.7;18268797.9;0.0;44132542.1;2.182;230.518;0.951
Wed Dec  1 13:13:01 2021;1638360781.675055238;1847.8;31811880.6;0.0;130486284.9;0.0;6979230.2;176.6;14998462.7;1856.2;37203997.2;0.0;131865709.5;0.995;49.992;865.2;10583710.7;0.0;42900647.2;81.8;2376431.5;0.0;6126217.1;869.1;12891706.6;0.0;43327105.5;4.070;228.632;0.996;529.0;6848397.5;0.0;46057815.0;0.0;2307247.5;127.0;5924337.0;544.0;9586311.9;0.0;46646527.4;2.722;230.247;0.972;453.6;16487233.6;0.0;43635283.9;0.0;3105988.8;131.5;3758346.4;472.3;18268805.4;0.0;44132542.1;2.433;230.229;0.960
Wed Dec  1 13:14:01 2021;1638360841.626364954;1381.9;31811908.6;0.0;130486284.9;0.0;6979230.2;109.6;14998465.3;1386.2;37204025.2;0.0;131865709.5;0.997;49.975;694.4;10583724.1;0.0;42900647.2;106.7;2376433.1;0.0;6126217.1;702.6;12891720.0;0.0;43327105.5;3.396;228.628;0.988;382.5;6848405.4;0.0;46057815.0;0.0;2307247.5;105.4;5924339.0;396.8;9586320.1;0.0;46646527.4;2.190;230.183;0.964;304.9;16487240.3;0.0;43635283.9;0.0;3105988.8;110.9;3758348.5;324.4;18268812.3;0.0;44132542.1;1.901;230.249;0.940
Wed Dec  1 13:15:02 2021;1638360902.112464416;1048.1;31811927.1;0.0;130486284.9;0.0;6979230.2;90.4;14998466.9;1052.0;37204043.9;0.0;131865709.5;0.996;49.976;565.3;10583734.0;0.0;42900647.2;121.2;2376435.0;0.0;6126217.1;578.1;12891730.1;0.0;43327105.5;2.890;228.815;0.978;264.6;6848410.3;0.0;46057815.0;0.0;2307247.5;100.6;5924340.7;283.0;9586325.3;0.0;46646527.4;1.788;230.461;0.935;218.3;16487244.1;0.0;43635283.9;0.0;3105988.8;111.0;3758350.3;244.9;18268816.5;0.0;44132542.1;1.716;230.362;0.891
Wed Dec  1 13:16:01 2021;1638360961.598019791;1257.0;31811946.6;0.0;130486284.9;0.0;6979230.2;117.8;14998468.5;1262.5;37204063.4;0.0;131865709.5;0.996;49.981;635.0;10583744.0;0.0;42900647.2;105.7;2376436.9;0.0;6126217.1;643.7;12891740.3;0.0;43327105.5;3.151;228.547;0.986;334.2;6848415.5;0.0;46057815.0;0.0;2307247.5;106.5;5924342.4;350.8;9586330.7;0.0;46646527.4;2.012;230.018;0.953;287.8;16487248.5;0.0;43635283.9;0.0;3105988.8;116.9;3758352.2;310.7;18268821.3;0.0;44132542.1;1.920;230.079;0.926
Wed Dec  1 13:17:01 2021;1638361021.583972279;1387.0;31811968.1;0.0;130486284.9;0.0;6979230.2;111.5;14998470.5;1391.4;37204085.0;0.0;131865709.5;0.997;49.998;673.3;10583754.7;0.0;42900647.2;104.7;2376438.7;0.0;6126217.1;681.4;12891751.1;0.0;43327105.5;3.317;228.390;0.988;382.7;6848421.2;0.0;46057815.0;0.0;2307247.5;101.9;5924344.2;396.0;9586336.8;0.0;46646527.4;2.192;230.023;0.966;331.0;16487253.5;0.0;43635283.9;0.0;3105988.8;114.3;3758354.1;350.1;18268826.7;0.0;44132542.1;2.078;229.908;0.945
Wed Dec  1 13:18:01 2021;1638361081.573019770;1236.8;31811990.6;0.0;130486284.9;0.0;6979230.2;89.8;14998472.3;1240.0;37204107.6;0.0;131865709.5;0.997;49.974;619.6;10583765.7;0.0;42900647.2;112.9;2376440.4;0.0;6126217.1;629.8;12891762.2;0.0;43327105.5;3.113;228.101;0.984;332.9;6848427.4;0.0;46057815.0;0.0;2307247.5;97.9;5924345.9;347.0;9586343.2;0.0;46646527.4;2.018;229.657;0.959;284.3;16487258.8;0.0;43635283.9;0.0;3105988.8;104.7;3758356.0;302.9;18268832.3;0.0;44132542.1;1.914;229.579;0.938
Wed Dec  1 13:19:01 2021;1638361141.573126507;1331.8;31812011.5;0.0;130486284.9;0.0;6979230.2;86.3;14998473.8;1334.6;37204128.5;0.0;131865709.5;0.998;49.979;604.6;10583775.9;0.0;42900647.2;115.8;2376442.4;0.0;6126217.1;615.6;12891772.6;0.0;43327105.5;3.066;229.726;0.982;388.5;6848433.2;0.0;46057815.0;0.0;2307247.5;92.6;5924347.6;399.4;9586349.2;0.0;46646527.4;2.210;229.908;0.973;338.7;16487263.7;0.0;43635283.9;0.0;3105988.8;109.5;3758357.8;356.0;18268837.6;0.0;44132542.1;2.104;229.852;0.952
Wed Dec  1 13:20:01 2021;1638361201.573554388;1585.9;31812036.7;0.0;130486284.9;0.0;6979230.2;115.1;14998475.6;1590.1;37204153.8;0.0;131865709.5;0.997;49.991;692.4;10583787.0;0.0;42900647.2;103.2;2376444.1;0.0;6126217.1;700.1;12891783.9;0.0;43327105.5;3.391;230.021;0.989;471.7;6848440.6;0.0;46057815.0;0.0;2307247.5;102.9;5924349.3;482.8;9586356.8;0.0;46646527.4;2.512;230.120;0.977;421.8;16487270.4;0.0;43635283.9;0.0;3105988.8;115.5;3758359.7;437.3;18268844.4;0.0;44132542.1;2.394;230.121;0.965
Wed Dec  1 13:21:01 2021;1638361261.527557351;1802.3;31812064.9;0.0;130486284.9;0.0;6979230.2;121.8;14998477.6;1806.4;37204182.1;0.0;131865709.5;0.998;49.989;755.6;10583799.1;0.0;42900647.2;99.4;2376445.8;0.0;6126217.1;762.1;12891796.0;0.0;43327105.5;3.631;229.938;0.991;549.4;6848449.1;0.0;46057815.0;0.0;2307247.5;105.3;5924351.0;559.4;9586365.5;0.0;46646527.4;2.806;230.161;0.982;497.3;16487278.0;0.0;43635283.9;0.0;3105988.8;115.9;3758361.6;510.6;18268852.3;0.0;44132542.1;2.660;230.113;0.974
Wed Dec  1 13:22:01 2021;1638361321.513939397;1394.4;31812090.6;0.0;130486284.9;0.0;6979230.2;277.8;14998482.2;1421.9;37204208.2;0.0;131865709.5;0.981;49.975;500.8;10583808.6;0.0;42900647.2;0.0;2376446.0;79.2;6126218.3;507.0;12891805.8;0.0;43327105.5;2.651;229.087;0.988;473.4;6848457.6;0.0;46057815.0;0.0;2307247.5;95.4;5924352.7;482.9;9586374.2;0.0;46646527.4;2.501;230.413;0.980;420.3;16487285.6;0.0;43635283.9;0.0;3105988.8;103.2;3758363.4;432.8;18268860.1;0.0;44132542.1;2.364;230.212;0.971
Wed Dec  1 13:23:01 2021;1638361381.499079097;1508.9;31812115.1;0.0;130486284.9;0.0;6979230.2;300.1;14998487.0;1538.5;37204233.1;0.0;131865709.5;0.981;50.005;541.3;10583817.4;0.0;42900647.2;0.0;2376446.0;87.5;6126219.7;548.3;12891814.7;0.0;43327105.5;2.825;229.234;0.987;509.1;6848465.9;0.0;46057815.0;0.0;2307247.5;103.2;5924354.4;519.4;9586382.6;0.0;46646527.4;2.661;230.594;0.980;458.5;16487293.0;0.0;43635283.9;0.0;3105988.8;109.4;3758365.2;471.4;18268867.8;0.0;44132542.1;2.520;230.363;0.973
Wed Dec  1 13:24:01 2021;1638361441.486647803;1495.2;31812140.2;0.0;130486284.9;0.0;6979230.2;279.0;14998491.9;1521.0;37204258.7;0.0;131865709.5;0.983;49.994;531.4;10583826.4;0.0;42900647.2;0.0;2376446.0;83.2;6126221.2;537.9;12891823.7;0.0;43327105.5;2.768;229.154;0.988;506.6;6848474.4;0.0;46057815.0;0.0;2307247.5;91.3;5924356.1;514.8;9586391.3;0.0;46646527.4;2.630;230.604;0.984;457.2;16487300.7;0.0;43635283.9;0.0;3105988.8;104.5;3758366.9;469.0;18268875.6;0.0;44132542.1;2.501;230.345;0.975
Wed Dec  1 13:25:01 2021;1638361501.472842207;1442.2;31812165.0;0.0;130486284.9;0.0;6979230.2;274.3;14998496.6;1468.1;37204283.9;0.0;131865709.5;0.982;49.998;508.7;10583835.2;0.0;42900647.2;0.0;2376446.0;77.5;6126222.5;514.6;12891832.6;0.0;43327105.5;2.689;228.989;0.989;490.7;6848482.8;0.0;46057815.0;0.0;2307247.5;90.3;5924357.7;499.0;9586399.8;0.0;46646527.4;2.578;230.349;0.983;442.7;16487308.2;0.0;43635283.9;0.0;3105988.8;106.6;3758368.7;455.4;18268883.4;0.0;44132542.1;2.468;230.154;0.972
Wed Dec  1 13:26:01 2021;1638361561.473141242;1421.5;31812188.2;0.0;130486284.9;0.0;6979230.2;276.3;14998501.0;1448.1;37204307.5;0.0;131865709.5;0.982;50.031;527.0;10583843.7;0.0;42900647.2;0.0;2376446.1;79.1;6126223.7;532.9;12891841.2;0.0;43327105.5;2.766;229.114;0.989;471.0;6848490.5;0.0;46057815.0;0.0;2307247.5;92.4;5924359.2;480.0;9586407.7;0.0;46646527.4;2.516;230.470;0.981;423.4;16487315.2;0.0;43635283.9;0.0;3105988.8;104.7;3758370.4;436.2;18268890.5;0.0;44132542.1;2.397;230.399;0.971
Wed Dec  1 13:27:01 2021;1638361621.473033749;1457.5;31812212.6;0.0;130486284.9;0.0;6979230.2;266.0;14998505.5;1481.6;37204332.4;0.0;131865709.5;0.984;50.006;537.0;10583852.8;0.0;42900647.2;0.0;2376446.1;75.2;6126225.0;542.3;12891850.4;0.0;43327105.5;2.799;229.002;0.990;487.3;6848498.6;0.0;46057815.0;0.0;2307247.5;89.0;5924360.7;495.3;9586415.9;0.0;46646527.4;2.578;230.511;0.984;433.2;16487322.5;0.0;43635283.9;0.0;3105988.8;101.7;3758372.1;445.0;18268898.0;0.0;44132542.1;2.431;230.393;0.974
Wed Dec  1 13:28:01 2021;1638361681.929049677;2008.9;31812239.2;0.0;130486284.9;0.0;6979230.2;299.5;14998510.1;2031.1;37204359.4;0.0;131865709.5;0.989;49.990;632.9;10583862.5;0.0;42900647.2;0.0;2376446.1;86.8;6126226.3;638.9;12891860.2;0.0;43327105.5;3.167;228.945;0.991;571.6;6848507.3;0.0;46057815.0;0.0;2307247.5;96.5;5924362.3;579.6;9586424.8;0.0;46646527.4;2.894;230.320;0.986;804.4;16487330.6;0.0;43635283.9;0.0;3105988.8;116.3;3758373.8;812.8;18268906.4;0.0;44132542.1;3.843;230.141;0.990
Wed Dec  1 13:29:01 2021;1638361741.914348678;5766.6;31812310.5;0.0;130486284.9;2703.9;6979257.6;0.0;14998512.0;6369.0;37204437.0;0.0;131865709.5;0.905;50.015;1861.5;10583885.4;0.0;42900647.2;969.8;2376455.8;0.0;6126226.9;2098.9;12891885.5;0.0;43327105.5;9.290;228.194;0.887;1799.5;6848529.3;0.0;46057815.0;859.2;2307256.2;0.0;5924362.9;1994.1;9586448.8;0.0;46646527.4;8.794;229.520;0.902;2105.6;16487357.1;0.0;43635283.9;875.0;3105997.7;0.0;3758374.6;2280.2;18268934.7;0.0;44132542.1;10.034;229.290;0.923
Wed Dec  1 13:30:01 2021;1638361801.902302572;5942.2;31812408.9;0.0;130486284.9;2749.1;6979303.0;0.0;14998512.0;6547.3;37204545.4;0.0;131865709.5;0.908;50.002;1895.9;10583917.1;0.0;42900647.2;988.5;2376472.2;0.0;6126226.9;2138.1;12891921.3;0.0;43327105.5;9.458;228.134;0.887;1872.8;6848560.0;0.0;46057815.0;871.4;2307270.6;0.0;5924362.9;2065.6;9586482.8;0.0;46646527.4;9.106;229.494;0.907;2173.6;16487393.0;0.0;43635283.9;889.2;3106012.4;0.0;3758374.6;2348.5;18268973.5;0.0;44132542.1;10.333;229.192;0.926
Wed Dec  1 13:31:01 2021;1638361861.886550061;5948.6;31812508.6;0.0;130486284.9;2788.6;6979349.1;0.0;14998512.0;6569.8;37204655.3;0.0;131865709.5;0.905;49.995;1935.2;10583949.6;0.0;42900647.2;1004.9;2376489.0;0.0;6126226.9;2180.6;12891957.8;0.0;43327105.5;9.609;228.953;0.887;1851.1;6848591.0;0.0;46057815.0;901.4;2307285.5;0.0;5924362.9;2058.9;9586517.1;0.0;46646527.4;9.090;228.928;0.899;2162.3;16487429.4;0.0;43635283.9;882.3;3106026.9;0.0;3758374.6;2335.4;18269012.6;0.0;44132542.1;10.292;228.688;0.926
Wed Dec  1 13:32:01 2021;1638361921.873772978;5921.9;31812607.6;0.0;130486284.9;2798.2;6979395.8;0.0;14998512.0;6549.7;37204764.7;0.0;131865709.5;0.904;49.983;1934.3;10583981.8;0.0;42900647.2;1020.9;2376505.9;0.0;6126226.9;2187.2;12891994.2;0.0;43327105.5;9.643;228.938;0.884;1831.2;6848621.6;0.0;46057815.0;906.8;2307300.6;0.0;5924362.9;2043.5;9586551.3;0.0;46646527.4;9.033;228.770;0.896;2156.3;16487465.4;0.0;43635283.9;870.5;3106041.5;0.0;3758374.6;2325.4;18269051.5;0.0;44132542.1;10.259;228.568;0.927
Wed Dec  1 13:33:01 2021;1638361981.873634640;1620.7;31812687.6;0.0;130486284.9;0.0;6979430.7;183.1;14998512.8;1631.0;37204852.7;0.0;131865709.5;0.994;49.977;512.2;10584007.8;0.0;42900647.2;0.0;2376518.6;38.9;6126227.0;513.7;12892023.4;0.0;43327105.5;2.716;228.995;0.997;441.8;6848646.2;0.0;46057815.0;0.0;2307311.9;57.6;5924363.2;445.5;9586578.5;0.0;46646527.4;2.413;228.777;0.992;666.7;16487494.9;0.0;43635283.9;0.0;3106052.3;86.6;3758374.9;672.3;18269083.1;0.0;44132542.1;3.307;228.548;0.992
Wed Dec  1 13:34:01 2021;1638362041.873682036;1584.5;31812713.9;0.0;130486284.9;0.0;6979430.7;196.1;14998515.8;1596.5;37204879.1;0.0;131865709.5;0.992;49.993;594.4;10584016.5;0.0;42900647.2;0.0;2376518.6;50.3;6126227.7;596.5;12892032.1;0.0;43327105.5;3.033;228.788;0.996;517.7;6848653.7;0.0;46057815.0;0.0;2307311.9;67.3;5924364.1;522.0;9586586.1;0.0;46646527.4;2.711;228.659;0.992;472.4;16487504.9;0.0;43635283.9;0.0;3106052.3;78.5;3758376.3;478.9;18269093.3;0.0;44132542.1;2.592;228.627;0.986
Wed Dec  1 13:35:01 2021;1638362101.831305253;1751.5;31812742.8;0.0;130486284.9;0.0;6979430.7;195.1;14998519.1;1762.4;37204908.3;0.0;131865709.5;0.994;49.976;651.7;10584027.3;0.0;42900647.2;0.0;2376518.6;49.9;6126228.6;653.6;12892042.9;0.0;43327105.5;3.236;228.947;0.997;574.2;6848663.1;0.0;46057815.0;0.0;2307311.9;64.7;5924365.2;577.9;9586595.6;0.0;46646527.4;2.908;228.777;0.994;525.6;16487513.7;0.0;43635283.9;0.0;3106052.3;80.5;3758377.6;531.7;18269102.1;0.0;44132542.1;2.777;228.930;0.988
Wed Dec  1 13:36:01 2021;1638362161.816745868;1635.6;31812771.6;0.0;130486284.9;0.0;6979430.7;166.1;14998522.1;1644.0;37204937.2;0.0;131865709.5;0.995;49.987;602.9;10584038.0;0.0;42900647.2;0.0;2376518.6;41.5;6126229.4;604.3;12892053.7;0.0;43327105.5;3.056;228.913;0.998;539.0;6848672.5;0.0;46057815.0;0.0;2307311.9;54.5;5924366.2;541.7;9586605.0;0.0;46646527.4;2.774;228.894;0.995;493.6;16487522.3;0.0;43635283.9;0.0;3106052.3;70.2;3758378.9;498.6;18269110.9;0.0;44132542.1;2.658;228.861;0.990
Wed Dec  1 13:37:01 2021;1638362221.802763502;1667.1;31812797.7;0.0;130486284.9;0.0;6979430.7;167.8;14998524.7;1675.5;37204963.4;0.0;131865709.5;0.995;49.999;623.0;10584047.8;0.0;42900647.2;0.0;2376518.6;43.3;6126230.0;624.5;12892063.5;0.0;43327105.5;3.133;228.817;0.998;544.9;6848681.0;0.0;46057815.0;0.0;2307311.9;58.1;5924367.1;548.0;9586613.6;0.0;46646527.4;2.800;228.817;0.994;499.2;16487530.1;0.0;43635283.9;0.0;3106052.3;66.4;3758380.0;503.6;18269118.7;0.0;44132542.1;2.677;228.868;0.991
Wed Dec  1 13:38:01 2021;1638362281.789396652;1919.5;31812828.1;0.0;130486284.9;0.0;6979430.7;172.5;14998527.5;1927.2;37204993.9;0.0;131865709.5;0.996;49.966;712.4;10584059.1;0.0;42900647.2;0.0;2376518.6;46.6;6126230.7;713.9;12892074.8;0.0;43327105.5;3.491;228.428;0.998;627.4;6848690.9;0.0;46057815.0;0.0;2307311.9;56.9;5924368.0;630.0;9586623.5;0.0;46646527.4;3.123;228.624;0.996;579.6;16487539.3;0.0;43635283.9;0.0;3106052.3;69.1;3758381.1;583.7;18269128.0;0.0;44132542.1;2.983;228.392;0.993
Wed Dec  1 13:39:01 2021;1638362341.775120702;1820.2;31812859.6;0.0;130486284.9;0.0;6979430.8;147.3;14998530.1;1826.1;37205025.6;0.0;131865709.5;0.997;49.969;727.0;10584071.3;0.0;42900647.2;0.0;2376518.7;34.2;6126231.4;727.9;12892087.1;0.0;43327105.5;3.532;228.551;0.999;570.1;6848701.0;0.0;46057815.0;0.0;2307311.9;53.4;5924368.9;572.6;9586633.6;0.0;46646527.4;2.903;228.523;0.996;523.0;16487548.6;0.0;43635283.9;0.0;3106052.3;59.7;3758382.2;526.4;18269137.4;0.0;44132542.1;2.768;228.507;0.994
Wed Dec  1 13:40:01 2021;1638362401.773645943;1884.5;31812890.3;0.0;130486284.9;0.0;6979430.8;148.5;14998532.6;1890.3;37205056.4;0.0;131865709.5;0.997;49.969;737.7;10584083.6;0.0;42900647.2;0.0;2376518.7;37.9;6126232.0;738.7;12892099.4;0.0;43327105.5;3.572;228.680;0.999;595.9;6848710.5;0.0;46057815.0;0.0;2307311.9;49.6;5924369.7;598.0;9586643.2;0.0;46646527.4;3.006;228.628;0.997;550.9;16487557.4;0.0;43635283.9;0.0;3106052.3;61.0;3758383.2;554.2;18269146.2;0.0;44132542.1;2.877;228.602;0.994
Wed Dec  1 13:41:01 2021;1638362461.773789023;2125.6;31812924.5;0.0;130486284.9;0.0;6979430.8;174.7;14998535.3;2132.8;37205090.7;0.0;131865709.5;0.997;49.988;818.7;10584097.1;0.0;42900647.2;0.0;2376518.7;50.5;6126232.8;820.3;12892112.9;0.0;43327105.5;3.894;228.689;0.998;676.2;6848721.3;0.0;46057815.0;0.0;2307311.9;58.1;5924370.6;678.7;9586654.0;0.0;46646527.4;3.329;228.702;0.996;630.6;16487567.3;0.0;43635283.9;0.0;3106052.3;66.1;3758384.3;634.1;18269156.2;0.0;44132542.1;3.189;228.609;0.995
Wed Dec  1 13:42:01 2021;1638362521.732109827;2340.7;31812961.8;0.0;130486284.9;0.0;6979430.8;197.5;14998538.4;2349.0;37205128.1;0.0;131865709.5;0.996;49.975;917.9;10584111.6;0.0;42900647.2;0.0;2376518.7;60.1;6126233.8;919.8;12892127.4;0.0;43327105.5;4.318;229.003;0.998;737.7;6848733.1;0.0;46057815.0;0.0;2307311.9;65.6;5924371.6;740.6;9586665.8;0.0;46646527.4;3.574;229.089;0.996;685.2;16487578.3;0.0;43635283.9;0.0;3106052.3;71.8;3758385.4;688.9;18269167.2;0.0;44132542.1;3.395;229.050;0.995
Wed Dec  1 13:43:01 2021;1638362581.718031269;2322.5;31813000.9;0.0;130486284.9;0.0;6979430.8;170.7;14998541.5;2328.7;37205167.3;0.0;131865709.5;0.997;49.995;909.2;10584127.1;0.0;42900647.2;0.0;2376518.7;50.5;6126234.7;910.6;12892143.0;0.0;43327105.5;4.281;228.828;0.998;729.8;6848745.3;0.0;46057815.0;0.0;2307311.9;55.6;5924372.6;731.9;9586678.1;0.0;46646527.4;3.539;228.796;0.997;683.5;16487589.7;0.0;43635283.9;0.0;3106052.3;64.6;3758386.5;686.6;18269178.7;0.0;44132542.1;3.386;228.864;0.996
Wed Dec  1 13:44:01 2021;1638362641.703917308;2304.5;31813039.4;0.0;130486284.9;0.0;6979430.8;159.3;14998544.1;2310.0;37205205.9;0.0;131865709.5;0.998;49.955;910.4;10584142.1;0.0;42900647.2;0.0;2376518.7;44.4;6126235.5;911.5;12892158.0;0.0;43327105.5;4.283;229.104;0.999;720.3;6848757.5;0.0;46057815.0;0.0;2307311.9;54.4;5924373.5;722.3;9586690.3;0.0;46646527.4;3.503;228.987;0.997;673.8;16487601.0;0.0;43635283.9;0.0;3106052.3;60.5;3758387.5;676.5;18269190.1;0.0;44132542.1;3.349;228.890;0.996
Wed Dec  1 13:45:02 2021;1638362702.190306988;2004.8;31813075.6;0.0;130486284.9;0.0;6979430.8;124.2;14998546.5;2008.7;37205242.2;0.0;131865709.5;0.998;49.978;787.9;10584156.3;0.0;42900647.2;0.0;2376518.7;35.7;6126236.1;788.8;12892172.2;0.0;43327105.5;3.787;229.165;0.999;632.5;6848768.9;0.0;46057815.0;0.0;2307311.9;36.9;5924374.3;633.6;9586701.8;0.0;46646527.4;3.164;229.050;0.998;584.4;16487611.6;0.0;43635283.9;0.0;3106052.3;51.7;3758388.4;586.7;18269200.7;0.0;44132542.1;3.014;228.952;0.996
Wed Dec  1 13:46:01 2021;1638362761.675957787;1667.4;31813108.3;0.0;130486284.9;0.0;6979430.8;349.7;14998548.5;1703.7;37205274.9;0.0;131865709.5;0.979;49.988;695.5;10584169.3;0.0;42900647.2;0.0;2376518.7;108.9;6126236.7;704.0;12892185.1;0.0;43327105.5;3.406;229.551;0.988;501.6;6848779.2;0.0;46057815.0;0.0;2307311.9;117.4;5924374.9;515.1;9586712.1;0.0;46646527.4;2.615;229.680;0.974;470.3;16487621.1;0.0;43635283.9;0.0;3106052.3;123.3;3758389.3;486.2;18269210.2;0.0;44132542.1;2.571;229.482;0.967
Wed Dec  1 13:47:01 2021;1638362821.673205117;0.0;31813109.4;207.3;130486289.0;0.0;6979430.8;868.3;14998562.5;0.0;37205276.4;892.7;131865723.4;-0.232;49.980;72.6;10584171.0;0.0;42900647.2;0.0;2376518.7;273.9;6126241.1;283.3;12892190.2;0.0;43327105.5;1.731;229.194;0.256;0.0;6848779.4;168.1;46057818.1;0.0;2307311.9;302.4;5924379.8;0.0;9586712.5;346.0;46646533.0;1.723;229.184;-0.486;0.0;16487621.4;111.9;43635286.1;0.0;3106052.3;292.0;3758394.0;0.0;18269210.6;312.7;44132547.1;1.811;229.184;-0.358
Wed Dec  1 13:48:01 2021;1638362881.672788940;0.0;31813109.4;185.9;130486292.3;0.0;6979430.8;881.0;14998577.1;0.0;37205276.4;900.4;131865738.2;-0.206;49.979;93.9;10584172.7;0.0;42900647.2;0.0;2376518.7;284.4;6126245.8;299.5;12892195.2;0.0;43327105.5;1.821;229.777;0.313;0.0;6848779.4;152.7;46057820.8;0.0;2307311.9;305.1;5924384.8;0.0;9586712.5;341.2;46646538.7;1.708;229.804;-0.448;0.0;16487621.4;127.0;43635288.4;0.0;3106052.3;291.5;3758398.8;0.0;18269210.6;318.0;44132552.4;1.726;229.692;-0.399
Wed Dec  1 13:49:01 2021;1638362941.634236079;0.0;31813109.4;190.0;130486295.2;0.0;6979430.8;894.2;14998591.8;0.0;37205276.4;914.2;131865753.3;-0.208;50.004;43.4;10584174.0;0.0;42900647.2;0.0;2376518.7;286.5;6126250.5;289.8;12892200.1;0.0;43327105.5;1.783;230.255;0.150;0.0;6848779.4;131.3;46057823.1;0.0;2307311.9;311.0;5924389.9;0.0;9586712.5;337.6;46646544.3;1.693;229.820;-0.389;0.0;16487621.4;102.2;43635290.3;0.0;3106052.3;296.7;3758403.7;0.0;18269210.6;313.8;44132557.7;1.711;229.791;-0.326
Wed Dec  1 13:50:01 2021;1638363001.620117867;0.0;31813109.4;105.0;130486297.5;0.0;6979430.8;909.3;14998606.8;0.0;37205276.4;915.3;131865768.5;-0.115;50.010;72.1;10584174.9;0.0;42900647.2;0.0;2376518.7;295.9;6126255.4;304.5;12892205.0;0.0;43327105.5;1.839;230.488;0.237;0.0;6848779.4;100.1;46057825.0;0.0;2307311.9;311.5;5924395.1;0.0;9586712.5;327.2;46646549.8;1.651;229.965;-0.306;0.0;16487621.4;77.1;43635291.7;0.0;3106052.3;302.0;3758408.8;0.0;18269210.6;311.6;44132562.9;1.698;229.725;-0.247
Wed Dec  1 13:51:01 2021;1638363061.606389448;0.0;31813109.4;155.5;130486299.3;0.0;6979430.8;893.8;14998621.8;0.0;37205276.4;907.2;131865783.6;-0.171;50.000;46.1;10584176.0;0.0;42900647.2;0.0;2376518.7;290.0;6126260.2;293.6;12892210.0;0.0;43327105.5;1.773;230.264;0.157;0.0;6848779.4;115.3;46057826.7;0.0;2307311.9;306.6;5924400.2;0.0;9586712.5;327.6;46646555.2;1.646;229.539;-0.352;0.0;16487621.4;86.3;43635292.9;0.0;3106052.3;297.1;3758413.8;0.0;18269210.6;309.4;44132568.1;1.678;229.654;-0.279
Wed Dec  1 13:52:02 2021;1638363122.092063548;0.0;31813109.8;135.9;130486302.1;0.0;6979430.8;893.3;14998636.3;0.0;37205277.2;903.6;131865797.7;-0.150;50.002;96.4;10584177.4;0.0;42900647.2;0.0;2376518.8;294.6;6126264.7;310.0;12892215.2;0.0;43327105.5;1.830;230.192;0.311;0.0;6848779.4;130.4;46057828.8;0.0;2307311.9;301.4;5924405.3;0.0;9586712.5;328.4;46646560.7;1.648;229.566;-0.397;0.0;16487621.4;101.8;43635294.6;0.0;3106052.3;297.3;3758418.7;0.0;18269210.6;314.3;44132573.3;1.700;229.755;-0.324
Wed Dec  1 13:53:01 2021;1638363181.577413952;0.0;31813109.8;43.9;130486303.4;0.0;6979430.8;914.8;14998651.4;0.0;37205277.2;915.8;131865812.8;-0.048;50.022;128.0;10584179.5;0.0;42900647.2;0.0;2376518.8;303.0;6126269.7;329.0;12892220.6;0.0;43327105.5;1.893;229.606;0.389;0.0;6848779.4;97.3;46057830.7;0.0;2307311.9;312.1;5924410.4;0.0;9586712.5;326.9;46646566.2;1.650;229.409;-0.298;0.0;16487621.4;74.7;43635296.1;0.0;3106052.3;299.6;3758423.7;0.0;18269210.6;308.8;44132578.5;1.684;229.505;-0.242
Wed Dec  1 13:54:01 2021;1638363241.573576182;0.0;31813109.8;51.4;130486303.8;0.0;6979430.8;911.7;14998666.5;0.0;37205277.5;913.1;131865827.7;-0.056;50.028;126.6;10584181.7;0.0;42900647.2;0.0;2376518.8;301.7;6126274.8;327.2;12892226.2;0.0;43327105.5;1.904;229.769;0.387;0.0;6848779.4;102.8;46057832.2;0.0;2307311.9;311.6;5924415.6;0.0;9586712.5;328.1;46646571.6;1.655;229.644;-0.313;0.0;16487621.4;75.3;43635297.2;0.0;3106052.3;298.3;3758428.7;0.0;18269210.6;307.7;44132583.6;1.683;229.754;-0.245
Wed Dec  1 13:55:01 2021;1638363301.573882259;24.2;31813109.8;0.0;130486304.2;0.0;6979430.8;916.8;14998681.7;917.1;37205281.8;0.0;131865838.6;0.026;50.026;156.0;10584184.0;0.0;42900647.2;0.0;2376518.8;305.7;6126279.8;343.2;12892231.7;0.0;43327105.5;1.955;229.564;0.455;0.0;6848779.4;77.3;46057833.7;0.0;2307311.9;311.5;5924420.7;0.0;9586712.5;321.0;46646576.9;1.621;229.392;-0.241;0.0;16487621.4;54.4;43635298.3;0.0;3106052.3;299.6;3758433.6;0.0;18269210.6;304.5;44132588.7;1.665;229.458;-0.179
Wed Dec  1 13:56:02 2021;1638363362.036481409;0.0;31813110.2;67.7;130486304.2;0.0;6979430.8;891.0;14998697.0;0.0;37205296.1;893.6;131865839.6;-0.076;50.030;82.5;10584186.7;0.0;42900647.2;0.0;2376518.8;285.7;6126284.9;297.4;12892237.5;0.0;43327105.5;1.749;229.378;0.277;0.0;6848779.4;87.5;46057835.0;0.0;2307311.9;308.6;5924425.9;0.0;9586712.5;320.8;46646582.3;1.620;229.069;-0.273;0.0;16487621.4;62.7;43635299.2;0.0;3106052.3;296.7;3758438.6;0.0;18269210.6;303.3;44132593.7;1.662;229.102;-0.207
Wed Dec  1 13:57:02 2021;1638363422.022389605;0.0;31813110.2;75.5;130486305.4;0.0;6979430.8;898.7;14998711.8;0.0;37205296.1;901.8;131865854.4;-0.084;50.006;74.9;10584187.9;0.0;42900647.2;0.0;2376518.8;286.4;6126289.6;296.1;12892242.4;0.0;43327105.5;1.754;229.412;0.253;0.0;6848779.4;88.9;46057836.5;0.0;2307311.9;309.1;5924431.1;0.0;9586712.5;321.6;46646587.6;1.632;229.143;-0.276;0.0;16487621.4;61.6;43635300.3;0.0;3106052.3;303.2;3758443.6;0.0;18269210.6;309.4;44132598.8;1.687;229.409;-0.199
Wed Dec  1 13:58:02 2021;1638363482.007992882;38.1;31813110.4;0.0;130486305.9;0.0;6979430.8;914.5;14998726.8;915.3;37205302.0;0.0;131865863.5;0.042;50.048;120.1;10584189.6;0.0;42900647.2;0.0;2376518.8;294.2;6126294.4;317.8;12892247.4;0.0;43327105.5;1.820;229.256;0.378;0.0;6848779.4;54.8;46057837.7;0.0;2307311.9;314.3;5924436.2;0.0;9586712.5;319.0;46646593.0;1.613;228.859;-0.172;0.0;16487621.4;27.3;43635301.0;0.0;3106052.3;306.1;3758448.6;0.0;18269210.6;307.3;44132603.9;1.671;228.892;-0.089
Wed Dec  1 13:59:01 2021;1638363541.993788983;103.3;31813111.6;0.0;130486305.9;0.0;6979430.8;925.2;14998742.1;930.9;37205317.4;0.0;131865863.5;0.111;50.029;181.1;10584192.1;0.0;42900647.2;0.0;2376518.8;307.5;6126299.4;356.9;12892253.1;0.0;43327105.5;1.975;229.460;0.507;0.0;6848779.4;53.4;46057838.6;0.0;2307311.9;311.7;5924441.4;0.0;9586712.5;316.3;46646598.2;1.602;228.939;-0.169;0.0;16487621.4;24.4;43635301.5;0.0;3106052.3;305.9;3758453.7;0.0;18269210.6;306.9;44132609.0;1.669;229.358;-0.079
Wed Dec  1 14:00:01 2021;1638363601.979894324;37.6;31813112.9;0.0;130486305.9;0.0;6979430.8;905.5;14998757.4;906.3;37205332.7;0.0;131865863.5;0.042;50.003;146.8;10584194.9;0.0;42900647.2;0.0;2376518.8;299.8;6126304.5;333.8;12892258.8;0.0;43327105.5;1.872;229.841;0.440;0.0;6848779.4;68.4;46057839.6;0.0;2307311.9;303.6;5924446.6;0.0;9586712.5;311.2;46646603.5;1.580;229.010;-0.220;0.0;16487621.4;40.7;43635302.0;0.0;3106052.3;302.1;3758458.8;0.0;18269210.6;304.8;44132614.1;1.659;229.482;-0.134
Wed Dec  1 14:01:01 2021;1638363661.973852109;6.0;31813112.9;0.0;130486306.5;0.0;6979430.8;917.9;14998772.5;918.0;37205335.5;0.0;131865875.9;0.006;50.015;146.8;10584197.0;0.0;42900647.2;0.0;2376518.8;305.2;6126309.5;338.7;12892264.3;0.0;43327105.5;1.914;229.998;0.433;0.0;6848779.4;83.8;46057841.2;0.0;2307311.9;309.8;5924451.7;0.0;9586712.5;320.9;46646608.8;1.628;229.381;-0.261;0.0;16487621.4;57.0;43635303.1;0.0;3106052.3;303.0;3758463.8;0.0;18269210.6;308.3;44132619.2;1.677;229.708;-0.185
Wed Dec  1 14:02:01 2021;1638363721.982235756;222.1;31813114.9;0.0;130486306.5;0.0;6979430.8;938.0;14998788.0;963.9;37205351.1;0.0;131865875.9;0.230;49.985;218.8;10584200.1;0.0;42900647.2;0.0;2376518.8;312.3;6126314.7;381.3;12892270.3;0.0;43327105.5;2.033;229.987;0.574;0.0;6848779.4;10.3;46057841.9;0.0;2307311.9;315.6;5924456.9;0.0;9586712.5;315.8;46646614.1;1.581;229.128;-0.033;13.6;16487621.4;0.0;43635303.5;0.0;3106052.3;310.0;3758468.9;310.3;18269211.7;0.0;44132623.3;1.653;229.494;0.044
Wed Dec  1 14:03:01 2021;1638363781.973944408;232.8;31813119.3;0.0;130486306.5;0.0;6979430.8;935.1;14998803.8;963.6;37205367.5;0.0;131865875.9;0.242;49.976;216.0;10584203.9;0.0;42900647.2;0.0;2376518.8;309.3;6126319.9;377.3;12892276.8;0.0;43327105.5;2.000;230.148;0.573;0.0;6848779.5;4.0;46057841.9;0.0;2307311.9;316.0;5924462.2;0.0;9586716.4;316.1;46646615.5;1.565;229.428;-0.013;20.8;16487621.9;0.0;43635303.5;0.0;3106052.3;309.7;3758474.1;310.4;18269216.9;0.0;44132623.3;1.636;229.747;0.067
Wed Dec  1 14:04:01 2021;1638363841.923799797;135.3;31813121.9;0.0;130486306.5;0.0;6979430.8;924.2;14998819.2;934.0;37205383.2;0.0;131865875.9;0.145;49.994;184.4;10584207.1;0.0;42900647.2;0.0;2376518.8;309.0;6126325.1;359.8;12892282.8;0.0;43327105.5;1.926;230.409;0.512;0.0;6848779.5;33.9;46057842.4;0.0;2307311.9;313.6;5924467.5;0.0;9586716.4;315.4;46646620.7;1.561;229.510;-0.107;0.0;16487621.9;15.2;43635303.6;0.0;3106052.3;301.6;3758479.2;0.0;18269218.9;301.9;44132626.4;1.605;229.662;-0.050
Wed Dec  1 14:05:01 2021;1638363901.908184841;497.8;31813125.6;0.0;130486306.5;0.0;6979430.8;973.1;14998835.0;1093.0;37205399.4;0.0;131865875.9;0.455;50.013;234.7;10584210.6;0.0;42900647.2;0.0;2376518.8;323.9;6126330.3;400.0;12892289.1;0.0;43327105.5;2.056;230.699;0.587;25.0;6848779.7;0.0;46057842.6;0.0;2307311.9;323.7;5924472.8;324.7;9586718.3;0.0;46646624.1;1.623;229.760;0.077;238.2;16487622.2;0.0;43635303.6;0.0;3106052.3;325.4;3758484.3;403.3;18269222.7;0.0;44132627.8;1.968;229.832;0.591
Wed Dec  1 14:06:01 2021;1638363961.893657615;4124.0;31813168.1;0.0;130486306.5;2077.9;6979449.9;0.0;14998842.1;4617.9;37205450.6;0.0;131865875.9;0.893;50.002;1415.4;10584225.5;0.0;42900647.2;779.6;2376526.0;0.0;6126332.7;1615.9;12892307.1;0.0;43327105.5;7.087;230.097;0.876;1155.7;6848790.6;0.0;46057842.6;659.8;2307318.0;0.0;5924475.2;1330.7;9586733.1;0.0;46646624.1;5.854;229.163;0.868;1553.0;16487638.8;0.0;43635303.6;638.5;3106058.2;0.0;3758486.7;1679.1;18269241.6;0.0;44132627.8;7.359;229.371;0.925
Wed Dec  1 14:07:01 2021;1638364021.879727328;4001.2;31813238.0;0.0;130486306.5;2143.6;6979485.0;0.0;14998842.1;4539.2;37205528.8;0.0;131865875.9;0.881;50.002;1411.5;10584250.6;0.0;42900647.2;805.4;2376539.1;0.0;6126332.7;1625.2;12892335.5;0.0;43327105.5;7.175;230.041;0.869;1098.4;6848809.7;0.0;46057842.6;680.9;2307329.1;0.0;5924475.2;1292.3;9586755.2;0.0;46646624.1;5.702;229.138;0.850;1491.3;16487664.5;0.0;43635303.6;657.3;3106069.0;0.0;3758486.7;1629.7;18269269.4;0.0;44132627.8;7.158;229.295;0.915
Wed Dec  1 14:08:01 2021;1638364081.873705769;3742.2;31813300.4;0.0;130486306.5;2166.1;6979521.3;0.0;14998842.1;4323.8;37205601.0;0.0;131865875.9;0.865;49.993;1239.7;10584271.3;0.0;42900647.2;820.4;2376553.0;0.0;6126332.7;1486.6;12892360.4;0.0;43327105.5;6.570;229.360;0.834;1052.6;6848827.2;0.0;46057842.6;687.5;2307340.6;0.0;5924475.2;1257.2;9586776.1;0.0;46646624.1;5.568;228.540;0.837;1449.8;16487688.8;0.0;43635303.6;658.2;3106080.0;0.0;3758486.7;1592.2;18269296.0;0.0;44132627.8;7.017;228.680;0.911
Wed Dec  1 14:09:01 2021;1638364141.873746323;3929.8;31813364.5;0.0;130486306.5;2161.7;6979557.4;0.0;14998842.1;4485.1;37205674.6;0.0;131865875.9;0.876;50.014;1304.4;10584292.7;0.0;42900647.2;814.0;2376566.7;0.0;6126332.7;1537.6;12892385.8;0.0;43327105.5;6.789;229.299;0.848;1112.4;6848845.1;0.0;46057842.6;682.3;2307352.0;0.0;5924475.2;1305.0;9586797.4;0.0;46646624.1;5.767;228.695;0.852;1513.0;16487713.6;0.0;43635303.6;665.3;3106091.0;0.0;3758486.7;1652.8;18269323.1;0.0;44132627.8;7.276;228.713;0.915
Wed Dec  1 14:10:01 2021;1638364201.873714567;161.9;31813423.5;0.0;130486306.5;0.0;6979588.3;899.4;14998844.1;913.8;37205742.9;0.0;131865875.9;0.177;49.981;119.9;10584313.2;0.0;42900647.2;0.0;2376578.5;294.4;6126333.4;317.8;12892409.9;0.0;43327105.5;1.841;229.710;0.377;0.0;6848861.4;118.1;46057842.9;0.0;2307361.7;297.1;5924475.8;0.0;9586816.3;319.7;46646624.8;1.678;229.037;-0.370;160.2;16487736.1;0.0;43635303.6;0.0;3106100.4;307.9;3758487.4;347.1;18269348.0;0.0;44132627.8;1.840;229.355;0.462
Wed Dec  1 14:11:01 2021;1638364261.824861833;0.0;31813426.4;35.0;130486306.6;0.0;6979588.3;898.4;14998859.2;0.0;37205756.3;899.1;131865878.0;-0.039;49.976;133.9;10584315.3;0.0;42900647.2;0.0;2376578.5;294.5;6126338.3;323.6;12892415.2;0.0;43327105.5;1.844;230.189;0.414;0.0;6848861.4;87.3;46057844.5;0.0;2307361.7;304.9;5924480.9;0.0;9586816.3;317.1;46646630.2;1.652;229.522;-0.275;0.0;16487738.6;81.7;43635303.8;0.0;3106100.4;299.0;3758492.6;0.0;18269353.1;309.9;44132628.5;1.687;229.946;-0.264
Wed Dec  1 14:12:01 2021;1638364321.811118952;0.0;31813426.5;18.8;130486306.9;0.0;6979588.3;897.6;14998874.3;0.0;37205757.1;897.8;131865892.2;-0.021;49.985;131.5;10584317.6;0.0;42900647.2;0.0;2376578.5;295.5;6126343.2;323.4;12892420.7;0.0;43327105.5;1.829;229.801;0.407;0.0;6848861.4;78.3;46057845.9;0.0;2307361.7;303.2;5924486.0;0.0;9586816.3;313.1;46646635.4;1.638;229.047;-0.250;0.0;16487738.6;72.0;43635305.0;0.0;3106100.4;299.0;3758497.6;0.0;18269353.1;307.5;44132633.7;1.676;229.516;-0.234
Wed Dec  1 14:13:01 2021;1638364381.795929393;810.9;31813436.8;0.0;130486306.9;596.9;6979591.9;0.0;14998882.8;1006.9;37205772.9;0.0;131865894.7;0.805;50.001;565.5;10584325.4;0.0;42900647.2;336.0;2376580.4;0.0;6126344.9;657.8;12892429.5;0.0;43327105.5;3.070;229.715;0.860;116.9;6848863.6;0.0;46057846.8;138.4;2307362.6;0.0;5924489.5;181.1;9586818.7;0.0;46646639.0;1.146;229.236;0.645;128.6;16487740.8;0.0;43635305.9;122.6;3106101.3;0.0;3758501.0;177.6;18269355.4;0.0;44132637.2;1.195;229.633;0.724
Wed Dec  1 14:14:01 2021;1638364441.782063678;2021.4;31813442.2;0.0;130486307.1;0.0;6979594.7;683.6;14998891.0;2133.9;37205783.1;0.0;131865898.5;0.947;50.016;2331.3;10584332.4;0.0;42900647.2;0.0;2376581.9;89.2;6126345.9;2333.0;12892437.2;0.0;43327105.5;10.254;228.911;0.999;0.0;6848864.2;154.4;46057848.5;0.0;2307363.2;298.4;5924493.1;0.0;9586819.6;336.0;46646643.0;1.704;229.833;-0.460;0.0;16487741.5;155.4;43635307.5;0.0;3106101.8;296.0;3758504.5;0.0;18269356.4;334.3;44132641.1;1.746;230.236;-0.465
Wed Dec  1 14:15:02 2021;1638364502.273565646;1531.1;31813472.4;0.0;130486307.1;0.0;6979594.7;650.6;14998902.2;1663.6;37205815.4;0.0;131865898.5;0.920;50.008;2133.0;10584369.9;0.0;42900647.2;0.0;2376581.9;73.7;6126347.3;2134.3;12892474.7;0.0;43327105.5;9.404;228.726;0.999;0.0;6848864.2;306.6;46057852.1;0.0;2307363.2;292.6;5924498.0;0.0;9586819.6;423.9;46646649.2;2.050;230.076;-0.723;0.0;16487741.5;295.3;43635311.0;0.0;3106101.8;284.2;3758509.4;0.0;18269356.4;409.9;44132647.1;2.040;230.013;-0.720
Wed Dec  1 14:16:01 2021;1638364561.773338983;1123.5;31813493.4;0.0;130486307.1;0.0;6979594.7;607.8;14998912.5;1277.3;37205838.7;0.0;131865898.5;0.880;49.988;1988.2;10584403.6;0.0;42900647.2;0.0;2376581.9;53.5;6126348.3;1988.9;12892508.4;0.0;43327105.5;8.753;229.159;1.000;0.0;6848864.2;437.9;46057858.6;0.0;2307363.2;274.3;5924502.7;0.0;9586819.6;516.7;46646657.2;2.401;230.305;-0.847;0.0;16487741.5;426.8;43635317.3;0.0;3106101.8;280.0;3758514.0;0.0;18269356.4;510.5;44132654.9;2.410;230.293;-0.836
Wed Dec  1 14:17:01 2021;1638364621.773128574;0.0;31813510.0;700.5;130486309.1;0.0;6979594.7;617.8;14998922.7;0.0;37205857.4;934.0;131865901.1;-0.750;49.974;8.2;10584431.5;0.0;42900647.2;0.0;2376581.9;58.4;6126349.2;58.9;12892536.4;0.0;43327105.6;1.178;230.406;0.139;0.0;6848864.2;361.3;46057865.4;0.0;2307363.2;279.6;5924507.3;0.0;9586819.6;456.9;46646665.4;2.174;230.098;-0.791;0.0;16487741.5;347.4;43635323.9;0.0;3106101.8;279.9;3758518.6;0.0;18269356.4;446.1;44132663.0;2.167;230.392;-0.779
Wed Dec  1 14:18:02 2021;1638364682.226508821;0.0;31813510.0;304.8;130486318.0;0.0;6979594.7;638.1;14998933.2;0.0;37205857.4;707.1;131865914.9;-0.431;49.975;148.9;10584432.7;0.0;42900647.2;0.0;2376581.9;69.3;6126350.3;164.3;12892538.0;0.0;43327105.6;1.336;230.357;0.907;0.0;6848864.2;231.7;46057870.5;0.0;2307363.2;287.4;5924512.1;0.0;9586819.6;369.1;46646672.4;1.824;230.001;-0.628;0.0;16487741.5;222.1;43635328.8;0.0;3106101.8;281.4;3758523.3;0.0;18269356.4;358.5;44132669.8;1.827;230.304;-0.620
Wed Dec  1 14:19:02 2021;1638364742.212461067;0.0;31813510.0;27.7;130486320.3;0.0;6979594.7;679.8;14998944.2;0.0;37205857.4;680.4;131865926.3;-0.041;49.975;238.5;10584436.0;0.0;42900647.2;0.0;2376581.9;88.6;6126351.6;254.5;12892541.6;0.0;43327105.6;1.565;229.846;0.937;0.0;6848864.2;137.9;46057873.4;0.0;2307363.2;300.3;5924517.0;0.0;9586819.6;330.4;46646678.1;1.680;229.753;-0.417;0.0;16487741.5;128.3;43635331.6;0.0;3106101.8;290.9;3758528.1;0.0;18269356.4;318.0;44132675.3;1.685;230.011;-0.403
Wed Dec  1 14:20:02 2021;1638364802.197581625;4.1;31813510.0;0.0;130486320.7;0.0;6979594.7;697.7;14998955.7;697.7;37205858.8;0.0;131865936.4;0.006;49.956;211.0;10584439.5;0.0;42900647.2;0.0;2376581.9;88.6;6126353.0;228.9;12892545.3;0.0;43327105.6;1.517;229.897;0.922;0.0;6848864.2;118.9;46057875.4;0.0;2307363.2;308.1;5924522.1;0.0;9586819.6;330.3;46646683.6;1.637;229.576;-0.360;0.0;16487741.5;87.9;43635333.3;0.0;3106101.8;301.0;3758533.1;0.0;18269356.4;313.6;44132680.6;1.675;229.816;-0.280
Wed Dec  1 14:21:02 2021;1638364862.184008314;0.0;31813510.0;202.5;130486322.3;0.0;6979594.7;890.0;14998969.1;0.0;37205863.9;912.7;131865944.8;-0.222;49.965;30.0;10584441.4;0.0;42900647.2;0.0;2376581.9;285.2;6126356.3;286.8;12892549.7;0.0;43327105.6;1.716;229.887;0.105;0.0;6848864.2;130.8;46057877.4;0.0;2307363.2;305.3;5924527.2;0.0;9586819.6;332.1;46646689.1;1.647;229.523;-0.394;0.0;16487741.5;101.7;43635334.8;0.0;3106101.8;299.5;3758538.1;0.0;18269356.4;316.2;44132685.8;1.690;229.629;-0.322
Wed Dec  1 14:22:02 2021;1638364922.173629454;0.0;31813510.0;96.8;130486326.0;0.0;6979594.7;891.9;14998983.9;0.0;37205863.9;897.1;131865960.1;-0.108;49.961;122.6;10584441.9;0.0;42900647.2;0.0;2376581.9;286.8;6126361.0;311.9;12892554.4;0.0;43327105.6;1.792;230.221;0.393;0.0;6848864.2;122.2;46057879.7;0.0;2307363.2;305.2;5924532.3;0.0;9586819.6;328.8;46646694.7;1.634;229.628;-0.372;0.0;16487741.5;97.2;43635336.7;0.0;3106101.8;299.9;3758543.1;0.0;18269356.4;315.2;44132691.1;1.683;229.883;-0.308
Wed Dec  1 14:23:02 2021;1638364982.173661545;0.0;31813510.0;82.3;130486327.4;0.0;6979594.7;892.5;14998998.8;0.0;37205863.9;896.3;131865975.0;-0.092;49.980;146.2;10584444.2;0.0;42900647.2;0.0;2376581.9;286.2;6126365.8;321.4;12892559.7;0.0;43327105.6;1.824;230.229;0.455;0.0;6848864.2;126.7;46057881.8;0.0;2307363.2;305.9;5924537.4;0.0;9586819.6;331.1;46646700.2;1.635;229.661;-0.383;0.0;16487741.5;101.8;43635338.3;0.0;3106101.8;300.4;3758548.1;0.0;18269356.4;317.2;44132696.4;1.685;229.921;-0.321
Wed Dec  1 14:24:02 2021;1638365042.173608898;202.3;31813511.1;0.0;130486327.7;0.0;6979594.7;936.2;14999014.0;957.8;37205873.8;0.0;131865980.5;0.211;49.992;232.8;10584447.3;0.0;42900647.2;0.0;2376581.9;300.7;6126370.7;380.3;12892565.6;0.0;43327105.6;2.006;230.471;0.612;0.0;6848864.2;45.5;46057883.3;0.0;2307363.2;320.9;5924542.6;0.0;9586819.6;324.1;46646705.6;1.594;230.504;-0.140;15.0;16487741.6;0.0;43635339.2;0.0;3106101.8;314.6;3758553.2;315.0;18269357.5;0.0;44132700.5;1.755;230.319;0.048
Wed Dec  1 14:25:02 2021;1638365102.127840324;285.9;31813515.1;0.0;130486327.7;0.0;6979594.7;959.5;14999029.7;1001.2;37205890.0;0.0;131865980.5;0.286;49.975;205.5;10584450.6;0.0;42900647.2;0.0;2376581.9;308.2;6126375.7;370.4;12892571.6;0.0;43327105.6;1.950;230.395;0.555;11.8;6848864.3;0.0;46057883.5;0.0;2307363.2;328.2;5924548.0;328.4;9586821.6;0.0;46646709.0;1.590;230.045;0.036;68.7;16487742.4;0.0;43635339.2;0.0;3106101.8;323.1;3758558.5;330.3;18269362.9;0.0;44132700.5;1.757;230.128;0.208
Wed Dec  1 14:26:02 2021;1638365162.113421448;270.5;31813520.0;0.0;130486327.7;0.0;6979594.7;944.9;14999045.7;982.9;37205906.7;0.0;131865980.5;0.275;49.998;179.5;10584454.0;0.0;42900647.2;0.0;2376581.9;302.4;6126380.9;351.7;12892577.7;0.0;43327105.6;1.858;229.898;0.511;18.4;6848864.6;0.0;46057883.5;0.0;2307363.2;325.9;5924553.5;326.5;9586827.1;0.0;46646709.0;1.571;229.655;0.056;72.6;16487743.6;0.0;43635339.2;0.0;3106101.8;316.6;3758563.9;324.8;18269368.4;0.0;44132700.5;1.742;229.779;0.224
Wed Dec  1 14:27:02 2021;1638365222.099301289;1401.0;31813538.1;0.0;130486327.7;0.0;6979594.7;850.1;14999059.5;1638.7;37205930.2;0.0;131865980.5;0.855;49.985;1337.2;10584470.7;0.0;42900647.2;0.0;2376582.1;206.0;6126384.1;1352.9;12892595.2;0.0;43327105.6;6.412;229.661;0.988;2.7;6848864.8;0.0;46057883.5;0.0;2307363.2;324.4;5924558.9;324.4;9586832.5;0.0;46646709.0;1.574;229.956;0.008;61.2;16487744.7;0.0;43635339.2;0.0;3106101.8;319.7;3758569.2;325.5;18269373.8;0.0;44132700.5;1.762;230.238;0.188
Wed Dec  1 14:28:02 2021;1638365282.086010299;71.8;31813548.4;0.0;130486327.7;0.0;6979594.7;921.3;14999074.2;924.1;37205950.0;0.0;131865980.5;0.078;49.984;102.3;10584480.8;0.0;42900647.2;0.0;2376582.2;290.5;6126388.3;308.0;12892607.2;0.0;43327105.6;1.742;230.418;0.332;0.0;6848864.8;53.7;46057883.9;0.0;2307363.2;316.4;5924564.2;0.0;9586833.2;320.9;46646713.7;1.583;229.791;-0.167;23.1;16487745.5;0.0;43635339.2;0.0;3106101.8;314.4;3758574.5;315.3;18269379.2;0.0;44132700.5;1.828;230.207;0.073
Wed Dec  1 14:29:02 2021;1638365342.073673227;0.0;31813548.7;166.6;130486328.6;0.0;6979594.7;913.6;14999089.4;0.0;37205954.9;928.6;131865990.8;-0.179;49.999;16.2;10584481.7;0.0;42900647.2;0.0;2376582.2;286.6;6126393.0;287.0;12892612.0;0.0;43327105.6;1.698;230.671;0.057;0.0;6848864.8;127.5;46057885.3;0.0;2307363.2;313.6;5924569.5;0.0;9586833.2;338.5;46646719.2;1.667;230.451;-0.377;0.0;16487745.5;55.3;43635339.5;0.0;3106101.8;313.4;3758579.7;0.0;18269380.9;318.2;44132704.0;1.861;230.439;-0.174
Wed Dec  1 14:30:02 2021;1638365402.085465270;0.0;31813548.7;350.9;130486332.9;0.0;6979594.7;873.2;14999104.2;0.0;37205954.9;941.1;131866006.3;-0.373;49.973;0.0;10584481.8;47.7;42900647.5;0.0;2376582.2;270.4;6126397.7;0.0;12892613.1;274.6;43327109.2;1.663;230.964;-0.174;0.0;6848864.8;190.0;46057888.0;0.0;2307363.2;307.4;5924574.6;0.0;9586833.2;361.4;46646725.0;1.761;231.021;-0.526;0.0;16487745.5;113.2;43635340.9;0.0;3106101.8;295.4;3758584.7;0.0;18269380.9;316.3;44132709.2;1.879;230.620;-0.358
Wed Dec  1 14:31:02 2021;1638365462.073682333;0.0;31813548.7;415.4;130486339.7;0.0;6979594.7;862.0;14999118.6;0.0;37205954.9;956.9;131866022.1;-0.434;49.973;0.0;10584481.8;73.4;42900648.7;0.0;2376582.2;266.1;6126402.1;0.0;12892613.1;276.1;43327113.7;1.663;230.984;-0.266;0.0;6848864.8;211.3;46057891.4;0.0;2307363.2;302.9;5924579.7;0.0;9586833.2;369.3;46646731.1;1.789;231.020;-0.572;0.0;16487745.5;130.7;43635343.0;0.0;3106101.8;293.0;3758589.6;0.0;18269380.9;320.8;44132714.5;1.892;230.530;-0.407
Wed Dec  1 14:32:02 2021;1638365522.029329553;0.0;31813548.7;260.0;130486345.5;0.0;6979594.7;872.8;14999133.0;0.0;37205954.9;910.7;131866037.7;-0.285;49.965;0.0;10584481.8;12.5;42900649.5;0.0;2376582.2;269.5;6126406.5;0.0;12892613.1;269.8;43327118.3;1.633;230.667;-0.046;0.0;6848864.8;161.4;46057894.5;0.0;2307363.2;306.0;5924584.8;0.0;9586833.2;346.0;46646737.1;1.696;230.698;-0.467;0.0;16487745.5;86.0;43635344.9;0.0;3106101.8;297.2;3758594.5;0.0;18269380.9;309.4;44132719.8;1.825;230.196;-0.278
Wed Dec  1 14:33:02 2021;1638365582.014649518;0.0;31813548.7;119.0;130486348.5;0.0;6979594.7;890.3;14999147.8;0.0;37205954.9;898.2;131866052.8;-0.132;49.949;36.5;10584482.0;0.0;42900649.5;0.0;2376582.2;278.5;6126411.1;280.9;12892616.7;0.0;43327119.3;1.662;230.591;0.130;0.0;6848864.8;114.3;46057896.8;0.0;2307363.2;311.9;5924589.9;0.0;9586833.2;332.2;46646742.7;1.638;230.554;-0.344;0.0;16487745.5;41.2;43635345.9;0.0;3106101.8;299.9;3758599.5;0.0;18269380.9;302.7;44132724.9;1.810;229.904;-0.136
Wed Dec  1 14:34:02 2021;1638365642.001092064;0.0;31813548.7;81.7;130486350.1;0.0;6979594.7;908.5;14999162.8;0.0;37205954.9;912.2;131866067.9;-0.090;49.950;48.7;10584482.8;0.0;42900649.5;0.0;2376582.2;284.2;6126415.8;288.3;12892621.4;0.0;43327119.3;1.691;230.815;0.169;0.0;6848864.8;101.1;46057898.6;0.0;2307363.2;319.3;5924595.2;0.0;9586833.2;334.9;46646748.3;1.654;230.722;-0.302;0.0;16487745.5;29.3;43635346.5;0.0;3106101.8;305.1;3758604.5;0.0;18269380.9;306.5;44132729.9;1.823;230.047;-0.096
Wed Dec  1 14:35:01 2021;1638365701.987149405;0.0;31813548.7;29.5;130486351.1;0.0;6979594.7;912.2;14999177.9;0.0;37205954.9;912.7;131866083.0;-0.032;49.969;66.5;10584483.8;0.0;42900649.5;0.0;2376582.2;286.8;6126420.6;294.5;12892626.3;0.0;43327119.3;1.705;230.950;0.226;0.0;6848864.8;86.6;46057900.1;0.0;2307363.2;318.2;5924600.5;0.0;9586833.2;329.7;46646753.8;1.630;230.552;-0.263;0.0;16487745.5;9.4;43635346.8;0.0;3106101.8;307.2;3758609.6;0.0;18269380.9;307.4;44132735.1;1.806;230.104;-0.031
Wed Dec  1 14:36:01 2021;1638365761.973458503;40.6;31813549.0;0.0;130486351.1;0.0;6979594.7;920.7;14999193.2;921.5;37205966.3;0.0;131866087.0;0.044;49.966;91.6;10584485.2;0.0;42900649.5;0.0;2376582.2;291.7;6126425.4;305.7;12892631.3;0.0;43327119.3;1.736;231.181;0.299;0.0;6848864.8;61.4;46057901.3;0.0;2307363.2;321.5;5924605.8;0.0;9586833.2;327.3;46646759.3;1.609;230.879;-0.188;10.4;16487745.6;0.0;43635346.9;0.0;3106101.8;307.5;3758614.8;307.7;18269384.0;0.0;44132737.2;1.806;230.137;0.034
Wed Dec  1 14:37:01 2021;1638365821.972822357;0.0;31813551.7;8.6;130486351.1;0.0;6979594.7;900.7;14999208.4;0.0;37205980.1;900.8;131866089.2;-0.010;49.953;72.5;10584486.6;0.0;42900649.5;0.0;2376582.2;284.2;6126430.2;293.3;12892636.3;0.0;43327119.3;1.686;231.221;0.247;0.0;6848864.8;73.6;46057902.4;0.0;2307363.2;314.9;5924611.2;0.0;9586833.2;323.4;46646764.7;1.589;230.799;-0.228;0.0;16487748.0;7.5;43635346.9;0.0;3106101.8;301.7;3758619.8;0.0;18269389.7;301.8;44132737.9;1.770;230.168;-0.025
Wed Dec  1 14:38:01 2021;1638365881.972795247;0.0;31813552.3;95.3;130486351.9;0.0;6979594.7;896.4;14999223.5;0.0;37205985.1;901.4;131866099.4;-0.106;49.976;40.4;10584487.5;0.0;42900649.5;0.0;2376582.2;281.7;6126434.9;284.5;12892641.2;0.0;43327119.3;1.649;231.488;0.142;0.0;6848864.8;100.8;46057903.9;0.0;2307363.2;313.5;5924616.4;0.0;9586833.2;329.3;46646770.2;1.616;231.063;-0.306;0.0;16487748.7;34.9;43635347.2;0.0;3106101.8;301.2;3758624.9;0.0;18269391.5;303.3;44132741.3;1.772;230.540;-0.115
Wed Dec  1 14:39:01 2021;1638365941.933750538;0.0;31813552.3;102.4;130486353.6;0.0;6979594.7;899.8;14999238.6;0.0;37205985.1;905.6;131866114.6;-0.113;49.970;36.0;10584488.2;0.0;42900649.5;0.0;2376582.2;279.5;6126439.6;281.8;12892645.9;0.0;43327119.3;1.660;231.689;0.128;0.0;6848864.8;107.2;46057905.7;0.0;2307363.2;315.1;5924621.7;0.0;9586833.2;332.9;46646775.7;1.640;231.348;-0.322;0.0;16487748.7;31.2;43635347.8;0.0;3106101.8;305.2;3758630.0;0.0;18269391.5;306.8;44132746.5;1.800;230.865;-0.102
Wed Dec  1 14:40:01 2021;1638366001.916393192;0.0;31813552.3;48.0;130486354.9;0.0;6979594.7;910.1;14999253.6;0.0;37205985.1;911.4;131866129.6;-0.053;49.965;62.9;10584489.0;0.0;42900649.5;0.0;2376582.2;288.8;6126444.4;295.6;12892650.7;0.0;43327119.3;1.715;231.410;0.213;0.0;6848864.8;90.7;46057907.3;0.0;2307363.2;318.1;5924626.9;0.0;9586833.2;330.8;46646781.2;1.640;230.997;-0.274;0.0;16487748.7;20.3;43635348.3;0.0;3106101.8;303.2;3758635.0;0.0;18269391.5;303.9;44132751.5;1.811;230.439;-0.067
Wed Dec  1 14:41:01 2021;1638366061.902246404;52.0;31813553.4;0.0;130486355.0;0.0;6979594.7;926.1;14999268.8;927.5;37205999.4;0.0;131866130.8;0.056;49.985;150.1;10584491.7;0.0;42900649.5;0.0;2376582.3;297.0;6126449.2;332.8;12892656.4;0.0;43327119.3;1.825;231.493;0.451;0.0;6848864.8;82.8;46057908.7;0.0;2307363.2;319.7;5924632.3;0.0;9586833.2;330.3;46646786.8;1.636;231.045;-0.251;0.0;16487748.7;15.3;43635348.6;0.0;3106101.8;309.3;3758640.2;0.0;18269391.5;309.7;44132756.7;1.826;230.724;-0.049
Wed Dec  1 14:42:01 2021;1638366121.888532354;10.8;31813553.9;0.0;130486355.0;0.0;6979594.7;921.8;14999284.2;921.9;37206014.7;0.0;131866130.8;0.012;50.014;130.3;10584494.0;0.0;42900649.5;0.0;2376582.3;297.0;6126454.1;324.3;12892661.8;0.0;43327119.3;1.793;231.414;0.402;0.0;6848864.8;94.3;46057910.2;0.0;2307363.2;319.4;5924637.6;0.0;9586833.2;333.1;46646792.2;1.644;231.120;-0.283;0.0;16487748.7;25.1;43635348.9;0.0;3106101.8;305.4;3758645.3;0.0;18269391.5;306.4;44132761.8;1.798;230.624;-0.082
Wed Dec  1 14:43:01 2021;1638366181.873557303;3992.1;31813585.0;0.0;130486355.0;2147.8;6979610.5;0.0;14999292.8;4533.1;37206056.7;0.0;131866130.8;0.881;50.022;1364.1;10584505.1;0.0;42900649.5;784.9;2376588.0;0.0;6126456.9;1573.8;12892676.3;0.0;43327119.3;6.877;230.862;0.867;1106.8;6848872.8;0.0;46057911.0;692.1;2307368.3;0.0;5924640.5;1305.4;9586842.6;0.0;46646795.3;5.699;230.640;0.848;1521.2;16487761.6;0.0;43635348.9;670.8;3106106.8;0.0;3758648.3;1662.5;18269406.9;0.0;44132762.2;7.300;229.886;0.915
Wed Dec  1 14:44:01 2021;1638366241.873037027;4238.7;31813653.6;0.0;130486355.0;2130.6;6979646.1;0.0;14999292.8;4744.1;37206134.0;0.0;131866130.8;0.893;50.016;1440.0;10584528.5;0.0;42900649.5;782.2;2376601.1;0.0;6126456.9;1638.7;12892703.1;0.0;43327119.3;7.176;230.257;0.879;1191.4;6848891.9;0.0;46057911.0;679.9;2307379.7;0.0;5924640.5;1371.7;9586864.9;0.0;46646795.3;6.000;230.145;0.869;1607.3;16487787.7;0.0;43635348.9;668.6;3106117.9;0.0;3758648.3;1740.8;18269435.2;0.0;44132762.2;7.655;229.425;0.923
Wed Dec  1 14:45:02 2021;1638366302.373724417;4427.7;31813726.7;0.0;130486355.0;2128.8;6979682.4;0.0;14999292.8;4912.9;37206215.6;0.0;131866130.8;0.901;49.979;1553.0;10584553.9;0.0;42900649.5;782.8;2376614.8;0.0;6126456.9;1739.1;12892731.9;0.0;43327119.3;7.604;230.383;0.893;1226.7;6848912.2;0.0;46057911.0;680.3;2307391.1;0.0;5924640.5;1402.7;9586888.2;0.0;46646795.3;6.127;230.304;0.875;1648.1;16487815.1;0.0;43635348.9;665.6;3106129.1;0.0;3758648.3;1777.4;18269464.9;0.0;44132762.2;7.810;229.574;0.927
Wed Dec  1 14:46:02 2021;1638366362.331668282;4452.2;31813800.9;0.0;130486355.0;2142.3;6979718.1;0.0;14999292.8;4940.8;37206297.9;0.0;131866130.8;0.901;49.982;1558.2;10584579.9;0.0;42900649.5;792.2;2376628.0;0.0;6126456.9;1748.0;12892761.1;0.0;43327119.3;7.658;229.785;0.891;1230.7;6848932.7;0.0;46057911.0;681.9;2307402.5;0.0;5924640.5;1407.0;9586911.6;0.0;46646795.3;6.163;229.568;0.875;1663.3;16487842.8;0.0;43635348.9;668.2;3106140.2;0.0;3758648.3;1792.5;18269494.7;0.0;44132762.2;7.892;228.940;0.928
Wed Dec  1 14:47:02 2021;1638366422.324579961;4357.2;31813874.6;0.0;130486355.0;2163.1;6979754.0;0.0;14999292.8;4864.6;37206380.0;0.0;131866130.8;0.896;49.989;1516.7;10584605.7;0.0;42900649.5;797.4;2376641.3;0.0;6126456.9;1713.5;12892790.1;0.0;43327119.3;7.500;230.219;0.885;1202.5;6848953.0;0.0;46057911.0;694.9;2307414.0;0.0;5924640.5;1388.9;9586935.0;0.0;46646795.3;6.078;230.013;0.866;1638.0;16487870.4;0.0;43635348.9;670.8;3106151.3;0.0;3758648.3;1770.0;18269524.4;0.0;44132762.2;7.789;229.153;0.925
Wed Dec  1 14:48:02 2021;1638366482.303832829;88.3;31813910.9;0.0;130486355.0;0.0;6979771.5;898.8;14999300.5;903.1;37206426.9;0.0;131866130.8;0.098;49.975;95.9;10584618.8;0.0;42900649.5;0.0;2376647.7;283.8;6126459.3;299.5;12892806.5;0.0;43327119.3;1.715;230.784;0.320;0.0;6848962.7;173.5;46057912.3;0.0;2307419.6;305.0;5924643.1;0.0;9586946.2;350.9;46646798.2;1.720;230.590;-0.494;165.9;16487885.2;0.0;43635348.9;0.0;3106156.8;310.0;3758650.9;351.6;18269541.8;0.0;44132762.2;1.962;229.924;0.472
Wed Dec  1 14:49:02 2021;1638366542.289708805;0.0;31813911.2;405.3;130486358.1;0.0;6979771.5;842.7;14999315.0;0.0;37206432.8;935.1;131866140.0;-0.433;49.978;3.1;10584619.6;0.0;42900649.5;0.0;2376647.7;269.9;6126463.9;270.0;12892811.1;0.0;43327119.4;1.621;230.461;0.012;0.0;6848962.7;237.3;46057915.8;0.0;2307419.6;289.5;5924648.1;0.0;9586946.2;374.3;46646804.3;1.804;230.184;-0.634;0.0;16487886.4;171.1;43635350.3;0.0;3106156.8;283.2;3758655.9;0.0;18269544.5;330.9;44132765.0;1.868;229.670;-0.517
Wed Dec  1 14:50:02 2021;1638366602.275715050;0.0;31813911.2;651.1;130486366.9;0.0;6979771.5;814.2;14999328.9;0.0;37206432.8;1042.6;131866156.5;-0.625;49.989;0.0;10584619.6;83.1;42900650.2;0.0;2376647.7;262.9;6126468.3;0.0;12892811.2;275.7;43327123.9;1.641;230.120;-0.301;0.0;6848962.7;316.4;46057920.4;0.0;2307419.6;282.2;5924652.9;0.0;9586946.2;423.9;46646810.9;2.004;229.888;-0.746;0.0;16487886.4;251.7;43635353.8;0.0;3106156.8;269.1;3758660.5;0.0;18269544.5;368.4;44132770.8;2.016;229.189;-0.683
Wed Dec  1 14:51:02 2021;1638366662.274038740;0.0;31813911.2;1094.8;130486381.6;0.0;6979771.5;788.2;14999342.2;0.0;37206432.8;1349.0;131866176.4;-0.812;49.976;0.0;10584619.6;290.2;42900653.5;0.0;2376647.7;254.6;6126472.7;0.0;12892811.2;386.0;43327129.4;2.037;230.519;-0.752;0.0;6848962.7;435.6;46057926.7;0.0;2307419.6;269.3;5924657.5;0.0;9586946.2;512.1;46646818.7;2.361;230.154;-0.851;0.0;16487886.4;369.1;43635359.0;0.0;3106156.8;264.2;3758664.9;0.0;18269544.5;453.9;44132777.6;2.327;229.468;-0.813
Wed Dec  1 14:52:02 2021;1638366722.273932646;0.0;31813911.2;1571.8;130486403.5;0.0;6979771.5;762.4;14999355.2;0.0;37206432.8;1746.9;131866201.9;-0.900;50.003;0.0;10584619.6;463.6;42900659.7;0.0;2376647.7;243.4;6126476.9;0.0;12892811.2;523.6;43327136.9;2.519;231.070;-0.885;0.0;6848962.7;590.7;46057935.1;0.0;2307419.6;261.0;5924661.9;0.0;9586946.2;645.8;46646828.3;2.894;230.638;-0.915;0.0;16487886.4;517.5;43635366.2;0.0;3106156.8;258.0;3758669.3;0.0;18269544.5;578.2;44132786.1;2.759;230.218;-0.895
Wed Dec  1 14:53:02 2021;1638366782.235281217;0.0;31813911.2;1929.7;130486422.9;0.0;6979778.0;645.5;14999360.5;0.0;37206432.9;2034.8;131866225.7;-0.948;49.963;0.0;10584621.2;238.7;42900662.4;0.0;2376649.2;290.2;6126478.8;0.0;12892813.5;375.8;43327140.4;1.974;230.833;-0.635;0.0;6848962.7;705.6;46057942.7;0.0;2307421.6;252.4;5924663.8;0.0;9586946.2;749.4;46646837.0;3.320;230.601;-0.942;0.0;16487886.4;985.4;43635376.8;0.0;3106159.9;102.9;3758670.7;0.0;18269544.5;990.7;44132797.9;4.479;230.164;-0.995
Wed Dec  1 14:54:02 2021;1638366842.219809372;0.0;31813911.2;2037.0;130486456.1;0.0;6979778.0;641.7;14999371.4;0.0;37206432.9;2135.7;131866260.6;-0.954;49.975;0.0;10584621.2;262.0;42900666.6;0.0;2376649.2;287.9;6126483.7;0.0;12892813.5;389.3;43327146.9;2.025;230.799;-0.673;0.0;6848962.7;739.9;46057954.8;0.0;2307421.6;250.6;5924668.0;0.0;9586946.2;781.1;46646849.8;3.455;230.716;-0.947;0.0;16487886.4;1035.1;43635393.7;0.0;3106159.9;103.2;3758672.5;0.0;18269544.5;1040.3;44132814.9;4.682;230.346;-0.995
Wed Dec  1 14:55:02 2021;1638366902.205872738;0.0;31813911.2;1879.4;130486489.1;0.0;6979778.0;649.5;14999382.3;0.0;37206432.9;1988.5;131866295.3;-0.945;49.952;0.0;10584621.2;211.8;42900670.6;0.0;2376649.2;293.1;6126488.6;0.0;12892813.5;361.7;43327153.2;1.936;230.977;-0.586;0.0;6848962.7;695.8;46057966.9;0.0;2307421.6;254.2;5924672.2;0.0;9586946.2;740.8;46646862.7;3.286;230.632;-0.939;0.0;16487886.4;971.8;43635410.6;0.0;3106159.9;102.1;3758674.3;0.0;18269544.5;977.1;44132831.9;4.416;230.638;-0.995
Wed Dec  1 14:56:02 2021;1638366962.191276829;0.0;31813911.2;1735.4;130486519.0;0.0;6979778.0;675.3;14999393.4;0.0;37206432.9;1862.1;131866327.3;-0.932;49.980;0.0;10584621.2;184.8;42900673.9;0.0;2376649.2;295.6;6126493.5;0.0;12892813.5;348.6;43327159.1;1.900;230.687;-0.530;0.0;6848962.7;650.1;46057978.1;0.0;2307421.6;258.6;5924676.5;0.0;9586946.2;699.6;46646874.6;3.118;230.617;-0.929;0.0;16487886.4;900.6;43635426.1;0.0;3106159.9;121.1;3758676.2;0.0;18269544.5;908.7;44132847.5;4.139;230.420;-0.991
Wed Dec  1 14:57:02 2021;1638367022.176942846;0.0;31813911.2;1724.9;130486547.8;0.0;6979778.0;669.4;14999404.6;0.0;37206432.9;1850.2;131866358.1;-0.932;49.975;0.0;10584621.2;174.9;42900676.8;0.0;2376649.2;294.1;6126498.4;0.0;12892813.5;342.2;43327164.8;1.886;230.882;-0.511;0.0;6848962.7;640.3;46057988.8;0.0;2307421.6;260.8;5924680.9;0.0;9586946.2;691.3;46646886.1;3.081;230.891;-0.926;0.0;16487886.4;909.8;43635441.2;0.0;3106159.9;114.5;3758678.2;0.0;18269544.5;916.9;44132862.7;4.128;230.531;-0.992
Wed Dec  1 14:58:02 2021;1638367082.173658554;0.0;31813911.2;1448.8;130486574.8;0.0;6979778.0;712.3;14999416.1;0.0;37206432.9;1614.4;131866387.5;-0.897;49.996;0.0;10584621.2;113.7;42900679.4;0.0;2376649.2;304.7;6126503.4;0.0;12892813.5;325.2;43327170.5;1.834;231.571;-0.350;0.0;6848962.7;549.6;46057998.9;0.0;2307421.6;274.5;5924685.3;0.0;9586946.2;614.3;46646897.2;2.759;231.458;-0.895;0.0;16487886.4;785.4;43635455.7;0.0;3106159.9;133.2;3758680.2;0.0;18269544.5;796.6;44132877.3;3.636;231.037;-0.986
Wed Dec  1 14:59:02 2021;1638367142.173649084;0.0;31813911.2;1223.8;130486596.8;0.0;6979778.0;785.9;14999428.9;0.0;37206432.9;1454.4;131866413.0;-0.841;49.976;0.0;10584621.2;355.6;42900684.2;0.0;2376649.2;238.4;6126507.7;0.0;12892813.5;428.1;43327177.1;2.164;231.802;-0.831;0.0;6848962.7;452.7;46058007.2;0.0;2307421.6;277.7;5924689.9;0.0;9586946.2;531.1;46646906.7;2.424;231.313;-0.852;0.0;16487886.4;415.5;43635464.5;0.0;3106159.9;269.8;3758684.2;0.0;18269544.5;495.5;44132887.1;2.360;231.126;-0.839
Wed Dec  1 15:00:02 2021;1638367202.634485430;0.0;31813911.2;1201.2;130486616.7;0.0;6979778.0;789.1;14999442.3;0.0;37206432.9;1437.2;131866437.0;-0.836;49.992;0.0;10584621.2;344.5;42900689.9;0.0;2376649.2;238.6;6126511.8;0.0;12892813.5;419.1;43327184.1;2.141;231.517;-0.822;0.0;6848962.7;444.4;46058014.6;0.0;2307421.6;281.2;5924694.7;0.0;9586946.2;525.9;46646915.5;2.409;231.227;-0.845;0.0;16487886.4;412.3;43635471.3;0.0;3106159.9;269.3;3758688.7;0.0;18269544.5;492.5;44132895.3;2.352;230.767;-0.837
Wed Dec  1 15:01:02 2021;1638367262.120968313;0.0;31813911.2;1442.3;130486638.6;0.0;6979778.0;772.0;14999455.2;0.0;37206432.9;1635.9;131866462.4;-0.882;49.998;0.0;10584621.2;432.7;42900696.4;0.0;2376649.2;234.5;6126515.7;0.0;12892813.5;492.2;43327191.7;2.408;231.246;-0.879;0.0;6848962.7;521.7;46058022.6;0.0;2307421.6;271.9;5924699.2;0.0;9586946.2;588.3;46646924.7;2.661;230.820;-0.887;0.0;16487886.4;487.9;43635478.7;0.0;3106159.9;265.6;3758693.1;0.0;18269544.5;555.5;44132903.9;2.608;230.452;-0.878
Wed Dec  1 15:02:02 2021;1638367322.107153900;0.0;31813911.2;1455.2;130486662.5;0.0;6979778.0;775.3;14999468.0;0.0;37206432.9;1648.8;131866489.5;-0.883;50.021;0.0;10584621.2;434.9;42900703.5;0.0;2376649.2;235.8;6126519.6;0.0;12892813.5;494.7;43327199.8;2.415;231.213;-0.879;0.0;6848962.7;528.8;46058031.3;0.0;2307421.6;274.0;5924703.8;0.0;9586946.2;595.5;46646934.5;2.688;230.921;-0.888;0.0;16487886.4;491.5;43635486.8;0.0;3106159.9;265.5;3758697.5;0.0;18269544.5;558.6;44132913.1;2.609;230.525;-0.880
Wed Dec  1 15:03:02 2021;1638367382.592643527;0.0;31813911.2;1225.3;130486685.1;0.0;6979778.0;788.5;14999481.2;0.0;37206432.9;1457.1;131866515.7;-0.841;50.028;0.0;10584621.2;226.3;42900708.7;0.0;2376649.2;243.8;6126523.7;0.0;12892813.5;332.6;43327206.5;1.820;231.264;-0.680;0.0;6848962.7;519.1;46058040.3;0.0;2307421.6;277.4;5924708.4;0.0;9586946.2;588.6;46646944.6;2.661;231.109;-0.882;0.0;16487886.4;479.8;43635495.2;0.0;3106159.9;267.4;3758701.9;0.0;18269544.5;549.3;44132922.6;2.578;230.697;-0.874
Wed Dec  1 15:04:02 2021;1638367442.085085004;0.0;31813911.2;803.4;130486701.7;0.0;6979778.0;807.3;14999494.4;0.0;37206432.9;1139.0;131866536.9;-0.705;50.020;0.0;10584621.2;76.2;42900711.1;0.0;2376649.2;252.0;6126527.8;0.0;12892813.5;263.2;43327211.3;1.619;231.301;-0.290;0.0;6848962.7;383.7;46058047.7;0.0;2307421.6;282.4;5924713.0;0.0;9586946.2;476.4;46646953.4;2.209;230.824;-0.805;0.0;16487886.4;343.5;43635501.9;0.0;3106159.9;273.0;3758706.4;0.0;18269544.5;438.8;44132930.7;2.165;230.658;-0.783
Wed Dec  1 15:05:02 2021;1638367502.082144863;0.0;31813911.2;536.6;130486713.8;0.0;6979778.0;840.9;14999508.1;0.0;37206432.9;997.5;131866555.3;-0.538;50.016;18.9;10584621.3;0.0;42900711.9;0.0;2376649.2;262.5;6126532.1;263.2;12892814.1;0.0;43327215.1;1.625;231.314;0.072;0.0;6848962.7;297.5;46058053.7;0.0;2307421.6;293.5;5924717.8;0.0;9586946.2;417.9;46646961.1;1.982;231.391;-0.712;0.0;16487886.4;258.0;43635507.3;0.0;3106159.9;284.9;3758711.0;0.0;18269544.5;384.3;44132937.8;1.965;230.797;-0.671
Wed Dec  1 15:06:02 2021;1638367562.085547682;0.0;31813911.2;401.5;130486721.2;0.0;6979778.0;841.0;14999522.1;0.0;37206432.9;931.9;131866571.1;-0.431;50.021;115.5;10584622.4;0.0;42900711.9;0.0;2376649.2;263.2;6126536.5;287.4;12892818.7;0.0;43327215.1;1.696;230.936;0.402;0.0;6848962.7;275.4;46058058.3;0.0;2307421.6;293.9;5924722.7;0.0;9586946.2;402.8;46646967.8;1.918;231.113;-0.684;0.0;16487886.4;241.6;43635511.3;0.0;3106159.9;283.8;3758715.8;0.0;18269544.5;372.7;44132944.0;1.908;230.497;-0.648
Wed Dec  1 15:07:02 2021;1638367622.080676257;0.0;31813912.1;79.5;130486724.9;0.0;6979778.0;859.0;14999536.1;0.0;37206435.3;862.6;131866583.8;-0.092;50.015;166.0;10584624.9;0.0;42900711.9;0.0;2376649.2;269.2;6126540.8;316.3;12892823.8;0.0;43327215.1;1.779;230.611;0.525;0.0;6848962.7;194.2;46058062.5;0.0;2307421.6;300.0;5924727.6;0.0;9586946.2;357.4;46646974.2;1.731;230.853;-0.543;0.0;16487887.5;51.3;43635513.5;0.0;3106159.9;289.7;3758720.5;0.0;18269546.2;294.2;44132948.4;2.126;230.149;-0.174
Wed Dec  1 15:08:02 2021;1638367682.022874855;0.0;31813912.1;315.0;130486728.3;0.0;6979778.0;850.5;14999550.5;0.0;37206435.6;906.9;131866598.2;-0.347;50.016;114.0;10584627.4;0.0;42900711.9;0.0;2376649.2;265.5;6126545.3;288.9;12892829.0;0.0;43327215.1;1.695;230.522;0.394;0.0;6848962.7;228.5;46058065.8;0.0;2307421.6;296.5;5924732.6;0.0;9586946.2;374.3;46646980.3;1.810;230.599;-0.610;0.0;16487887.5;200.4;43635516.0;0.0;3106159.9;288.5;3758725.3;0.0;18269546.4;351.3;44132953.7;1.831;230.035;-0.571
Wed Dec  1 15:09:02 2021;1638367742.008231605;0.0;31813912.1;459.5;130486736.0;0.0;6979778.0;824.4;14999564.3;0.0;37206435.6;943.8;131866614.1;-0.487;49.982;67.7;10584628.5;0.0;42900711.9;0.0;2376649.2;255.7;6126549.6;264.5;12892833.4;0.0;43327215.1;1.634;229.851;0.256;0.0;6848962.7;281.3;46058070.5;0.0;2307421.6;288.4;5924737.5;0.0;9586946.2;402.9;46646987.0;1.932;229.837;-0.698;0.0;16487887.5;245.9;43635520.1;0.0;3106159.9;280.3;3758730.0;0.0;18269546.4;372.9;44132959.9;1.932;229.298;-0.659
Wed Dec  1 15:10:01 2021;1638367801.994550344;0.0;31813912.1;179.3;130486740.6;0.0;6979778.0;853.0;14999578.3;0.0;37206435.6;871.7;131866628.8;-0.206;49.991;167.7;10584630.7;0.0;42900711.9;0.0;2376649.2;267.2;6126554.0;315.5;12892838.3;0.0;43327215.1;1.788;229.665;0.531;0.0;6848962.7;190.1;46058074.2;0.0;2307421.6;298.0;5924742.4;0.0;9586946.2;353.5;46646993.2;1.738;229.580;-0.538;0.0;16487887.5;156.9;43635523.2;0.0;3106159.9;287.8;3758734.7;0.0;18269546.4;327.8;44132965.6;1.769;229.100;-0.479
Wed Dec  1 15:11:01 2021;1638367861.980262912;726.8;31813918.2;0.0;130486740.8;0.0;6979778.0;697.6;14999589.6;1007.4;37206448.3;0.0;131866629.7;0.721;49.956;814.9;10584640.4;0.0;42900711.9;0.0;2376649.3;90.7;6126555.4;819.9;12892848.3;0.0;43327215.1;3.747;229.381;0.994;0.0;6848962.7;56.6;46058076.4;0.0;2307421.6;311.9;5924747.5;0.0;9586946.2;317.0;46646998.7;1.577;229.805;-0.179;0.0;16487887.5;31.4;43635525.0;0.0;3106159.9;295.0;3758739.6;0.0;18269546.4;296.7;44132970.8;1.613;229.291;-0.106
Wed Dec  1 15:12:01 2021;1638367921.974610838;510.8;31813926.7;0.0;130486740.8;0.0;6979778.0;700.2;14999601.3;866.7;37206462.7;0.0;131866629.7;0.589;49.966;538.3;10584649.5;0.0;42900711.9;0.0;2376649.3;85.6;6126556.8;545.1;12892857.5;0.0;43327215.1;2.616;230.015;0.988;0.0;6848962.7;28.0;46058076.9;0.0;2307421.6;317.3;5924752.7;0.0;9586946.2;318.5;46647004.0;1.567;230.197;-0.088;0.4;16487887.6;0.0;43635525.0;0.0;3106159.9;297.3;3758744.6;297.3;18269549.4;0.0;44132972.8;1.603;229.446;0.002
Wed Dec  1 15:13:01 2021;1638367981.973128104;494.6;31813935.0;0.0;130486740.8;0.0;6979778.0;705.6;14999613.7;861.7;37206477.6;0.0;131866629.7;0.574;49.990;525.4;10584658.4;0.0;42900711.9;0.0;2376649.3;88.7;6126559.0;532.8;12892866.6;0.0;43327215.1;2.566;230.077;0.986;0.0;6848962.7;24.5;46058077.4;0.0;2307421.6;316.5;5924758.0;0.0;9586946.2;317.5;46647009.3;1.562;229.857;-0.077;0.0;16487887.6;6.2;43635525.1;0.0;3106159.9;300.3;3758749.6;0.0;18269549.7;300.4;44132977.5;1.619;229.580;-0.021
Wed Dec  1 15:14:01 2021;1638368041.972800436;1056.5;31813942.0;0.0;130486740.8;0.0;6979778.0;621.1;14999625.5;1225.5;37206491.5;0.0;131866629.7;0.862;49.974;563.6;10584665.2;0.0;42900711.9;0.0;2376649.3;62.1;6126560.5;567.0;12892873.6;0.0;43327215.1;2.710;230.057;0.994;271.1;6848962.9;0.0;46058077.6;0.0;2307421.6;280.0;5924763.3;389.7;9586946.9;0.0;46647014.0;1.932;229.941;0.696;221.8;16487887.9;0.0;43635525.2;0.0;3106159.9;279.0;3758754.6;356.4;18269553.4;0.0;44132978.9;1.811;229.509;0.622
Wed Dec  1 15:15:02 2021;1638368102.424070339;2143.5;31813974.8;0.0;130486740.8;0.0;6979778.0;267.3;14999631.7;2160.1;37206525.1;0.0;131866629.7;0.992;49.964;900.6;10584679.4;0.0;42900711.9;52.9;2376649.8;0.0;6126560.6;902.2;12892887.9;0.0;43327215.1;4.175;229.510;0.998;664.5;6848972.8;0.0;46058077.6;0.0;2307421.6;153.4;5924766.5;682.0;9586957.4;0.0;46647014.0;3.283;229.408;0.974;578.4;16487896.5;0.0;43635525.2;0.0;3106159.9;166.7;3758757.9;601.9;18269562.7;0.0;44132978.9;2.927;228.932;0.961
Wed Dec  1 15:16:02 2021;1638368162.410017273;1865.3;31814007.4;0.0;130486740.8;0.0;6979778.0;247.0;14999635.9;1881.5;37206557.9;0.0;131866629.7;0.991;49.973;799.8;10584693.3;0.0;42900711.9;58.5;2376650.7;0.0;6126560.6;801.9;12892901.8;0.0;43327215.1;3.756;230.049;0.997;581.8;6848983.0;0.0;46058077.6;0.0;2307421.6;147.4;5924769.0;600.2;9586967.9;0.0;46647014.0;2.967;229.952;0.969;483.7;16487905.0;0.0;43635525.2;0.0;3106159.9;158.0;3758760.6;508.8;18269571.7;0.0;44132978.9;2.570;229.401;0.951
Wed Dec  1 15:17:02 2021;1638368222.396538772;1927.1;31814039.0;0.0;130486740.8;0.0;6979778.0;272.8;14999640.3;1946.3;37206589.8;0.0;131866629.7;0.990;49.993;823.9;10584706.8;0.0;42900711.9;47.1;2376651.6;0.0;6126560.6;825.2;12892915.3;0.0;43327215.1;3.850;230.448;0.998;602.6;6848992.9;0.0;46058077.6;0.0;2307421.6;155.4;5924771.5;622.3;9586978.1;0.0;46647014.0;3.053;230.304;0.968;500.6;16487913.2;0.0;43635525.2;0.0;3106159.9;164.5;3758763.4;527.0;18269580.3;0.0;44132978.9;2.631;229.943;0.950
Wed Dec  1 15:18:02 2021;1638368282.382143305;1861.8;31814071.1;0.0;130486740.8;0.0;6979778.0;262.0;14999644.8;1880.1;37206622.2;0.0;131866629.7;0.990;50.009;795.8;10584720.5;0.0;42900711.9;50.6;2376652.4;0.0;6126560.6;797.4;12892929.0;0.0;43327215.1;3.738;230.665;0.998;584.7;6849003.0;0.0;46058077.6;0.0;2307421.6;150.2;5924774.1;603.7;9586988.5;0.0;46647014.0;2.983;230.248;0.969;481.3;16487921.5;0.0;43635525.2;0.0;3106159.9;162.4;3758766.1;507.9;18269589.1;0.0;44132978.9;2.564;230.120;0.948
Wed Dec  1 15:19:02 2021;1638368342.373942451;1553.1;31814098.3;0.0;130486740.8;0.0;6979778.0;433.3;14999651.4;1612.5;37206650.3;0.0;131866629.7;0.963;50.016;571.9;10584731.0;0.0;42900711.9;0.0;2376652.6;137.8;6126562.4;588.3;12892939.7;0.0;43327215.1;2.908;230.551;0.972;542.2;6849012.2;0.0;46058077.6;0.0;2307421.6;142.6;5924776.5;560.6;9586998.1;0.0;46647014.0;2.815;230.256;0.967;439.1;16487929.1;0.0;43635525.2;0.0;3106159.9;153.0;3758768.7;465.0;18269597.1;0.0;44132978.9;2.396;229.881;0.944
Wed Dec  1 15:20:02 2021;1638368402.373784908;5654.0;31814154.3;0.0;130486740.8;2566.4;6979795.8;0.0;14999655.8;6209.2;37206710.8;0.0;131866629.7;0.911;49.998;1846.2;10584749.3;0.0;42900711.9;934.8;2376659.0;0.0;6126563.7;2069.4;12892959.7;0.0;43327215.1;9.077;230.069;0.892;1767.0;6849029.6;0.0;46058077.6;833.3;2307427.4;0.0;5924777.9;1953.7;9587017.0;0.0;46647014.0;8.613;229.768;0.904;2040.8;16487949.4;0.0;43635525.2;798.3;3106165.4;0.0;3758770.4;2191.4;18269618.7;0.0;44132978.9;9.629;229.224;0.931
Wed Dec  1 15:21:02 2021;1638368462.373776264;6095.9;31814252.3;0.0;130486740.8;2551.1;6979838.5;0.0;14999655.8;6608.1;37206817.7;0.0;131866629.7;0.922;50.007;1997.6;10584781.4;0.0;42900711.9;935.2;2376674.6;0.0;6126563.7;2205.7;12892995.5;0.0;43327215.1;9.667;230.035;0.906;1908.7;6849060.2;0.0;46058077.6;827.2;2307441.2;0.0;5924777.9;2080.2;9587050.6;0.0;46647014.0;9.153;229.705;0.918;2189.5;16487984.6;0.0;43635525.2;788.6;3106178.6;0.0;3758770.4;2327.2;18269656.3;0.0;44132978.9;10.218;229.187;0.941
Wed Dec  1 15:22:02 2021;1638368522.334097547;6212.2;31814355.1;0.0;130486740.8;2573.1;6979881.2;0.0;14999655.8;6724.0;37206929.0;0.0;131866629.7;0.924;49.992;2035.2;10584815.2;0.0;42900711.9;934.0;2376690.2;0.0;6126563.7;2239.3;12893032.7;0.0;43327215.1;9.819;229.834;0.909;1957.1;6849092.5;0.0;46058077.6;841.8;2307455.2;0.0;5924777.9;2130.5;9587085.7;0.0;46647014.0;9.372;229.641;0.919;2220.0;16488021.4;0.0;43635525.2;797.2;3106191.8;0.0;3758770.4;2358.8;18269695.4;0.0;44132978.9;10.366;228.946;0.941
Wed Dec  1 15:23:02 2021;1638368582.310862004;6384.4;31814459.8;0.0;130486740.8;2568.4;6979924.2;0.0;14999655.8;6881.7;37207042.2;0.0;131866629.7;0.928;50.006;2098.0;10584849.5;0.0;42900711.9;935.0;2376705.8;0.0;6126563.7;2297.0;12893070.4;0.0;43327215.1;10.083;229.456;0.913;2009.2;6849125.4;0.0;46058077.6;838.8;2307469.2;0.0;5924777.9;2177.2;9587121.6;0.0;46647014.0;9.587;229.242;0.923;2277.2;16488058.7;0.0;43635525.2;794.7;3106205.1;0.0;3758770.4;2411.9;18269735.0;0.0;44132978.9;10.608;228.603;0.944
Wed Dec  1 15:24:02 2021;1638368642.296322680;6534.7;31814567.7;0.0;130486740.8;2565.6;6979966.9;0.0;14999655.8;7020.3;37207158.3;0.0;131866629.7;0.931;49.989;2150.0;10584885.0;0.0;42900711.9;934.7;2376721.4;0.0;6126563.7;2344.4;12893109.1;0.0;43327215.1;10.294;229.326;0.917;2059.0;6849159.4;0.0;46058077.6;832.3;2307483.1;0.0;5924777.9;2220.9;9587158.3;0.0;46647014.0;9.779;229.110;0.927;2325.8;16488097.2;0.0;43635525.2;798.6;3106218.4;0.0;3758770.4;2459.0;18269775.7;0.0;44132978.9;10.823;228.414;0.946
Wed Dec  1 15:25:02 2021;1638368702.282546747;2688.4;31814646.4;0.0;130486740.8;0.0;6979989.1;465.3;14999659.6;2728.4;37207241.4;0.0;131866629.7;0.985;49.975;941.5;10584911.6;0.0;42900711.9;0.0;2376729.5;146.8;6126564.9;952.9;12893137.4;0.0;43327215.1;4.379;229.652;0.988;789.5;6849183.6;0.0;46058077.6;0.0;2307490.3;149.0;5924779.1;803.4;9587184.0;0.0;46647014.0;3.746;229.669;0.983;957.5;16488125.1;0.0;43635525.2;0.0;3106225.3;169.5;3758771.7;972.3;18269804.9;0.0;44132978.9;4.424;229.055;0.985
Wed Dec  1 15:26:02 2021;1638368762.273155474;2438.8;31814689.1;0.0;130486740.8;0.0;6979989.1;475.6;14999667.5;2484.7;37207284.9;0.0;131866629.7;0.982;49.990;950.3;10584927.3;0.0;42900711.9;0.0;2376729.5;153.5;6126567.4;962.7;12893153.4;0.0;43327215.1;4.413;230.253;0.987;796.2;6849196.9;0.0;46058077.6;0.0;2307490.3;157.6;5924781.7;811.6;9587197.5;0.0;46647014.0;3.774;230.207;0.981;692.2;16488138.9;0.0;43635525.2;0.0;3106225.3;164.5;3758774.5;711.5;18269819.0;0.0;44132978.9;3.337;229.713;0.973
Wed Dec  1 15:27:02 2021;1638368822.273025706;2458.0;31814729.5;0.0;130486740.8;0.0;6979989.1;480.6;14999675.4;2504.5;37207326.0;0.0;131866629.7;0.981;49.959;895.2;10584942.1;0.0;42900711.9;0.0;2376729.5;152.5;6126570.0;908.1;12893168.4;0.0;43327215.1;4.181;230.266;0.986;833.2;6849210.5;0.0;46058077.6;0.0;2307490.3;158.3;5924784.3;848.1;9587211.3;0.0;46647014.0;3.916;230.070;0.982;729.6;16488150.8;0.0;43635525.2;0.0;3106225.3;169.8;3758777.3;749.1;18269831.2;0.0;44132978.9;3.485;229.672;0.974
Wed Dec  1 15:28:02 2021;1638368882.273133580;2525.7;31814771.1;0.0;130486740.8;0.0;6979989.1;482.4;14999683.5;2571.3;37207368.4;0.0;131866629.7;0.982;49.966;915.0;10584957.3;0.0;42900711.9;0.0;2376729.5;152.8;6126572.5;927.7;12893183.8;0.0;43327215.1;4.257;230.186;0.986;857.6;6849224.6;0.0;46058077.6;0.0;2307490.3;159.4;5924787.0;872.3;9587225.7;0.0;46647014.0;4.004;230.045;0.983;753.1;16488163.1;0.0;43635525.2;0.0;3106225.3;170.2;3758780.1;772.1;18269843.9;0.0;44132978.9;3.572;229.561;0.975
Wed Dec  1 15:29:02 2021;1638368942.226316710;2531.2;31814813.4;0.0;130486740.8;0.0;6979989.1;478.3;14999691.5;2576.0;37207411.5;0.0;131866629.7;0.983;49.990;894.6;10584972.6;0.0;42900711.9;0.0;2376729.5;152.3;6126575.1;907.5;12893199.3;0.0;43327215.1;4.177;229.922;0.986;871.0;6849239.0;0.0;46058077.6;0.0;2307490.3;158.0;5924789.6;885.2;9587240.4;0.0;46647014.0;4.062;229.931;0.984;765.5;16488175.8;0.0;43635525.2;0.0;3106225.3;167.9;3758782.9;783.7;18269856.8;0.0;44132978.9;3.625;229.368;0.977
Wed Dec  1 15:30:02 2021;1638369002.713016079;2547.3;31814856.0;0.0;130486740.8;0.0;6979989.1;461.6;14999699.4;2588.8;37207454.8;0.0;131866629.7;0.984;49.978;909.9;10584987.8;0.0;42900711.9;0.0;2376729.5;146.8;6126577.6;921.7;12893214.7;0.0;43327215.1;4.243;229.462;0.987;861.1;6849253.4;0.0;46058077.6;0.0;2307490.3;153.6;5924792.3;874.6;9587255.0;0.0;46647014.0;4.000;229.386;0.984;776.3;16488188.7;0.0;43635525.2;0.0;3106225.3;161.3;3758785.7;792.9;18269870.0;0.0;44132978.9;3.668;228.961;0.979
Wed Dec  1 15:31:02 2021;1638369062.198201416;2562.5;31814898.2;0.0;130486740.8;0.0;6979989.1;449.6;14999707.1;2601.6;37207497.6;0.0;131866629.7;0.985;49.967;915.6;10585002.9;0.0;42900711.9;0.0;2376729.5;102.5;6126579.9;921.3;12893229.9;0.0;43327215.1;4.232;229.747;0.994;866.0;6849267.7;0.0;46058077.6;0.0;2307490.3;109.7;5924794.7;872.9;9587269.5;0.0;46647014.0;3.980;229.542;0.992;780.8;16488201.6;0.0;43635525.2;0.0;3106225.3;237.4;3758788.6;816.1;18269883.2;0.0;44132978.9;3.742;229.285;0.957
Wed Dec  1 15:32:02 2021;1638369122.184585518;2583.5;31814941.0;0.0;130486740.8;0.0;6979989.1;446.6;14999714.5;2621.8;37207541.1;0.0;131866629.7;0.985;49.954;922.9;10585018.1;0.0;42900711.9;0.0;2376729.5;101.0;6126581.6;928.4;12893245.3;0.0;43327215.1;4.253;230.198;0.994;873.0;6849282.2;0.0;46058077.6;0.0;2307490.3;107.3;5924796.5;879.5;9587284.1;0.0;46647014.0;4.005;229.697;0.993;787.6;16488214.6;0.0;43635525.2;0.0;3106225.3;238.3;3758792.5;822.9;18269896.9;0.0;44132978.9;3.763;229.669;0.957
Wed Dec  1 15:33:02 2021;1638369182.172733290;2595.6;31814984.1;0.0;130486740.8;0.0;6979989.1;417.9;14999721.7;2629.0;37207584.8;0.0;131866629.7;0.987;49.969;924.9;10585033.5;0.0;42900711.9;0.0;2376729.5;61.4;6126583.0;926.9;12893260.8;0.0;43327215.1;4.223;231.399;0.998;878.8;6849296.7;0.0;46058077.6;0.0;2307490.3;157.8;5924798.8;892.9;9587298.8;0.0;46647014.0;4.025;231.047;0.984;791.9;16488227.8;0.0;43635525.2;0.0;3106225.3;198.7;3758796.1;816.4;18269910.5;0.0;44132978.9;3.713;230.836;0.970
Wed Dec  1 15:34:02 2021;1638369242.173122459;2699.6;31815029.1;0.0;130486740.8;0.0;6979989.2;392.1;14999728.3;2727.9;37207630.3;0.0;131866629.7;0.990;49.973;989.3;10585050.4;0.0;42900711.9;0.0;2376729.6;43.8;6126583.7;990.3;12893277.7;0.0;43327215.1;4.487;230.648;0.999;882.7;6849311.4;0.0;46058077.6;0.0;2307490.3;153.5;5924801.4;895.9;9587313.7;0.0;46647014.0;4.049;230.503;0.985;827.6;16488241.3;0.0;43635525.2;0.0;3106225.3;194.8;3758799.4;850.2;18269924.4;0.0;44132978.9;3.898;230.204;0.973
Wed Dec  1 15:35:02 2021;1638369302.173179143;2724.9;31815074.4;0.0;130486740.8;0.0;6979989.2;375.3;14999734.8;2750.6;37207676.0;0.0;131866629.7;0.991;49.977;999.5;10585067.0;0.0;42900711.9;0.0;2376729.6;36.9;6126584.5;1000.1;12893294.3;0.0;43327215.1;4.524;230.952;0.999;891.0;6849326.2;0.0;46058077.6;0.0;2307490.3;148.3;5924803.9;903.3;9587328.7;0.0;46647014.0;4.076;230.787;0.986;834.4;16488255.2;0.0;43635525.2;0.0;3106225.3;190.1;3758802.7;855.8;18269938.6;0.0;44132978.9;3.919;230.387;0.975
Wed Dec  1 15:36:02 2021;1638369362.128619355;2729.0;31815119.7;0.0;130486740.8;0.0;6979989.2;376.4;14999741.1;2754.9;37207721.8;0.0;131866629.7;0.991;49.968;1000.9;10585083.6;0.0;42900711.9;0.0;2376729.6;38.5;6126585.1;1001.6;12893310.9;0.0;43327215.1;4.542;230.057;0.999;888.4;6849341.0;0.0;46058077.6;0.0;2307490.3;148.6;5924806.4;900.7;9587343.7;0.0;46647014.0;4.077;229.883;0.986;839.8;16488269.1;0.0;43635525.2;0.0;3106225.3;189.3;3758805.8;860.9;18269952.9;0.0;44132978.9;3.951;229.631;0.976
Wed Dec  1 15:37:02 2021;1638369422.113743066;2735.4;31815165.3;0.0;130486740.8;0.0;6979989.2;379.9;14999747.3;2761.7;37207767.8;0.0;131866629.7;0.990;50.003;1003.9;10585100.3;0.0;42900711.9;0.0;2376729.6;39.5;6126585.7;1004.7;12893327.6;0.0;43327215.1;4.539;231.207;0.999;893.2;6849355.9;0.0;46058077.6;0.0;2307490.3;150.3;5924808.9;905.8;9587358.8;0.0;46647014.0;4.089;230.611;0.986;838.2;16488283.0;0.0;43635525.2;0.0;3106225.3;190.1;3758808.9;859.5;18269967.2;0.0;44132978.9;3.934;230.413;0.975
Wed Dec  1 15:38:02 2021;1638369482.100347987;2816.9;31815212.5;0.0;130486740.8;0.0;6979989.2;371.4;14999753.2;2841.3;37207815.4;0.0;131866629.7;0.991;49.991;1079.3;10585118.6;0.0;42900711.9;0.0;2376730.0;41.4;6126586.4;1080.1;12893346.0;0.0;43327215.1;4.844;231.164;0.999;895.9;6849370.8;0.0;46058077.6;0.0;2307490.3;145.7;5924811.3;907.6;9587373.9;0.0;46647014.0;4.095;230.578;0.987;841.7;16488297.0;0.0;43635525.2;0.0;3106225.3;184.3;3758812.1;861.7;18269981.6;0.0;44132978.9;3.939;230.455;0.977
Wed Dec  1 15:39:02 2021;1638369542.085732215;2823.2;31815259.5;0.0;130486740.8;0.0;6979989.2;378.0;14999759.4;2848.4;37207862.9;0.0;131866629.7;0.991;49.970;1078.1;10585136.6;0.0;42900711.9;0.0;2376730.0;45.5;6126587.1;1079.1;12893364.0;0.0;43327215.1;4.838;231.387;0.999;902.8;6849385.8;0.0;46058077.6;0.0;2307490.3;146.2;5924813.8;914.6;9587389.1;0.0;46647014.0;4.117;230.927;0.987;842.2;16488311.1;0.0;43635525.2;0.0;3106225.3;186.4;3758815.1;862.6;18269995.9;0.0;44132978.9;3.941;230.551;0.976
Wed Dec  1 15:40:02 2021;1638369602.073203606;2776.9;31815306.4;0.0;130486740.8;0.0;6979989.2;402.8;14999766.4;2806.0;37207910.2;0.0;131866629.7;0.990;49.963;1058.9;10585154.5;0.0;42900711.9;0.0;2376730.0;81.3;6126588.4;1062.0;12893382.0;0.0;43327215.1;4.774;231.387;0.997;899.6;6849400.8;0.0;46058077.6;0.0;2307490.3;200.2;5924817.1;921.6;9587404.5;0.0;46647014.0;4.157;230.817;0.976;818.4;16488325.0;0.0;43635525.2;0.0;3106225.3;121.3;3758817.4;827.4;18270010.1;0.0;44132978.9;3.824;230.733;0.989
Wed Dec  1 15:41:02 2021;1638369662.073424887;2693.8;31815352.3;0.0;130486740.8;0.0;6979989.2;397.2;14999773.3;2722.9;37207956.7;0.0;131866629.7;0.989;49.967;999.5;10585172.0;0.0;42900711.9;0.0;2376730.0;13.2;6126589.5;999.6;12893399.4;0.0;43327215.1;4.555;231.478;1.000;896.3;6849415.8;0.0;46058077.6;0.0;2307490.3;240.9;5924820.8;928.1;9587419.9;0.0;46647014.0;4.190;230.862;0.966;798.0;16488338.5;0.0;43635525.2;0.0;3106225.3;143.0;3758819.6;810.7;18270023.7;0.0;44132978.9;3.772;230.683;0.984
Wed Dec  1 15:42:02 2021;1638369722.072932179;2673.1;31815396.9;0.0;130486740.8;0.0;6979989.2;381.2;14999779.9;2700.2;37208001.8;0.0;131866629.7;0.990;49.980;975.5;10585188.3;0.0;42900711.9;0.0;2376730.0;5.7;6126589.7;975.5;12893415.8;0.0;43327215.1;4.479;231.523;1.000;899.7;6849430.7;0.0;46058077.6;0.0;2307490.3;238.3;5924824.8;930.7;9587435.4;0.0;46647014.0;4.211;231.135;0.967;798.0;16488351.8;0.0;43635525.2;0.0;3106225.3;137.2;3758822.0;809.7;18270037.2;0.0;44132978.9;3.787;230.936;0.986
Wed Dec  1 15:43:02 2021;1638369782.530349617;2662.1;31815441.5;0.0;130486740.8;0.0;6979989.2;368.8;14999786.3;2687.5;37208046.8;0.0;131866629.7;0.991;49.972;960.6;10585204.4;0.0;42900711.9;0.8;2376730.0;0.0;6126589.7;960.6;12893431.9;0.0;43327215.1;4.437;230.850;1.000;904.4;6849445.9;0.0;46058077.6;0.0;2307490.3;235.3;5924828.8;934.5;9587451.1;0.0;46647014.0;4.234;230.978;0.968;797.1;16488365.1;0.0;43635525.2;0.0;3106225.3;134.3;3758824.3;808.3;18270050.8;0.0;44132978.9;3.792;230.756;0.986
Wed Dec  1 15:44:02 2021;1638369842.516177390;2746.9;31815486.6;0.0;130486740.8;0.0;6979989.2;394.8;14999792.6;2775.1;37208092.4;0.0;131866629.7;0.990;49.984;1007.3;10585220.9;0.0;42900711.9;0.0;2376730.0;12.8;6126589.8;1007.3;12893448.4;0.0;43327215.1;4.604;231.031;1.000;914.4;6849461.0;0.0;46058077.6;0.0;2307490.3;240.5;5924832.7;945.5;9587466.7;0.0;46647014.0;4.268;231.171;0.967;825.3;16488378.7;0.0;43635525.2;0.0;3106225.3;141.5;3758826.6;837.3;18270064.5;0.0;44132978.9;3.889;230.946;0.986
Wed Dec  1 15:45:02 2021;1638369902.502023161;2796.7;31815532.8;0.0;130486740.8;0.0;6979989.2;385.7;14999799.1;2823.2;37208139.0;0.0;131866629.7;0.991;49.990;1029.5;10585237.8;0.0;42900711.9;0.0;2376730.0;10.7;6126590.0;1029.6;12893465.3;0.0;43327215.1;4.700;230.817;1.000;921.9;6849476.3;0.0;46058077.6;0.0;2307490.3;237.4;5924836.7;952.0;9587482.5;0.0;46647014.0;4.301;231.291;0.968;845.3;16488392.6;0.0;43635525.2;0.0;3106225.3;137.6;3758828.9;856.4;18270078.6;0.0;44132978.9;3.967;231.095;0.987
Wed Dec  1 15:46:02 2021;1638369962.488121807;2823.7;31815579.6;0.0;130486740.8;0.0;6979989.2;384.8;14999805.6;2849.8;37208186.3;0.0;131866629.7;0.991;49.975;1042.3;10585255.0;0.0;42900711.9;0.0;2376730.0;12.8;6126590.2;1042.3;12893482.5;0.0;43327215.1;4.752;230.946;1.000;928.6;6849491.7;0.0;46058077.6;0.0;2307490.3;236.4;5924840.7;958.2;9587498.5;0.0;46647014.0;4.326;231.353;0.969;852.9;16488406.8;0.0;43635525.2;0.0;3106225.3;135.7;3758831.3;863.6;18270093.0;0.0;44132978.9;3.994;230.918;0.988
Wed Dec  1 15:47:02 2021;1638370022.473734454;2868.9;31815627.0;0.0;130486740.8;0.0;6979989.2;395.5;14999812.0;2896.1;37208234.1;0.0;131866629.7;0.991;49.985;1067.7;10585272.5;0.0;42900711.9;0.0;2376730.0;27.7;6126590.5;1068.0;12893500.0;0.0;43327215.1;4.855;230.789;1.000;934.2;6849507.3;0.0;46058077.6;0.0;2307490.3;233.3;5924844.6;962.9;9587514.5;0.0;46647014.0;4.350;231.220;0.970;867.1;16488421.1;0.0;43635525.2;0.0;3106225.3;134.5;3758833.5;877.4;18270107.5;0.0;44132978.9;4.050;230.778;0.988
Wed Dec  1 15:48:02 2021;1638370082.473795383;2904.3;31815675.3;0.0;130486740.8;0.0;6979989.2;401.1;14999818.7;2931.9;37208282.8;0.0;131866629.7;0.991;49.986;1090.0;10585290.6;0.0;42900711.9;0.0;2376730.0;31.8;6126591.0;1090.5;12893518.1;0.0;43327215.1;4.950;230.793;1.000;939.0;6849522.9;0.0;46058077.6;0.0;2307490.3;232.4;5924848.5;967.4;9587530.6;0.0;46647014.0;4.371;231.120;0.971;875.3;16488435.7;0.0;43635525.2;0.0;3106225.3;136.9;3758835.8;885.9;18270122.3;0.0;44132978.9;4.095;230.740;0.988
Wed Dec  1 15:49:02 2021;1638370142.473186685;2922.8;31815723.8;0.0;130486740.8;0.0;6979989.2;387.6;14999825.3;2948.4;37208331.8;0.0;131866629.7;0.991;49.979;1099.3;10585308.8;0.0;42900711.9;0.0;2376730.0;30.0;6126591.5;1099.7;12893536.4;0.0;43327215.1;4.984;230.154;1.000;943.5;6849538.6;0.0;46058077.6;0.0;2307490.3;226.5;5924852.3;970.3;9587546.7;0.0;46647014.0;4.389;230.514;0.972;880.0;16488450.3;0.0;43635525.2;0.0;3106225.3;131.1;3758838.1;889.7;18270137.1;0.0;44132978.9;4.109;230.087;0.989
Wed Dec  1 15:50:02 2021;1638370202.431455815;2941.4;31815772.7;0.0;130486740.8;0.0;6979989.2;387.8;14999831.7;2966.9;37208381.1;0.0;131866629.7;0.991;49.994;1103.8;10585327.2;0.0;42900711.9;0.0;2376730.0;29.7;6126592.0;1104.2;12893554.7;0.0;43327215.1;4.992;230.467;1.000;949.5;6849554.4;0.0;46058077.6;0.0;2307490.3;226.9;5924856.1;976.2;9587563.0;0.0;46647014.0;4.404;230.869;0.973;888.1;16488465.1;0.0;43635525.2;0.0;3106225.3;131.2;3758840.2;897.7;18270152.0;0.0;44132978.9;4.134;230.416;0.989
Wed Dec  1 15:51:02 2021;1638370262.416864684;2956.9;31815822.0;0.0;130486740.8;0.0;6979989.2;368.8;14999837.9;2979.9;37208430.8;0.0;131866629.7;0.992;49.982;1111.9;10585345.7;0.0;42900711.9;0.0;2376730.0;24.5;6126592.4;1112.2;12893573.3;0.0;43327215.1;5.043;230.180;1.000;954.3;6849570.3;0.0;46058077.6;0.0;2307490.3;222.2;5924859.8;979.8;9587579.3;0.0;46647014.0;4.433;230.644;0.974;890.7;16488479.9;0.0;43635525.2;0.0;3106225.3;122.2;3758842.3;899.0;18270167.0;0.0;44132978.9;4.150;230.306;0.991
Wed Dec  1 15:52:02 2021;1638370322.403789363;2930.1;31815870.6;0.0;130486740.8;0.0;6979989.2;351.9;14999843.9;2951.2;37208479.8;0.0;131866629.7;0.993;49.960;1071.7;10585363.5;0.0;42900711.9;0.0;2376730.0;11.3;6126592.6;1071.8;12893591.0;0.0;43327215.1;4.879;230.305;1.000;959.1;6849586.2;0.0;46058077.6;0.0;2307490.3;217.4;5924863.4;983.5;9587595.6;0.0;46647014.0;4.451;230.506;0.975;899.2;16488494.8;0.0;43635525.2;0.0;3106225.3;123.1;3758844.4;907.6;18270182.1;0.0;44132978.9;4.189;230.190;0.991
Wed Dec  1 15:53:02 2021;1638370382.389099871;2939.7;31815919.6;0.0;130486740.8;0.0;6979989.2;349.0;14999849.8;2960.3;37208529.1;0.0;131866629.7;0.993;49.968;1069.7;10585381.3;0.0;42900711.9;0.0;2376730.0;5.6;6126592.7;1069.7;12893608.9;0.0;43327215.1;4.857;230.460;1.000;961.4;6849602.2;0.0;46058077.6;0.0;2307490.3;218.3;5924867.1;985.9;9587612.1;0.0;46647014.0;4.453;230.709;0.975;908.7;16488510.0;0.0;43635525.2;0.0;3106225.3;125.1;3758846.5;917.2;18270197.3;0.0;44132978.9;4.219;230.348;0.991
Wed Dec  1 15:54:02 2021;1638370442.374943940;2971.7;31815969.0;0.0;130486740.8;0.0;6979989.2;317.4;14999855.4;2988.6;37208578.8;0.0;131866629.7;0.994;49.957;1080.4;10585399.3;0.0;42900711.9;0.0;2376730.0;55.1;6126592.9;1081.8;12893626.8;0.0;43327215.1;4.885;230.501;0.999;970.3;6849618.4;0.0;46058077.6;0.0;2307490.3;168.1;5924870.6;984.8;9587628.6;0.0;46647014.0;4.445;230.657;0.985;921.0;16488525.2;0.0;43635525.2;0.0;3106225.3;94.1;3758848.5;925.8;18270212.7;0.0;44132978.9;4.249;230.423;0.995
Wed Dec  1 15:55:02 2021;1638370502.373049499;2975.5;31816018.5;0.0;130486740.8;0.0;6979989.2;270.8;14999860.3;2987.8;37208628.6;0.0;131866629.7;0.996;49.971;1082.7;10585417.3;0.0;42900711.9;0.0;2376730.0;12.5;6126593.4;1082.7;12893644.9;0.0;43327215.1;4.884;230.436;1.000;970.1;6849634.6;0.0;46058077.6;0.0;2307490.3;107.7;5924872.8;976.0;9587645.0;0.0;46647014.0;4.409;230.349;0.994;922.7;16488540.5;0.0;43635525.2;0.0;3106225.3;150.6;3758850.6;935.0;18270228.2;0.0;44132978.9;4.275;230.128;0.987
Wed Dec  1 15:56:02 2021;1638370562.373148356;2988.0;31816068.2;0.0;130486740.8;0.0;6979989.2;255.5;14999864.6;2998.9;37208678.5;0.0;131866629.7;0.996;49.969;1088.1;10585435.4;0.0;42900711.9;0.0;2376730.0;7.9;6126593.6;1088.1;12893663.0;0.0;43327215.1;4.922;230.300;1.000;976.7;6849650.8;0.0;46058077.6;0.0;2307490.3;105.4;5924874.5;982.3;9587661.3;0.0;46647014.0;4.445;230.292;0.994;923.2;16488555.9;0.0;43635525.2;0.0;3106225.3;142.2;3758853.0;934.1;18270243.7;0.0;44132978.9;4.279;230.208;0.988
Wed Dec  1 15:57:02 2021;1638370622.331356821;6963.4;31816145.0;0.0;130486740.8;2777.2;6980006.8;0.0;14999867.3;7496.8;37208758.8;0.0;131866629.7;0.929;49.992;2306.7;10585461.2;0.0;42900711.9;1077.9;2376736.7;0.0;6126593.7;2546.1;12893690.2;0.0;43327215.1;11.131;229.980;0.906;2163.9;6849674.6;0.0;46058077.6;879.5;2307495.9;0.0;5924875.6;2335.8;9587686.2;0.0;46647014.0;10.233;229.712;0.926;2492.9;16488583.1;0.0;43635525.2;819.8;3106230.5;0.0;3758854.6;2624.2;18270271.9;0.0;44132978.9;11.496;229.471;0.950
Wed Dec  1 15:58:02 2021;1638370682.318404375;7159.6;31816262.6;0.0;130486740.8;2806.6;6980053.6;0.0;14999867.3;7690.1;37208885.4;0.0;131866629.7;0.931;50.006;2363.9;10585500.2;0.0;42900711.9;1076.9;2376754.7;0.0;6126593.7;2597.6;12893733.2;0.0;43327215.1;11.349;230.075;0.910;2245.2;6849711.3;0.0;46058077.6;890.2;2307510.8;0.0;5924875.6;2415.2;9587725.9;0.0;46647014.0;10.554;230.213;0.930;2550.6;16488625.1;0.0;43635525.2;839.5;3106244.4;0.0;3758854.6;2685.2;18270316.1;0.0;44132978.9;11.755;229.529;0.950
Wed Dec  1 15:59:02 2021;1638370742.303553246;8573.7;31816411.6;0.0;130486740.8;2115.4;6980092.9;0.0;14999867.3;8830.9;37209039.6;0.0;131866629.7;0.971;50.007;1620.0;10585531.9;0.0;42900711.9;900.7;2376770.9;0.0;6126593.7;1853.5;12893768.8;0.0;43327215.1;8.068;230.556;0.874;3853.4;6849775.3;0.0;46058077.6;616.0;2307522.7;0.0;5924875.6;3902.3;9587791.1;0.0;46647014.0;17.046;228.999;0.987;3100.4;16488678.3;0.0;43635525.2;598.7;3106255.7;0.0;3758854.6;3157.7;18270370.5;0.0;44132978.9;13.771;229.638;0.982
Wed Dec  1 16:00:02 2021;1638370802.790901465;8854.2;31816556.2;0.0;130486740.8;2139.1;6980128.4;0.0;14999867.3;9109.0;37209188.5;0.0;131866629.7;0.972;50.020;1740.2;10585559.6;0.0;42900711.9;898.9;2376786.0;0.0;6126593.7;1958.6;12893800.3;0.0;43327215.1;8.516;230.731;0.888;3938.9;6849840.2;0.0;46058077.6;639.6;2307533.2;0.0;5924875.6;3990.5;9587856.8;0.0;46647014.0;17.428;229.042;0.987;3175.1;16488730.4;0.0;43635525.2;600.6;3106265.6;0.0;3758854.6;3231.4;18270423.5;0.0;44132978.9;14.108;229.332;0.983
Wed Dec  1 16:01:02 2021;1638370862.275959466;9950.8;31816715.7;0.0;130486740.8;2378.2;6980166.6;0.0;14999867.3;10231.1;37209352.5;0.0;131866629.7;0.973;50.033;2113.8;10585592.8;0.0;42900711.9;989.5;2376801.8;0.0;6126593.7;2333.9;12893837.2;0.0;43327215.1;10.178;230.352;0.906;4283.2;6849909.5;0.0;46058077.6;716.3;2307544.7;0.0;5924875.6;4342.7;9587927.0;0.0;46647014.0;19.025;228.459;0.986;3553.8;16488787.3;0.0;43635525.2;672.4;3106276.4;0.0;3758854.6;3616.9;18270481.5;0.0;44132978.9;15.824;229.045;0.983
Wed Dec  1 16:02:02 2021;1638370922.272805294;7032.4;31816856.4;0.0;130486740.8;0.0;6980186.3;308.0;14999870.0;7039.1;37209495.6;0.0;131866629.7;0.999;50.034;1094.0;10585619.2;0.0;42900711.9;0.0;2376810.1;14.3;6126593.9;1094.1;12893865.4;0.0;43327215.1;4.957;231.211;1.000;3443.6;6849973.7;0.0;46058077.6;0.0;2307550.7;145.6;5924876.8;3446.6;9587991.8;0.0;46647014.0;15.086;229.265;0.999;2494.8;16488837.4;0.0;43635525.2;0.0;3106282.0;148.1;3758855.9;2499.2;18270532.2;0.0;44132978.9;10.963;229.936;0.998
Wed Dec  1 16:03:02 2021;1638370982.773796622;6670.4;31816970.3;0.0;130486740.8;0.0;6980186.3;253.8;14999875.6;6675.2;37209609.7;0.0;131866629.7;0.999;50.030;993.7;10585636.4;0.0;42900711.9;145.4;2376811.6;0.0;6126594.0;1004.3;12893882.7;0.0;43327215.1;4.671;231.241;0.989;3464.7;6850031.4;0.0;46058077.6;0.0;2307550.7;205.9;5924880.4;3470.8;9588049.6;0.0;46647014.0;15.202;229.163;0.998;2212.0;16488876.4;0.0;43635525.2;0.0;3106282.0;193.4;3758859.4;2220.4;18270571.4;0.0;44132978.9;9.749;230.245;0.996
Wed Dec  1 16:04:02 2021;1638371042.233837081;6736.5;31817081.1;0.0;130486740.8;0.0;6980186.3;231.2;14999879.6;6740.4;37209720.5;0.0;131866629.7;0.999;50.033;1005.3;10585652.9;0.0;42900711.9;149.1;2376814.0;0.0;6126594.0;1016.3;12893899.3;0.0;43327215.1;4.701;231.475;0.989;3499.1;6850088.9;0.0;46058077.6;0.0;2307550.7;199.1;5924883.7;3504.8;9588107.2;0.0;46647014.0;15.325;229.545;0.998;2232.1;16488913.1;0.0;43635525.2;0.0;3106282.0;181.2;3758862.5;2239.4;18270608.2;0.0;44132978.9;9.811;230.682;0.997
Wed Dec  1 16:05:02 2021;1638371102.219969111;7352.8;31817199.2;0.0;130486740.8;195.6;6980187.9;0.0;14999881.3;7355.4;37209838.6;0.0;131866629.7;1.000;50.026;1230.9;10585671.9;0.0;42900711.9;281.0;2376817.7;0.0;6126594.0;1262.5;12893918.7;0.0;43327215.1;5.821;231.392;0.975;3703.4;6850149.1;0.0;46058077.6;0.0;2307550.7;48.8;5924885.8;3703.8;9588167.5;0.0;46647014.0;16.216;229.470;1.000;2418.4;16488952.0;0.0;43635525.2;0.0;3106282.0;36.6;3758864.2;2418.7;18270647.1;0.0;44132978.9;10.628;230.395;1.000
Wed Dec  1 16:06:02 2021;1638371162.206054224;7285.5;31817317.9;0.0;130486740.8;168.1;6980189.5;0.0;14999881.5;7287.5;37209957.3;0.0;131866629.7;1.000;50.010;1211.8;10585691.2;0.0;42900711.9;274.2;2376821.8;0.0;6126594.0;1242.5;12893938.4;0.0;43327215.1;5.750;231.344;0.975;3677.0;6850209.5;0.0;46058077.6;0.0;2307550.7;57.0;5924887.2;3677.4;9588227.9;0.0;46647014.0;16.127;229.112;1.000;2396.7;16488991.1;0.0;43635525.2;0.0;3106282.0;49.1;3758865.5;2397.2;18270686.2;0.0;44132978.9;10.541;230.358;1.000
Wed Dec  1 16:07:02 2021;1638371222.191620922;7658.2;31817444.2;0.0;130486740.8;287.5;6980193.8;0.0;14999881.5;7663.6;37210083.7;0.0;131866629.7;0.999;49.978;1347.4;10585713.2;0.0;42900711.9;314.9;2376826.9;0.0;6126594.0;1383.8;12893961.0;0.0;43327215.1;6.326;231.446;0.974;3812.8;6850272.6;0.0;46058077.6;0.0;2307550.7;19.8;5924887.7;3812.8;9588290.9;0.0;46647014.0;16.691;229.470;1.000;2498.0;16489032.3;0.0;43635525.2;0.0;3106282.0;7.7;3758865.8;2498.0;18270727.5;0.0;44132978.9;10.959;230.383;1.000
Wed Dec  1 16:08:02 2021;1638371282.177757114;7649.5;31817572.3;0.0;130486740.8;279.6;6980198.8;0.0;14999881.5;7654.6;37210211.9;0.0;131866629.7;0.999;49.983;1345.5;10585735.8;0.0;42900711.9;311.7;2376832.2;0.0;6126594.0;1381.1;12893984.2;0.0;43327215.1;6.315;231.362;0.974;3811.5;6850336.3;0.0;46058077.6;0.0;2307550.7;23.2;5924888.0;3811.6;9588354.6;0.0;46647014.0;16.675;229.625;1.000;2492.4;16489074.1;0.0;43635525.2;0.0;3106282.1;8.9;3758865.9;2492.4;18270769.3;0.0;44132978.9;10.927;230.516;1.000
Wed Dec  1 16:09:02 2021;1638371342.173675740;7850.4;31817700.0;0.0;130486740.8;466.2;6980204.7;0.0;14999881.5;7864.3;37210339.7;0.0;131866629.7;0.998;49.977;1569.0;10585759.8;0.0;42900711.9;504.2;2376839.2;0.0;6126594.0;1648.0;12894009.2;0.0;43327215.1;7.421;230.990;0.952;3801.2;6850399.2;0.0;46058077.6;0.0;2307550.7;28.9;5924888.6;3801.3;9588417.5;0.0;46647014.0;16.637;229.529;1.000;2480.2;16489115.0;0.0;43635525.2;0.0;3106282.1;9.2;3758866.2;2480.3;18270810.1;0.0;44132978.9;10.876;230.448;1.000
Wed Dec  1 16:10:02 2021;1638371402.673152072;8602.3;31817843.7;0.0;130486740.8;1877.0;6980224.6;0.0;14999881.5;8804.7;37210485.3;0.0;131866629.7;0.977;49.964;1783.5;10585789.7;0.0;42900711.9;984.0;2376851.8;0.0;6126594.0;2036.9;12894041.7;0.0;43327215.1;9.019;231.179;0.876;4063.0;6850467.1;0.0;46058077.6;448.9;2307554.4;0.0;5924888.7;4087.8;9588485.7;0.0;46647014.0;17.854;229.759;0.994;2755.8;16489160.9;0.0;43635525.2;444.1;3106285.8;0.0;3758866.2;2791.3;18270856.3;0.0;44132978.9;12.191;230.674;0.987
Wed Dec  1 16:11:02 2021;1638371462.174208999;8014.1;31817978.0;0.0;130486740.8;517.1;6980235.6;0.0;14999881.5;8030.8;37210620.1;0.0;131866629.7;0.998;49.970;1579.5;10585816.3;0.0;42900711.9;518.6;2376861.2;0.0;6126594.0;1662.5;12894070.1;0.0;43327215.1;7.466;231.156;0.950;3875.4;6850531.8;0.0;46058077.6;0.0;2307555.1;8.8;5924888.7;3875.4;9588550.4;0.0;46647014.0;16.946;229.703;1.000;2559.2;16489203.7;0.0;43635525.2;7.3;3106286.7;0.0;3758866.2;2559.2;18270899.2;0.0;44132978.9;11.214;230.558;1.000
Wed Dec  1 16:12:02 2021;1638371522.621889131;4265.6;31818086.0;0.0;130486740.8;545.3;6980244.4;0.0;14999881.5;4300.3;37210728.5;0.0;131866629.7;0.992;49.973;1591.2;10585842.8;0.0;42900711.9;521.9;2376869.9;0.0;6126594.0;1674.6;12894097.9;0.0;43327215.1;7.547;230.248;0.950;1382.8;6850579.3;0.0;46058077.6;15.2;2307555.1;0.0;5924888.8;1382.9;9588597.9;0.0;46647014.0;6.207;230.495;1.000;1291.6;16489237.8;0.0;43635525.2;8.2;3106286.8;0.0;3758866.3;1291.6;18270933.2;0.0;44132978.9;5.821;230.404;1.000
Wed Dec  1 16:13:02 2021;1638371582.607618198;4381.4;31818158.3;0.0;130486740.8;605.5;6980254.0;0.0;14999881.5;4423.0;37210801.4;0.0;131866629.7;0.991;49.976;1630.8;10585869.7;0.0;42900711.9;540.7;2376878.8;0.0;6126594.0;1718.1;12894126.3;0.0;43327215.1;7.715;230.389;0.949;1422.4;6850602.8;0.0;46058077.6;34.8;2307555.5;0.0;5924888.8;1422.9;9588621.4;0.0;46647014.0;6.370;230.505;1.000;1328.2;16489259.7;0.0;43635525.2;30.0;3106287.1;0.0;3758866.3;1328.5;18270955.2;0.0;44132978.9;5.967;230.485;1.000
Wed Dec  1 16:14:02 2021;1638371642.594095455;4423.3;31818231.8;0.0;130486740.8;607.3;6980264.1;0.0;14999881.5;4464.8;37210875.7;0.0;131866629.7;0.991;50.006;1646.5;10585897.1;0.0;42900711.9;539.6;2376887.8;0.0;6126594.0;1732.7;12894155.1;0.0;43327215.1;7.763;230.685;0.950;1434.8;6850626.7;0.0;46058077.6;37.5;2307556.2;0.0;5924888.8;1435.3;9588645.3;0.0;46647014.0;6.412;230.914;1.000;1341.9;16489282.0;0.0;43635525.2;30.1;3106287.6;0.0;3758866.3;1342.2;18270977.5;0.0;44132978.9;6.018;230.818;1.000
Wed Dec  1 16:15:02 2021;1638371702.579342955;4432.1;31818305.4;0.0;130486740.8;613.3;6980274.2;0.0;14999881.5;4474.3;37210949.9;0.0;131866629.7;0.991;49.989;1634.9;10585924.4;0.0;42900711.9;541.6;2376896.8;0.0;6126594.0;1722.3;12894183.9;0.0;43327215.1;7.714;230.565;0.949;1445.1;6850650.6;0.0;46058077.6;40.2;2307556.7;0.0;5924888.8;1445.7;9588669.2;0.0;46647014.0;6.463;230.677;1.000;1352.0;16489304.4;0.0;43635525.2;31.5;3106288.1;0.0;3758866.3;1352.3;18270999.9;0.0;44132978.9;6.071;230.525;1.000
Wed Dec  1 16:16:02 2021;1638371762.573110927;4512.0;31818380.0;0.0;130486740.8;646.3;6980284.7;0.0;14999881.5;4558.1;37211025.3;0.0;131866629.7;0.990;49.974;1661.5;10585951.9;0.0;42900711.9;553.4;2376905.9;0.0;6126594.0;1751.2;12894212.8;0.0;43327215.1;7.834;230.558;0.949;1470.9;6850674.9;0.0;46058077.6;50.1;2307557.5;0.0;5924888.8;1471.7;9588693.5;0.0;46647014.0;6.572;230.765;0.999;1379.7;16489327.1;0.0;43635525.2;42.8;3106288.7;0.0;3758866.3;1380.4;18271022.6;0.0;44132978.9;6.187;230.580;1.000
Wed Dec  1 16:17:02 2021;1638371822.572997010;4371.4;31818454.4;0.0;130486740.8;468.8;6980294.5;0.0;14999881.5;4396.5;37211100.3;0.0;131866629.7;0.994;49.991;1502.0;10585978.6;0.0;42900711.9;359.9;2376914.0;0.0;6126594.0;1544.5;12894240.7;0.0;43327215.1;6.978;230.400;0.972;1482.8;6850699.5;0.0;46058077.6;57.8;2307558.4;0.0;5924888.8;1483.9;9588718.2;0.0;46647014.0;6.631;230.428;0.999;1386.6;16489350.2;0.0;43635525.2;51.1;3106289.5;0.0;3758866.3;1387.5;18271045.7;0.0;44132978.9;6.227;230.119;0.999
Wed Dec  1 16:18:02 2021;1638371882.573116071;4412.9;31818527.5;0.0;130486740.8;476.5;6980302.2;0.0;14999881.5;4438.6;37211173.8;0.0;131866629.7;0.994;49.965;1513.9;10586003.7;0.0;42900711.9;365.5;2376920.0;0.0;6126594.0;1557.4;12894266.5;0.0;43327215.1;7.039;230.187;0.972;1495.2;6850724.3;0.0;46058077.6;59.2;2307559.4;0.0;5924888.8;1496.3;9588743.0;0.0;46647014.0;6.688;230.303;0.999;1403.8;16489373.4;0.0;43635525.2;51.8;3106290.3;0.0;3758866.3;1404.8;18271068.9;0.0;44132978.9;6.302;230.058;0.999
Wed Dec  1 16:19:02 2021;1638371942.522715294;4476.3;31818601.7;0.0;130486740.8;517.5;6980310.4;0.0;14999881.5;4506.1;37211248.5;0.0;131866629.7;0.993;50.000;1536.0;10586029.2;0.0;42900711.9;316.0;2376926.0;0.0;6126594.0;1568.2;12894292.8;0.0;43327215.1;7.055;230.055;0.979;1515.2;6850749.4;0.0;46058077.6;113.8;2307560.5;0.0;5924888.8;1519.5;9588768.1;0.0;46647014.0;6.780;230.226;0.997;1425.0;16489397.0;0.0;43635525.2;87.8;3106291.3;0.0;3758866.3;1427.7;18271092.5;0.0;44132978.9;6.399;229.838;0.998
Wed Dec  1 16:20:02 2021;1638372002.508959270;4521.2;31818676.7;0.0;130486740.8;531.7;6980319.1;0.0;14999881.5;4552.3;37211324.0;0.0;131866629.7;0.993;49.974;1556.7;10586055.0;0.0;42900711.9;319.9;2376931.3;0.0;6126594.0;1589.2;12894319.1;0.0;43327215.1;7.132;230.301;0.980;1527.4;6850774.8;0.0;46058077.6;118.6;2307562.4;0.0;5924888.8;1531.9;9588793.6;0.0;46647014.0;6.829;230.341;0.997;1437.1;16489420.8;0.0;43635525.2;93.2;3106292.8;0.0;3758866.3;1440.2;18271116.4;0.0;44132978.9;6.445;230.039;0.998
Wed Dec  1 16:21:02 2021;1638372062.494809516;4569.4;31818752.4;0.0;130486740.8;550.5;6980328.1;0.0;14999881.5;4602.4;37211400.2;0.0;131866629.7;0.993;49.959;1577.6;10586081.1;0.0;42900711.9;325.6;2376936.7;0.0;6126594.0;1610.9;12894345.8;0.0;43327215.1;7.206;230.847;0.979;1543.5;6850800.4;0.0;46058077.6;124.3;2307564.5;0.0;5924888.8;1548.5;9588819.2;0.0;46647014.0;6.885;230.823;0.997;1448.3;16489444.8;0.0;43635525.2;100.6;3106294.4;0.0;3758866.3;1451.8;18271140.5;0.0;44132978.9;6.479;230.551;0.998
Wed Dec  1 16:22:02 2021;1638372122.480772818;4617.8;31818829.1;0.0;130486740.8;607.7;6980337.7;0.0;14999881.5;4657.6;37211477.5;0.0;131866629.7;0.991;49.977;1593.3;10586107.6;0.0;42900711.9;274.6;2376941.8;0.0;6126594.0;1616.8;12894372.7;0.0;43327215.1;7.209;230.711;0.985;1559.1;6850826.2;0.0;46058077.6;185.0;2307567.0;0.0;5924888.8;1570.0;9588845.2;0.0;46647014.0;6.971;230.716;0.993;1465.4;16489469.2;0.0;43635525.2;148.1;3106296.4;0.0;3758866.3;1472.9;18271164.9;0.0;44132978.9;6.568;230.387;0.995
Wed Dec  1 16:23:01 2021;1638372181.473044810;4656.3;31818904.9;0.0;130486740.8;638.2;6980348.0;0.0;14999881.5;4699.9;37211554.0;0.0;131866629.7;0.991;49.985;1605.6;10586133.6;0.0;42900711.9;226.8;2376945.6;0.0;6126594.0;1621.5;12894399.0;0.0;43327215.1;7.210;230.695;0.990;1573.2;6850851.9;0.0;46058077.6;229.4;2307570.6;0.0;5924888.8;1589.9;9588871.1;0.0;46647014.0;7.048;230.779;0.990;1477.5;16489493.3;0.0;43635525.2;181.9;3106299.3;0.0;3758866.3;1488.7;18271189.2;0.0;44132978.9;6.634;230.229;0.993
Wed Dec  1 16:24:01 2021;1638372241.473116510;4681.5;31818982.6;0.0;130486740.8;656.7;6980359.0;0.0;14999881.5;4727.3;37211632.5;0.0;131866629.7;0.990;50.000;1608.1;10586160.3;0.0;42900711.9;233.5;2376949.5;0.0;6126594.0;1625.0;12894426.0;0.0;43327215.1;7.234;230.368;0.990;1583.6;6850878.2;0.0;46058077.6;235.3;2307574.5;0.0;5924888.8;1601.0;9588897.7;0.0;46647014.0;7.102;230.520;0.989;1489.7;16489518.0;0.0;43635525.2;187.8;3106302.4;0.0;3758866.3;1501.5;18271214.1;0.0;44132978.9;6.697;229.936;0.992
Wed Dec  1 16:25:01 2021;1638372301.472704224;4747.7;31819061.1;0.0;130486740.8;687.3;6980370.2;0.0;14999881.5;4797.2;37211711.8;0.0;131866629.7;0.990;49.988;1620.6;10586187.2;0.0;42900711.9;243.7;2376953.5;0.0;6126594.0;1638.8;12894453.2;0.0;43327215.1;7.289;230.417;0.989;1618.5;6850904.9;0.0;46058077.6;246.2;2307578.5;0.0;5924888.8;1637.2;9588924.7;0.0;46647014.0;7.270;230.487;0.989;1508.5;16489543.0;0.0;43635525.2;197.4;3106305.6;0.0;3758866.3;1521.4;18271239.3;0.0;44132978.9;6.780;229.947;0.992
Wed Dec  1 16:26:01 2021;1638372361.423824868;4899.7;31819140.8;0.0;130486740.8;690.4;6980381.7;0.0;14999881.5;4948.1;37211792.3;0.0;131866629.7;0.990;49.981;1757.7;10586214.6;0.0;42900711.9;245.0;2376957.6;0.0;6126594.0;1774.7;12894480.9;0.0;43327215.1;7.874;230.342;0.990;1626.1;6850931.9;0.0;46058077.6;246.6;2307582.6;0.0;5924888.8;1644.7;9588952.0;0.0;46647014.0;7.300;230.540;0.989;1515.9;16489568.2;0.0;43635525.2;198.8;3106308.9;0.0;3758866.3;1528.9;18271264.7;0.0;44132978.9;6.809;229.978;0.992
Wed Dec  1 16:27:01 2021;1638372421.410431096;5020.2;31819223.7;0.0;130486740.8;697.5;6980393.3;0.0;14999881.5;5068.4;37211876.0;0.0;131866629.7;0.990;49.985;1849.5;10586245.0;0.0;42900711.9;244.6;2376961.7;0.0;6126594.0;1865.6;12894511.5;0.0;43327215.1;8.270;230.062;0.991;1636.9;6850959.1;0.0;46058077.6;249.3;2307586.7;0.0;5924888.8;1655.8;9588979.5;0.0;46647014.0;7.351;230.410;0.989;1533.8;16489593.6;0.0;43635525.2;203.6;3106312.3;0.0;3758866.3;1547.3;18271290.3;0.0;44132978.9;6.892;229.902;0.991
Wed Dec  1 16:28:01 2021;1638372481.396295378;6089.0;31819317.3;0.0;130486740.8;290.5;6980402.2;0.0;14999881.5;6096.0;37211970.1;0.0;131866629.7;0.999;49.979;3560.8;10586290.0;0.0;42900711.9;103.5;2376964.8;0.0;6126594.0;3562.3;12894556.7;0.0;43327215.1;15.622;229.172;1.000;1320.6;6850984.3;0.0;46058077.6;109.5;2307590.0;0.0;5924888.8;1325.1;9589004.9;0.0;46647014.0;5.953;230.782;0.997;1207.6;16489616.9;0.0;43635525.2;77.4;3106314.8;0.0;3758866.3;1210.1;18271313.8;0.0;44132978.9;5.464;230.344;0.998
Wed Dec  1 16:29:01 2021;1638372541.382516830;5037.8;31819407.0;0.0;130486740.8;0.0;6980403.1;425.6;14999884.7;5055.7;37212060.0;0.0;131866629.7;0.996;49.977;3214.7;10586345.8;0.0;42900711.9;0.0;2376965.2;130.4;6126595.0;3217.3;12894612.5;0.0;43327215.1;14.065;229.546;0.999;965.6;6851002.2;0.0;46058077.6;0.0;2307590.4;124.7;5924889.7;973.6;9589022.9;0.0;46647014.0;4.404;230.993;0.992;857.5;16489633.0;0.0;43635525.2;0.0;3106315.0;170.4;3758867.6;874.3;18271330.0;0.0;44132978.9;3.962;230.544;0.981
Wed Dec  1 16:30:01 2021;1638372601.873615218;2762.0;31819475.8;0.0;130486740.8;0.0;6980403.1;1077.2;14999896.6;2964.6;37212130.2;0.0;131866629.7;0.932;49.985;2553.1;10586395.5;0.0;42900711.9;0.0;2376965.2;342.0;6126598.5;2575.9;12894662.4;0.0;43327215.1;11.196;230.509;0.991;97.2;6851012.2;0.0;46058077.6;0.0;2307590.4;350.5;5924893.6;363.7;9589034.7;0.0;46647014.0;1.659;231.969;0.267;111.7;16489642.1;0.0;43635525.2;0.0;3106315.0;384.8;3758872.2;400.6;18271341.2;0.0;44132978.9;1.844;231.879;0.279
Wed Dec  1 16:31:01 2021;1638372661.373179387;2752.6;31819521.5;0.0;130486740.8;0.0;6980403.1;1071.5;14999914.4;2953.8;37212179.2;0.0;131866629.7;0.932;50.004;2541.9;10586437.7;0.0;42900711.9;0.0;2376965.2;339.7;6126604.1;2564.5;12894705.0;0.0;43327215.1;11.171;230.018;0.991;98.6;6851013.8;0.0;46058077.6;0.0;2307590.4;348.2;5924899.4;361.9;9589040.7;0.0;46647014.0;1.655;231.602;0.273;112.1;16489643.9;0.0;43635525.2;0.0;3106315.0;383.5;3758878.5;399.6;18271347.8;0.0;44132978.9;1.843;231.455;0.281
Wed Dec  1 16:32:01 2021;1638372721.373201391;2750.2;31819567.4;0.0;130486740.8;0.0;6980403.1;1071.2;14999932.2;2951.4;37212228.4;0.0;131866629.7;0.932;49.980;2541.4;10586480.1;0.0;42900711.9;0.0;2376965.2;341.0;6126609.8;2564.2;12894747.7;0.0;43327215.1;11.158;230.260;0.991;99.0;6851015.4;0.0;46058077.6;0.0;2307590.4;349.1;5924905.2;362.9;9589046.7;0.0;46647014.0;1.656;231.885;0.273;109.8;16489645.8;0.0;43635525.2;0.0;3106315.0;381.0;3758884.9;396.6;18271354.4;0.0;44132978.9;1.828;231.695;0.277
Wed Dec  1 16:33:01 2021;1638372781.826525558;772.9;31819594.7;0.0;130486740.8;0.0;6980403.1;1051.6;14999950.3;1305.1;37212262.7;0.0;131866629.7;0.592;49.974;460.0;10586503.9;0.0;42900711.9;0.0;2376965.2;345.2;6126615.5;575.1;12894772.8;0.0;43327215.1;2.578;231.722;0.800;98.1;6851017.1;0.0;46058077.6;0.0;2307590.4;348.2;5924911.1;361.8;9589052.8;0.0;46647014.0;1.652;231.843;0.271;214.7;16489647.6;0.0;43635525.2;0.0;3106315.0;358.2;3758891.3;417.6;18271361.1;0.0;44132978.9;1.920;231.748;0.514
Wed Dec  1 16:34:01 2021;1638372841.811786569;4743.9;31819636.2;0.0;130486740.8;2018.4;6980416.7;0.0;14999960.8;5155.5;37212311.6;0.0;131866629.7;0.920;49.995;1684.4;10586519.8;0.0;42900711.9;749.3;2376970.3;0.0;6126618.9;1843.5;12894790.8;0.0;43327215.1;7.989;231.241;0.914;1288.8;6851026.7;0.0;46058077.6;657.4;2307594.8;0.0;5924914.5;1446.8;9589066.1;0.0;46647014.0;6.279;231.271;0.891;1770.7;16489663.7;0.0;43635525.2;611.7;3106319.2;0.0;3758895.0;1873.4;18271379.3;0.0;44132978.9;8.132;230.932;0.945
Wed Dec  1 16:35:01 2021;1638372901.797604201;4820.7;31819715.4;0.0;130486740.8;2009.4;6980450.3;0.0;14999960.8;5222.7;37212397.6;0.0;131866629.7;0.923;49.971;1740.8;10586548.3;0.0;42900711.9;752.0;2376982.8;0.0;6126618.9;1896.3;12894822.0;0.0;43327215.1;8.234;230.764;0.918;1351.5;6851048.7;0.0;46058077.6;657.0;2307605.8;0.0;5924914.5;1502.7;9589090.7;0.0;46647014.0;6.534;230.791;0.899;1728.4;16489692.4;0.0;43635525.2;600.4;3106329.3;0.0;3758895.0;1829.7;18271409.7;0.0;44132978.9;7.957;230.493;0.945
Wed Dec  1 16:36:01 2021;1638372961.783695494;5056.4;31819796.5;0.0;130486740.8;2033.9;6980484.0;0.0;14999960.8;5450.1;37212485.4;0.0;131866629.7;0.928;49.984;1776.5;10586577.5;0.0;42900711.9;750.5;2376995.4;0.0;6126618.9;1928.5;12894853.8;0.0;43327215.1;8.378;230.632;0.921;1385.4;6851071.5;0.0;46058077.6;664.3;2307616.8;0.0;5924914.5;1536.4;9589115.9;0.0;46647014.0;6.678;230.851;0.902;1894.5;16489721.4;0.0;43635525.2;619.1;3106339.4;0.0;3758895.0;1993.1;18271440.4;0.0;44132978.9;8.744;230.270;0.951
Wed Dec  1 16:37:01 2021;1638373021.773671260;4970.9;31819885.2;0.0;130486740.8;2031.9;6980518.7;0.0;14999960.8;5370.2;37212580.7;0.0;131866629.7;0.926;49.972;1792.6;10586607.4;0.0;42900711.9;759.8;2377007.9;0.0;6126618.9;1947.0;12894886.3;0.0;43327215.1;8.449;230.870;0.921;1401.6;6851094.7;0.0;46058077.6;666.5;2307627.9;0.0;5924914.5;1552.0;9589141.7;0.0;46647014.0;6.740;231.014;0.903;1776.7;16489757.0;0.0;43635525.2;605.5;3106350.4;0.0;3758895.0;1877.0;18271477.7;0.0;44132978.9;8.159;230.552;0.947
Wed Dec  1 16:38:01 2021;1638373081.773710627;4918.4;31819967.8;0.0;130486740.8;2030.3;6980552.6;0.0;14999960.8;5321.0;37212670.0;0.0;131866629.7;0.924;49.973;1719.9;10586636.9;0.0;42900711.9;769.0;2377020.7;0.0;6126618.9;1883.9;12894918.4;0.0;43327215.1;8.184;230.680;0.913;1405.1;6851118.1;0.0;46058077.6;657.5;2307638.9;0.0;5924914.5;1551.3;9589167.6;0.0;46647014.0;6.753;230.492;0.906;1793.4;16489786.7;0.0;43635525.2;603.9;3106360.5;0.0;3758895.0;1892.4;18271509.1;0.0;44132978.9;8.235;230.291;0.948
Wed Dec  1 16:39:01 2021;1638373141.773708279;1504.8;31820027.5;0.0;130486740.8;289.1;6980573.7;0.0;14999960.8;1532.3;37212733.6;0.0;131866629.7;0.982;49.972;569.0;10586658.3;0.0;42900711.9;116.8;2377028.7;0.0;6126618.9;580.9;12894941.3;0.0;43327215.1;2.596;231.225;0.980;274.8;6851134.4;0.0;46058077.6;109.1;2307645.9;0.0;5924914.5;295.7;9589185.4;0.0;46647014.0;1.377;231.083;0.929;660.9;16489808.7;0.0;43635525.2;63.1;3106366.5;0.0;3758895.0;663.9;18271532.0;0.0;44132978.9;2.939;230.857;0.995
Wed Dec  1 16:40:01 2021;1638373201.728112325;697.7;31820042.3;0.0;130486740.8;0.0;6980574.0;1039.4;14999976.9;1251.8;37212756.3;0.0;131866629.7;0.557;49.967;401.4;10586665.2;0.0;42900711.9;0.0;2377028.8;328.5;6126624.0;518.7;12894950.1;0.0;43327215.1;2.353;231.209;0.774;79.9;6851136.1;0.0;46058077.6;0.0;2307646.1;347.7;5924919.9;356.8;9589191.3;0.0;46647014.0;1.604;231.298;0.224;216.4;16489815.0;0.0;43635525.2;0.0;3106366.6;363.2;3758900.7;422.8;18271540.8;0.0;44132978.9;1.941;231.142;0.512
Wed Dec  1 16:41:01 2021;1638373261.714037714;597.4;31820052.3;0.0;130486740.8;0.0;6980574.0;1060.5;14999994.5;1217.1;37212776.5;0.0;131866629.7;0.491;49.973;405.6;10586672.0;0.0;42900711.9;0.0;2377028.8;330.1;6126629.5;522.9;12894958.8;0.0;43327215.1;2.370;231.391;0.776;80.1;6851137.4;0.0;46058077.6;0.0;2307646.1;348.4;5924925.7;357.4;9589197.2;0.0;46647014.0;1.605;231.579;0.224;111.7;16489816.9;0.0;43635525.2;0.0;3106366.6;382.0;3758907.0;398.0;18271547.5;0.0;44132978.9;1.836;231.455;0.281
Wed Dec  1 16:42:01 2021;1638373321.699676594;4790.0;31820118.7;0.0;130486740.8;0.0;6980574.0;990.6;15000012.2;4891.4;37212846.1;0.0;131866629.7;0.979;50.000;403.7;10586678.7;0.0;42900711.9;0.0;2377028.8;330.8;6126635.0;521.9;12894967.5;0.0;43327215.1;2.361;231.557;0.773;2657.7;6851176.0;0.0;46058077.6;0.0;2307646.1;364.5;5924931.7;2682.6;9589236.9;0.0;46647014.0;11.688;229.678;0.991;1728.6;16489837.8;0.0;43635525.2;0.0;3106366.6;295.3;3758913.1;1753.7;18271569.7;0.0;44132978.9;7.634;230.622;0.986
Wed Dec  1 16:43:01 2021;1638373381.695855817;4485.6;31820197.3;0.0;130486740.8;0.0;6980574.0;1064.1;15000029.2;4610.1;37212926.5;0.0;131866629.7;0.973;49.971;405.3;10586685.5;0.0;42900711.9;0.0;2377028.8;330.7;6126640.6;523.1;12894976.3;0.0;43327215.1;2.364;231.675;0.775;2636.2;6851220.3;0.0;46058077.6;0.0;2307646.1;364.1;5924937.8;2661.2;9589281.5;0.0;46647014.0;11.586;229.850;0.991;1444.2;16489865.5;0.0;43635525.2;0.0;3106366.6;369.3;3758918.5;1490.6;18271597.9;0.0;44132978.9;6.511;230.835;0.969
Wed Dec  1 16:44:01 2021;1638373441.673145435;4371.9;31820271.7;0.0;130486740.8;0.0;6980574.0;1048.6;15000046.9;4495.8;37213003.0;0.0;131866629.7;0.972;49.973;315.9;10586692.0;0.0;42900711.9;0.0;2377028.8;318.0;6126646.0;448.3;12894984.8;0.0;43327215.1;2.057;231.699;0.705;2620.9;6851264.1;0.0;46058077.6;0.0;2307646.1;364.8;5924943.9;2646.2;9589325.8;0.0;46647014.0;11.521;229.853;0.990;1435.0;16489889.5;0.0;43635525.2;0.0;3106366.6;365.8;3758924.6;1480.9;18271622.7;0.0;44132978.9;6.469;230.823;0.969
Wed Dec  1 16:45:01 2021;1638373501.673606315;4352.9;31820344.5;0.0;130486740.8;0.0;6980574.0;1046.6;15000064.4;4477.0;37213077.8;0.0;131866629.7;0.972;49.979;313.0;10586697.2;0.0;42900711.9;0.0;2377028.8;317.1;6126651.3;445.6;12894992.2;0.0;43327215.1;2.048;231.472;0.702;2609.5;6851307.8;0.0;46058077.6;0.0;2307646.1;364.5;5924950.0;2634.8;9589369.9;0.0;46647014.0;11.476;229.754;0.990;1430.4;16489913.4;0.0;43635525.2;0.0;3106366.6;365.0;3758930.8;1476.3;18271647.3;0.0;44132978.9;6.456;230.620;0.969
Wed Dec  1 16:46:01 2021;1638373561.673020397;4472.8;31820417.5;0.0;130486740.8;0.0;6980574.0;1026.3;15000081.7;4589.0;37213152.9;0.0;131866629.7;0.975;49.964;346.0;10586703.0;0.0;42900711.9;0.0;2377028.8;317.7;6126656.6;469.7;12895000.1;0.0;43327215.1;2.149;231.164;0.737;2599.8;6851351.2;0.0;46058077.6;0.0;2307646.1;363.6;5924956.0;2625.1;9589413.7;0.0;46647014.0;11.451;229.410;0.990;1527.0;16489937.2;0.0;43635525.2;0.0;3106366.6;344.9;3758936.8;1565.5;18271671.9;0.0;44132978.9;6.849;230.305;0.975
Wed Dec  1 16:47:01 2021;1638373621.628741437;4479.6;31820492.1;0.0;130486740.8;0.0;6980574.0;1036.8;15000098.9;4598.0;37213229.4;0.0;131866629.7;0.974;49.978;343.4;10586708.8;0.0;42900711.9;0.0;2377028.8;316.9;6126661.9;467.2;12895007.9;0.0;43327215.1;2.135;231.259;0.735;2603.1;6851394.5;0.0;46058077.6;0.0;2307646.1;364.4;5924962.1;2628.5;9589457.5;0.0;46647014.0;11.458;229.564;0.990;1533.1;16489962.7;0.0;43635525.2;0.0;3106366.6;355.6;3758942.6;1573.8;18271698.0;0.0;44132978.9;6.883;230.420;0.974
Wed Dec  1 16:48:01 2021;1638373681.614571154;4383.1;31820565.3;0.0;130486740.8;0.0;6980574.0;1050.4;15000116.4;4507.2;37213304.7;0.0;131866629.7;0.972;49.993;345.1;10586714.6;0.0;42900711.9;0.0;2377028.8;317.8;6126667.1;469.1;12895015.7;0.0;43327215.1;2.143;231.312;0.736;2609.7;6851438.0;0.0;46058077.6;0.0;2307646.1;364.8;5924968.2;2635.0;9589501.4;0.0;46647014.0;11.474;229.817;0.990;1428.3;16489986.6;0.0;43635525.2;0.0;3106366.6;367.9;3758948.8;1474.9;18271722.8;0.0;44132978.9;6.457;230.386;0.968
Wed Dec  1 16:49:01 2021;1638373741.600403438;4390.4;31820638.4;0.0;130486740.8;0.0;6980574.0;1050.4;15000133.9;4514.3;37213379.9;0.0;131866629.7;0.973;49.967;349.2;10586720.3;0.0;42900711.9;0.0;2377028.8;317.4;6126672.4;471.9;12895023.6;0.0;43327215.1;2.159;231.201;0.740;2612.2;6851481.6;0.0;46058077.6;0.0;2307646.1;365.0;5924974.3;2637.6;9589545.4;0.0;46647014.0;11.480;229.925;0.990;1429.0;16490010.4;0.0;43635525.2;0.0;3106366.6;368.0;3758954.9;1475.7;18271747.4;0.0;44132978.9;6.462;230.353;0.968
Wed Dec  1 16:50:01 2021;1638373801.586302370;4395.9;31820711.7;0.0;130486740.8;0.0;6980574.0;1050.4;15000151.4;4519.6;37213455.2;0.0;131866629.7;0.973;49.971;351.7;10586726.2;0.0;42900711.9;0.0;2377028.8;317.2;6126677.7;473.6;12895031.5;0.0;43327215.1;2.162;231.358;0.743;2614.1;6851525.1;0.0;46058077.6;0.0;2307646.1;365.2;5924980.4;2639.5;9589589.3;0.0;46647014.0;11.486;229.977;0.990;1430.1;16490034.3;0.0;43635525.2;0.0;3106366.6;368.0;3758961.1;1476.7;18271772.0;0.0;44132978.9;6.460;230.560;0.968
Wed Dec  1 16:51:01 2021;1638373861.572790780;4392.8;31820784.9;0.0;130486740.8;0.0;6980574.0;1050.5;15000168.9;4516.7;37213530.5;0.0;131866629.7;0.973;49.961;345.4;10586732.0;0.0;42900711.9;0.0;2377028.8;317.1;6126683.0;468.8;12895039.3;0.0;43327215.1;2.140;231.396;0.737;2614.8;6851568.7;0.0;46058077.6;0.0;2307646.1;365.3;5924986.4;2640.2;9589633.3;0.0;46647014.0;11.489;229.965;0.990;1432.7;16490058.1;0.0;43635525.2;0.0;3106366.6;368.1;3758967.2;1479.2;18271796.6;0.0;44132978.9;6.469;230.620;0.969
Wed Dec  1 16:52:01 2021;1638373921.573127003;4277.9;31820859.2;0.0;130486740.8;0.0;6980574.0;1052.7;15000186.5;4405.5;37213606.9;0.0;131866629.7;0.971;49.944;236.0;10586738.9;0.0;42900711.9;0.0;2377028.8;320.7;6126688.4;398.2;12895048.2;0.0;43327215.1;1.861;231.263;0.593;2612.2;6851612.3;0.0;46058077.6;0.0;2307646.1;364.7;5924992.5;2637.6;9589677.4;0.0;46647014.0;11.483;229.867;0.990;1429.7;16490082.0;0.0;43635525.2;0.0;3106366.6;367.2;3758973.3;1476.1;18271821.2;0.0;44132978.9;6.462;230.374;0.969
Wed Dec  1 16:53:01 2021;1638373981.573110958;4365.3;31820931.3;0.0;130486740.8;0.0;6980574.0;1052.4;15000204.2;4490.3;37213681.1;0.0;131866629.7;0.972;49.929;335.3;10586743.9;0.0;42900711.9;0.0;2377028.8;323.7;6126693.7;466.1;12895055.6;0.0;43327215.1;2.146;230.835;0.719;2607.1;6851655.6;0.0;46058077.6;0.0;2307646.1;363.3;5924998.7;2632.3;9589721.1;0.0;46647014.0;11.474;229.583;0.990;1422.9;16490105.7;0.0;43635525.2;0.0;3106366.6;365.3;3758979.4;1469.0;18271845.7;0.0;44132978.9;6.446;229.866;0.969
Wed Dec  1 16:54:01 2021;1638374041.530762939;555.3;31820995.9;0.0;130486740.8;0.0;6980574.0;1045.0;15000221.7;1183.4;37213748.9;0.0;131866629.7;0.469;49.939;335.7;10586749.4;0.0;42900711.9;0.0;2377028.8;321.6;6126699.1;464.9;12895063.3;0.0;43327215.1;2.149;230.208;0.722;78.2;6851693.7;0.0;46058077.6;0.0;2307646.1;346.2;5925004.8;355.0;9589760.1;0.0;46647014.0;1.600;230.602;0.220;141.4;16490126.7;0.0;43635525.2;0.0;3106366.6;377.2;3758985.5;402.8;18271868.0;0.0;44132978.9;1.940;229.984;0.351
Wed Dec  1 16:55:01 2021;1638374101.516699519;552.7;31821005.1;0.0;130486740.8;0.0;6980574.0;1044.6;15000239.1;1181.8;37213768.5;0.0;131866629.7;0.468;49.920;332.3;10586754.9;0.0;42900711.9;0.0;2377028.8;321.6;6126704.5;462.4;12895071.0;0.0;43327215.1;2.135;229.996;0.719;78.5;6851695.0;0.0;46058077.6;0.0;2307646.1;346.3;5925010.6;355.1;9589766.1;0.0;46647014.0;1.599;230.602;0.221;141.8;16490129.1;0.0;43635525.2;0.0;3106366.6;376.7;3758991.8;402.5;18271874.7;0.0;44132978.9;1.941;229.679;0.352
Wed Dec  1 16:56:01 2021;1638374161.502633140;552.6;31821014.3;0.0;130486740.8;0.0;6980574.0;1043.4;15000256.5;1180.7;37213788.2;0.0;131866629.7;0.468;49.927;331.4;10586760.5;0.0;42900711.9;0.0;2377028.8;321.0;6126709.8;461.4;12895078.6;0.0;43327215.1;2.135;229.757;0.718;78.9;6851696.3;0.0;46058077.6;0.0;2307646.1;346.2;5925016.3;355.0;9589772.0;0.0;46647014.0;1.601;230.450;0.222;142.3;16490131.4;0.0;43635525.2;0.0;3106366.6;376.2;3758998.0;402.3;18271881.4;0.0;44132978.9;1.945;229.620;0.354
Wed Dec  1 16:57:01 2021;1638374221.488299722;639.0;31821023.9;0.0;130486740.8;0.0;6980574.0;1049.1;15000273.7;1228.4;37213808.1;0.0;131866629.7;0.520;49.947;416.3;10586766.4;0.0;42900711.9;0.0;2377028.9;323.2;6126715.1;527.0;12895086.7;0.0;43327215.1;2.401;229.832;0.790;78.2;6851697.6;0.0;46058077.6;0.0;2307646.1;346.1;5925022.1;354.8;9589777.9;0.0;46647014.0;1.602;230.357;0.220;144.5;16490133.8;0.0;43635525.2;0.0;3106366.6;379.8;3759004.3;406.4;18271888.1;0.0;44132978.9;1.964;229.601;0.356
Wed Dec  1 16:58:01 2021;1638374281.474207021;629.2;31821034.5;0.0;130486740.8;0.0;6980574.0;1049.0;15000291.2;1223.3;37213828.5;0.0;131866629.7;0.514;49.957;407.8;10586773.3;0.0;42900711.9;0.0;2377028.9;324.7;6126720.5;521.3;12895095.5;0.0;43327215.1;2.373;229.762;0.782;78.3;6851698.9;0.0;46058077.6;0.0;2307646.1;345.4;5925027.8;354.2;9589783.8;0.0;46647014.0;1.600;230.177;0.221;143.2;16490136.2;0.0;43635525.2;0.0;3106366.6;378.9;3759010.6;405.1;18271894.8;0.0;44132978.9;1.957;229.448;0.353
Wed Dec  1 16:59:01 2021;1638374341.473486417;631.4;31821045.0;0.0;130486740.8;0.0;6980574.0;1050.3;15000308.7;1225.5;37213848.9;0.0;131866629.7;0.515;49.965;410.5;10586780.2;0.0;42900711.9;0.0;2377028.9;325.1;6126725.9;523.6;12895104.2;0.0;43327215.1;2.387;230.076;0.784;78.1;6851700.2;0.0;46058077.6;0.0;2307646.1;345.7;5925033.6;354.5;9589789.7;0.0;46647014.0;1.601;230.383;0.220;142.8;16490138.5;0.0;43635525.2;0.0;3106366.6;379.5;3759016.9;405.5;18271901.5;0.0;44132978.9;1.958;229.684;0.352
Wed Dec  1 17:00:01 2021;1638374401.975556684;631.5;31821055.6;0.0;130486740.8;0.0;6980574.0;1050.9;15000326.4;1226.0;37213869.5;0.0;131866629.7;0.515;49.999;409.3;10586787.1;0.0;42900711.9;0.0;2377028.9;325.9;6126731.4;523.2;12895113.0;0.0;43327215.1;2.379;229.681;0.782;78.4;6851701.5;0.0;46058077.6;0.0;2307646.1;345.7;5925039.4;354.5;9589795.6;0.0;46647014.0;1.599;230.072;0.221;143.8;16490140.9;0.0;43635525.2;0.0;3106366.6;379.3;3759023.3;405.6;18271908.4;0.0;44132978.9;1.957;229.299;0.354
Wed Dec  1 17:01:01 2021;1638374461.932177398;612.1;31821065.9;0.0;130486740.8;0.0;6980574.0;1073.1;15000344.1;1235.4;37213890.0;0.0;131866629.7;0.495;50.019;409.1;10586793.9;0.0;42900711.9;0.0;2377028.9;326.4;6126736.8;523.4;12895121.7;0.0;43327215.1;2.377;229.950;0.782;61.9;6851702.7;0.0;46058077.6;0.0;2307646.1;370.1;5925045.4;375.2;9589801.8;0.0;46647014.0;1.686;230.343;0.165;141.1;16490143.3;0.0;43635525.2;0.0;3106366.6;376.6;3759029.6;402.2;18271915.1;0.0;44132978.9;1.940;229.584;0.351
Wed Dec  1 17:02:01 2021;1638374521.918883609;631.5;31821076.4;0.0;130486740.8;0.0;6980574.0;1050.9;15000361.6;1226.1;37213910.4;0.0;131866629.7;0.515;50.026;411.7;10586800.7;0.0;42900711.9;0.0;2377028.9;327.1;6126742.3;525.8;12895130.5;0.0;43327215.1;2.386;229.974;0.783;78.6;6851704.0;0.0;46058077.6;0.0;2307646.1;346.8;5925051.2;355.6;9589807.7;0.0;46647014.0;1.600;230.457;0.221;141.2;16490145.6;0.0;43635525.2;0.0;3106366.6;377.0;3759035.9;402.6;18271921.8;0.0;44132978.9;1.940;229.484;0.351
Wed Dec  1 17:03:01 2021;1638374581.903818466;624.2;31821086.8;0.0;130486740.8;0.0;6980574.0;1042.5;15000379.1;1215.1;37213930.8;0.0;131866629.7;0.514;50.021;403.9;10586807.5;0.0;42900711.9;0.0;2377028.9;323.9;6126747.7;517.7;12895139.2;0.0;43327215.1;2.355;229.180;0.780;78.5;6851705.3;0.0;46058077.6;0.0;2307646.1;344.4;5925057.0;353.2;9589813.6;0.0;46647014.0;1.597;229.581;0.222;141.8;16490147.9;0.0;43635525.2;0.0;3106366.6;374.2;3759042.1;400.2;18271928.4;0.0;44132978.9;1.938;228.657;0.354
Wed Dec  1 17:04:01 2021;1638374641.890115116;629.5;31821097.4;0.0;130486740.8;0.0;6980574.0;1050.8;15000396.5;1225.0;37213951.2;0.0;131866629.7;0.514;49.999;407.0;10586814.5;0.0;42900711.9;0.0;2377028.9;325.5;6126753.1;521.2;12895148.0;0.0;43327215.1;2.371;229.987;0.781;78.6;6851706.6;0.0;46058077.6;0.0;2307646.1;346.0;5925062.7;354.9;9589819.5;0.0;46647014.0;1.603;230.297;0.222;143.9;16490150.3;0.0;43635525.2;0.0;3106366.6;379.3;3759048.4;405.6;18271935.2;0.0;44132978.9;1.962;229.473;0.355
Wed Dec  1 17:05:01 2021;1638374701.876439733;633.8;31821107.9;0.0;130486740.8;0.0;6980574.0;1054.7;15000414.1;1230.5;37213971.7;0.0;131866629.7;0.515;50.008;408.6;10586821.3;0.0;42900711.9;0.0;2377028.9;326.1;6126758.6;522.8;12895156.7;0.0;43327215.1;2.374;230.279;0.782;78.4;6851707.9;0.0;46058077.6;0.0;2307646.1;347.6;5925068.5;356.3;9589825.5;0.0;46647014.0;1.606;230.867;0.220;146.8;16490152.7;0.0;43635525.2;0.0;3106366.6;381.0;3759054.8;408.3;18271941.9;0.0;44132978.9;1.977;230.039;0.359
Wed Dec  1 17:06:01 2021;1638374761.873749587;627.4;31821118.3;0.0;130486740.8;0.0;6980574.0;1054.7;15000431.7;1227.2;37213992.1;0.0;131866629.7;0.511;50.025;403.8;10586828.0;0.0;42900711.9;0.0;2377028.9;326.0;6126764.0;519.0;12895165.4;0.0;43327215.1;2.353;230.308;0.778;79.0;6851709.2;0.0;46058077.6;0.0;2307646.1;347.5;5925074.3;356.4;9589831.4;0.0;46647014.0;1.606;230.785;0.222;144.5;16490155.0;0.0;43635525.2;0.0;3106366.6;381.2;3759061.1;407.7;18271948.7;0.0;44132978.9;1.964;229.953;0.355
Wed Dec  1 17:07:01 2021;1638374821.873913682;849.9;31821128.9;0.0;130486740.8;0.0;6980574.0;841.2;15000448.2;1195.8;37214011.9;0.0;131866629.7;0.711;49.979;629.5;10586834.9;0.0;42900711.9;0.0;2377028.9;119.0;6126768.4;640.6;12895173.9;0.0;43327215.1;2.875;229.702;0.983;80.2;6851710.5;0.0;46058077.6;0.0;2307646.1;345.5;5925080.1;354.7;9589837.3;0.0;46647014.0;1.601;230.539;0.226;140.2;16490157.4;0.0;43635525.2;0.0;3106366.6;376.7;3759067.5;402.0;18271955.5;0.0;44132978.9;1.938;229.773;0.349
Wed Dec  1 17:08:01 2021;1638374881.834080152;641.7;31821141.9;0.0;130486740.8;0.0;6980574.0;836.2;15000462.2;1054.1;37214031.1;0.0;131866629.7;0.609;49.973;421.1;10586843.9;0.0;42900711.9;0.0;2377028.9;113.6;6126770.3;436.1;12895183.1;0.0;43327215.1;2.020;230.189;0.965;79.9;6851711.8;0.0;46058077.6;0.0;2307646.1;345.4;5925085.9;354.6;9589843.2;0.0;46647014.0;1.599;230.682;0.225;140.7;16490160.1;0.0;43635525.2;0.0;3106366.6;377.1;3759073.8;402.5;18271962.4;0.0;44132978.9;1.940;229.931;0.350
Wed Dec  1 17:09:01 2021;1638374941.820009726;642.8;31821153.1;0.0;130486740.8;0.0;6980574.0;844.3;15000476.2;1061.1;37214049.0;0.0;131866629.7;0.606;49.985;420.3;10586851.5;0.0;42900711.9;0.0;2377028.9;115.8;6126772.3;436.0;12895190.9;0.0;43327215.1;2.014;231.045;0.964;80.4;6851713.1;0.0;46058077.6;0.0;2307646.1;348.0;5925091.6;357.1;9589849.1;0.0;46647014.0;1.605;231.399;0.225;142.1;16490162.4;0.0;43635525.2;0.0;3106366.6;380.6;3759080.1;406.2;18271969.2;0.0;44132978.9;1.949;230.803;0.350
Wed Dec  1 17:10:01 2021;1638375001.805530103;887.4;31821164.7;0.0;130486740.8;0.0;6980574.0;869.9;15000490.4;1242.7;37214067.4;0.0;131866629.7;0.714;49.998;388.8;10586858.0;0.0;42900711.9;0.0;2377028.9;129.4;6126774.3;409.7;12895197.7;0.0;43327215.1;1.902;231.014;0.949;80.2;6851714.5;0.0;46058077.6;0.0;2307646.1;347.0;5925097.4;356.2;9589855.1;0.0;46647014.0;1.602;231.106;0.225;418.4;16490166.2;0.0;43635525.2;0.0;3106366.6;393.5;3759086.5;574.4;18271976.8;0.0;44132978.9;2.637;230.542;0.728
Wed Dec  1 17:11:01 2021;1638375061.791281780;4677.5;31821232.2;0.0;130486740.8;2200.8;6980605.3;0.0;15000492.4;5169.4;37214142.9;0.0;131866629.7;0.905;49.983;1668.9;10586882.2;0.0;42900711.9;951.3;2377042.5;0.0;6126774.6;1921.0;12895225.6;0.0;43327215.1;8.360;230.505;0.869;1297.2;6851732.8;0.0;46058077.6;668.8;2307655.5;0.0;5925098.2;1459.5;9589876.3;0.0;46647014.0;6.338;230.784;0.889;1711.3;16490191.2;0.0;43635525.2;580.7;3106374.9;0.0;3759087.4;1807.2;18272003.5;0.0;44132978.9;7.896;229.870;0.947
Wed Dec  1 17:12:01 2021;1638375121.776801675;4819.0;31821311.6;0.0;130486740.8;2195.4;6980641.8;0.0;15000492.4;5295.5;37214230.3;0.0;131866629.7;0.910;49.989;1705.2;10586910.4;0.0;42900711.9;948.9;2377058.3;0.0;6126774.6;1951.4;12895258.0;0.0;43327215.1;8.511;229.978;0.874;1351.0;6851754.9;0.0;46058077.6;660.7;2307666.5;0.0;5925098.2;1503.9;9589901.1;0.0;46647014.0;6.548;230.162;0.898;1762.8;16490220.2;0.0;43635525.2;585.8;3106384.6;0.0;3759087.4;1857.6;18272034.2;0.0;44132978.9;8.128;229.439;0.949
Wed Dec  1 17:13:01 2021;1638375181.773663469;4901.8;31821392.6;0.0;130486740.8;2196.5;6980678.4;0.0;15000492.4;5371.4;37214319.2;0.0;131866629.7;0.913;49.996;1734.0;10586939.1;0.0;42900711.9;946.1;2377074.1;0.0;6126774.6;1975.3;12895290.7;0.0;43327215.1;8.621;229.820;0.878;1379.6;6851777.7;0.0;46058077.6;663.9;2307677.5;0.0;5925098.2;1531.0;9589926.4;0.0;46647014.0;6.668;230.094;0.901;1788.2;16490249.8;0.0;43635525.2;586.5;3106394.4;0.0;3759087.4;1881.9;18272065.3;0.0;44132978.9;8.238;229.314;0.950
Wed Dec  1 17:14:01 2021;1638375241.773727836;5849.6;31821475.9;0.0;130486740.8;2375.0;6980715.4;0.0;15000492.4;6313.3;37214410.3;0.0;131866629.7;0.927;49.976;2024.3;10586968.4;0.0;42900711.9;998.9;2377090.0;0.0;6126774.6;2257.3;12895324.1;0.0;43327215.1;9.883;229.348;0.897;1782.8;6851801.5;0.0;46058077.6;732.6;2307688.7;0.0;5925098.2;1927.4;9589952.6;0.0;46647014.0;8.441;229.554;0.925;2042.5;16490279.9;0.0;43635525.2;643.6;3106404.4;0.0;3759087.4;2141.5;18272097.0;0.0;44132978.9;9.388;228.863;0.954
Wed Dec  1 17:15:02 2021;1638375302.234068411;6815.4;31821589.1;0.0;130486740.8;2482.5;6980758.9;0.0;15000492.4;7253.5;37214531.7;0.0;131866629.7;0.940;49.989;2230.1;10587007.2;0.0;42900711.9;903.7;2377107.7;0.0;6126774.6;2406.2;12895366.7;0.0;43327215.1;10.528;229.653;0.927;2160.9;6851836.5;0.0;46058077.6;838.2;2307702.3;0.0;5925098.2;2317.8;9589990.3;0.0;46647014.0;10.145;229.637;0.932;2424.4;16490319.4;0.0;43635525.2;740.6;3106416.5;0.0;3759087.4;2535.0;18272138.3;0.0;44132978.9;11.116;228.836;0.956
Wed Dec  1 17:16:01 2021;1638375361.721857532;2703.8;31821642.2;0.0;130486740.8;0.0;6980763.9;593.9;15000501.0;2768.2;37214586.5;0.0;131866629.7;0.977;49.973;859.3;10587024.2;0.0;42900711.9;0.0;2377109.5;178.9;6126777.2;877.7;12895384.3;0.0;43327215.1;3.994;229.921;0.979;827.4;6851852.9;0.0;46058077.6;0.0;2307704.0;172.6;5925100.7;845.2;9590007.2;0.0;46647014.0;3.826;229.898;0.979;1017.1;16490339.0;0.0;43635525.2;0.0;3106418.0;242.4;3759090.9;1045.6;18272158.6;0.0;44132978.9;4.680;229.298;0.973
Wed Dec  1 17:17:01 2021;1638375421.716557664;2447.7;31821683.4;0.0;130486740.8;0.0;6980763.9;570.0;15000510.6;2513.2;37214628.8;0.0;131866629.7;0.974;49.958;867.4;10587038.6;0.0;42900711.9;0.0;2377109.5;174.9;6126780.1;884.8;12895399.0;0.0;43327215.1;4.030;229.468;0.980;828.7;6851866.7;0.0;46058077.6;0.0;2307704.0;169.5;5925103.6;845.9;9590021.3;0.0;46647014.0;3.835;229.432;0.980;751.6;16490352.0;0.0;43635525.2;0.0;3106418.0;225.6;3759094.7;784.8;18272172.2;0.0;44132978.9;3.587;229.035;0.958
Wed Dec  1 17:18:01 2021;1638375481.692243960;2436.7;31821724.1;0.0;130486740.8;0.0;6980763.9;571.7;15000520.1;2502.9;37214670.6;0.0;131866629.7;0.974;49.969;863.7;10587053.0;0.0;42900711.9;0.0;2377109.5;175.0;6126783.0;881.2;12895413.8;0.0;43327215.1;4.015;229.436;0.980;825.0;6851880.5;0.0;46058077.6;0.0;2307704.0;170.5;5925106.4;842.5;9590035.4;0.0;46647014.0;3.827;229.105;0.979;748.0;16490364.5;0.0;43635525.2;0.0;3106418.0;226.2;3759098.5;781.5;18272185.2;0.0;44132978.9;3.572;228.964;0.957
Wed Dec  1 17:19:01 2021;1638375541.678743449;2425.3;31821764.9;0.0;130486740.8;0.0;6980763.9;573.9;15000529.7;2492.3;37214712.5;0.0;131866629.7;0.973;49.980;858.6;10587067.6;0.0;42900711.9;0.0;2377109.5;176.9;6126786.0;876.6;12895428.7;0.0;43327215.1;3.996;229.424;0.979;824.8;6851894.3;0.0;46058077.6;0.0;2307704.0;171.3;5925109.3;842.4;9590049.5;0.0;46647014.0;3.825;229.214;0.979;741.9;16490376.9;0.0;43635525.2;0.0;3106418.0;225.7;3759102.2;775.5;18272198.2;0.0;44132978.9;3.545;228.919;0.957
Wed Dec  1 17:20:01 2021;1638375601.673119482;2423.1;31821805.4;0.0;130486740.8;0.0;6980763.9;571.0;15000539.3;2489.4;37214754.1;0.0;131866629.7;0.973;49.981;856.6;10587082.0;0.0;42900711.9;0.0;2377109.5;175.4;6126788.9;874.4;12895443.3;0.0;43327215.1;3.987;229.248;0.980;824.2;6851908.0;0.0;46058077.6;0.0;2307704.0;172.7;5925112.1;842.1;9590063.5;0.0;46647014.0;3.820;229.351;0.979;742.2;16490389.3;0.0;43635525.2;0.0;3106418.0;222.8;3759106.0;775.0;18272211.1;0.0;44132978.9;3.543;228.880;0.958
Wed Dec  1 17:21:01 2021;1638375661.672945406;2431.9;31821847.8;0.0;130486740.8;0.0;6980763.9;569.6;15000548.8;2497.7;37214797.6;0.0;131866629.7;0.974;49.973;859.8;10587096.3;0.0;42900711.9;0.0;2377109.5;176.2;6126791.9;877.6;12895458.0;0.0;43327215.1;4.003;229.220;0.980;828.2;6851921.8;0.0;46058077.6;0.0;2307704.0;172.7;5925115.0;846.0;9590077.6;0.0;46647014.0;3.835;229.610;0.979;743.9;16490403.6;0.0;43635525.2;0.0;3106418.0;220.6;3759109.7;776.0;18272225.9;0.0;44132978.9;3.546;228.888;0.959
Wed Dec  1 17:22:01 2021;1638375721.672966837;2493.9;31821889.9;0.0;130486740.8;0.0;6980763.9;561.0;15000558.2;2556.2;37214840.8;0.0;131866629.7;0.976;49.961;902.8;10587111.3;0.0;42900711.9;0.0;2377109.5;173.8;6126794.8;919.4;12895473.2;0.0;43327215.1;4.186;229.012;0.982;835.2;6851935.6;0.0;46058077.6;0.0;2307704.0;167.1;5925117.9;851.8;9590091.7;0.0;46647014.0;3.867;229.130;0.981;755.9;16490417.0;0.0;43635525.2;0.0;3106418.0;220.1;3759113.3;787.3;18272239.8;0.0;44132978.9;3.600;228.624;0.960
Wed Dec  1 17:23:01 2021;1638375781.622272746;2597.3;31821933.2;0.0;130486740.8;0.0;6980763.9;560.5;15000567.2;2657.1;37214885.0;0.0;131866629.7;0.977;49.986;984.4;10587127.9;0.0;42900711.9;0.0;2377109.7;179.7;6126797.6;1000.7;12895490.1;0.0;43327215.1;4.519;229.322;0.984;848.4;6851949.7;0.0;46058077.6;0.0;2307704.0;164.6;5925120.6;864.2;9590106.0;0.0;46647014.0;3.915;229.693;0.982;764.5;16490429.6;0.0;43635525.2;0.0;3106418.0;216.3;3759117.0;794.5;18272252.9;0.0;44132978.9;3.626;228.940;0.962
Wed Dec  1 17:24:01 2021;1638375841.607830404;2629.7;31821976.7;0.0;130486740.8;0.0;6980763.9;547.7;15000576.4;2686.1;37214929.4;0.0;131866629.7;0.979;49.971;998.2;10587144.3;0.0;42900711.9;0.0;2377109.7;177.2;6126800.6;1013.8;12895506.8;0.0;43327215.1;4.582;229.242;0.985;857.2;6851963.9;0.0;46058077.6;0.0;2307704.0;158.8;5925123.3;871.8;9590120.5;0.0;46647014.0;3.954;229.345;0.983;774.3;16490442.4;0.0;43635525.2;0.0;3106418.0;211.7;3759120.5;802.7;18272266.2;0.0;44132978.9;3.669;228.740;0.965
Wed Dec  1 17:25:01 2021;1638375901.593811358;2770.1;31822022.1;0.0;130486740.8;0.0;6980763.9;532.8;15000585.4;2820.9;37214975.8;0.0;131866629.7;0.982;49.986;1118.2;10587162.4;0.0;42900711.9;0.0;2377109.7;172.0;6126803.5;1131.3;12895525.1;0.0;43327215.1;5.085;228.850;0.988;867.4;6851978.2;0.0;46058077.6;0.0;2307704.0;154.0;5925125.9;880.9;9590135.1;0.0;46647014.0;3.998;229.185;0.985;784.6;16490455.4;0.0;43635525.2;0.0;3106418.0;206.8;3759124.0;811.4;18272279.7;0.0;44132978.9;3.713;228.313;0.967
Wed Dec  1 17:26:01 2021;1638375961.580191025;2784.8;31822068.4;0.0;130486740.8;0.0;6980763.9;519.5;15000594.1;2832.9;37215022.8;0.0;131866629.7;0.983;49.955;1125.9;10587181.1;0.0;42900711.9;0.0;2377109.7;167.4;6126806.3;1138.3;12895544.0;0.0;43327215.1;5.116;228.804;0.989;870.8;6851992.7;0.0;46058077.6;0.0;2307704.0;151.0;5925128.4;883.8;9590149.8;0.0;46647014.0;4.015;228.939;0.985;788.2;16490468.5;0.0;43635525.2;0.0;3106418.0;201.1;3759127.4;813.4;18272293.2;0.0;44132978.9;3.720;228.396;0.969
Wed Dec  1 17:27:01 2021;1638376021.573597324;6626.8;31822147.5;0.0;130486740.8;0.0;6980763.9;517.1;15000602.7;6647.0;37215102.6;0.0;131866629.7;0.997;49.963;1138.3;10587199.9;0.0;42900711.9;0.0;2377109.7;162.9;6126809.0;1149.9;12895563.0;0.0;43327215.1;5.162;228.880;0.990;3403.2;6852028.8;0.0;46058077.6;0.0;2307704.0;163.6;5925131.1;3407.1;9590186.0;0.0;46647014.0;15.038;227.181;0.999;2085.3;16490492.7;0.0;43635525.2;0.0;3106418.0;190.6;3759130.7;2094.0;18272317.7;0.0;44132978.9;9.262;227.677;0.996
Wed Dec  1 17:28:01 2021;1638376081.573935796;6672.5;31822258.6;0.0;130486740.8;0.0;6980763.9;517.5;15000611.2;6692.5;37215214.0;0.0;131866629.7;0.997;49.975;1197.9;10587219.6;0.0;42900711.9;0.0;2377109.8;163.4;6126811.7;1209.0;12895583.0;0.0;43327215.1;5.394;229.446;0.991;3392.5;6852085.5;0.0;46058077.6;0.0;2307704.0;163.2;5925133.8;3396.4;9590242.7;0.0;46647014.0;14.954;227.742;0.999;2082.1;16490527.4;0.0;43635525.2;0.0;3106418.0;190.9;3759133.8;2090.9;18272352.5;0.0;44132978.9;9.226;228.249;0.996
Wed Dec  1 17:29:01 2021;1638376141.573496571;6687.8;31822370.2;0.0;130486740.8;0.0;6980763.9;530.3;15000620.0;6708.8;37215325.9;0.0;131866629.7;0.997;49.976;1225.6;10587240.1;0.0;42900711.9;0.0;2377109.8;175.1;6126814.5;1238.1;12895603.7;0.0;43327215.1;5.511;229.574;0.990;3385.3;6852141.9;0.0;46058077.6;0.0;2307704.0;164.4;5925136.5;3389.3;9590299.2;0.0;46647014.0;14.899;228.085;0.999;2077.0;16490562.1;0.0;43635525.2;0.0;3106418.0;190.7;3759137.0;2085.7;18272387.3;0.0;44132978.9;9.192;228.468;0.996
Wed Dec  1 17:30:02 2021;1638376202.033735677;6582.5;31822480.8;0.0;130486740.8;0.0;6980763.9;528.7;15000628.8;6603.7;37215436.9;0.0;131866629.7;0.997;49.944;1104.0;10587259.0;0.0;42900711.9;0.0;2377109.8;174.2;6126817.4;1117.6;12895622.8;0.0;43327215.1;4.981;230.532;0.988;3393.7;6852198.7;0.0;46058077.6;0.0;2307704.0;164.8;5925139.3;3397.7;9590356.1;0.0;46647014.0;14.893;228.744;0.999;2084.8;16490597.0;0.0;43635525.2;0.0;3106418.0;189.7;3759140.2;2093.4;18272422.4;0.0;44132978.9;9.193;229.303;0.996
Wed Dec  1 17:31:02 2021;1638376262.009413443;6589.8;31822590.7;0.0;130486740.8;0.0;6980763.9;526.7;15000637.6;6610.8;37215547.1;0.0;131866629.7;0.997;49.955;1106.9;10587277.5;0.0;42900711.9;0.0;2377109.8;173.1;6126820.3;1120.3;12895641.4;0.0;43327215.1;4.995;230.470;0.988;3395.4;6852255.4;0.0;46058077.6;0.0;2307704.0;163.4;5925142.0;3399.3;9590412.8;0.0;46647014.0;14.891;228.886;0.999;2087.6;16490631.8;0.0;43635525.2;0.0;3106418.0;190.3;3759143.4;2096.2;18272457.3;0.0;44132978.9;9.207;229.249;0.996
Wed Dec  1 17:32:01 2021;1638376321.995691901;6598.1;31822700.6;0.0;130486740.8;0.0;6980763.9;514.3;15000646.3;6618.1;37215657.4;0.0;131866629.7;0.997;49.974;1111.2;10587296.0;0.0;42900711.9;0.0;2377109.8;167.4;6126823.2;1123.7;12895660.2;0.0;43327215.1;5.017;230.357;0.989;3394.0;6852312.0;0.0;46058077.6;0.0;2307704.0;159.7;5925144.7;3397.7;9590469.5;0.0;46647014.0;14.902;228.647;0.999;2092.9;16490666.6;0.0;43635525.2;0.0;3106418.0;187.2;3759146.5;2101.3;18272492.2;0.0;44132978.9;9.233;229.220;0.996
Wed Dec  1 17:33:01 2021;1638376381.981879242;6613.5;31822810.8;0.0;130486740.8;0.0;6980763.9;525.2;15000654.9;6634.3;37215767.9;0.0;131866629.7;0.997;49.962;1121.9;10587314.6;0.0;42900711.9;0.0;2377109.8;167.3;6126826.0;1134.3;12895679.0;0.0;43327215.1;5.065;230.395;0.989;3392.1;6852368.7;0.0;46058077.6;0.0;2307704.0;173.4;5925147.4;3396.5;9590526.2;0.0;46647014.0;14.886;228.828;0.999;2099.5;16490701.5;0.0;43635525.2;0.0;3106418.0;184.5;3759149.6;2107.5;18272527.3;0.0;44132978.9;9.256;229.344;0.996
Wed Dec  1 17:34:01 2021;1638376441.973844554;7225.0;31822928.6;0.0;130486740.8;806.9;6980768.9;0.0;15000660.4;7269.9;37215886.1;0.0;131866629.7;0.994;49.974;1335.1;10587335.8;0.0;42900711.9;277.1;2377111.5;0.0;6126827.8;1363.6;12895700.5;0.0;43327215.1;6.022;230.457;0.979;3596.4;6852427.7;0.0;46058077.6;289.2;2307705.7;0.0;5925149.1;3608.0;9590585.4;0.0;46647014.0;15.785;229.086;0.997;2293.5;16490738.9;0.0;43635525.2;240.7;3106419.5;0.0;3759151.6;2306.1;18272564.9;0.0;44132978.9;10.102;229.490;0.995
Wed Dec  1 17:35:01 2021;1638376501.973672992;6668.5;31823041.3;0.0;130486740.8;0.0;6980771.5;496.5;15000667.1;6686.9;37215999.3;0.0;131866629.7;0.997;49.985;1128.4;10587355.2;0.0;42900711.9;0.0;2377112.4;161.3;6126829.9;1139.9;12895720.2;0.0;43327215.1;5.082;230.654;0.990;3423.2;6852485.3;0.0;46058077.6;0.0;2307706.6;154.9;5925151.2;3426.7;9590643.0;0.0;46647014.0;15.004;229.041;0.999;2116.8;16490774.7;0.0;43635525.2;0.0;3106420.3;180.3;3759154.0;2124.4;18272600.9;0.0;44132978.9;9.316;229.706;0.996
Wed Dec  1 17:36:01 2021;1638376561.973668018;6697.8;31823152.6;0.0;130486740.8;0.0;6980771.5;494.4;15000675.3;6716.0;37216110.9;0.0;131866629.7;0.997;49.969;1133.5;10587374.0;0.0;42900711.9;0.0;2377112.4;161.8;6126832.6;1145.0;12895739.2;0.0;43327215.1;5.094;231.102;0.990;3441.1;6852542.5;0.0;46058077.6;0.0;2307706.6;153.7;5925153.8;3444.6;9590700.3;0.0;46647014.0;15.044;229.623;0.999;2123.2;16490810.0;0.0;43635525.2;0.0;3106420.3;179.0;3759157.0;2130.7;18272636.3;0.0;44132978.9;9.330;230.020;0.996
Wed Dec  1 17:37:01 2021;1638376621.924582345;6645.9;31823263.5;0.0;130486740.8;0.0;6980771.5;480.3;15000683.4;6663.2;37216222.0;0.0;131866629.7;0.997;49.985;1077.5;10587392.0;0.0;42900711.9;0.0;2377112.4;148.7;6126835.2;1087.7;12895757.4;0.0;43327215.1;4.857;231.157;0.991;3439.5;6852599.9;0.0;46058077.6;0.0;2307706.6;152.8;5925156.4;3442.9;9590757.8;0.0;46647014.0;15.045;229.499;0.999;2128.8;16490845.5;0.0;43635525.2;0.0;3106420.3;178.8;3759160.0;2136.3;18272671.9;0.0;44132978.9;9.347;230.201;0.996
Wed Dec  1 17:38:01 2021;1638376681.911866001;6559.7;31823373.7;0.0;130486740.8;0.0;6980771.5;485.1;15000691.5;6577.6;37216332.6;0.0;131866629.7;0.997;49.980;1000.1;10587409.6;0.0;42900711.9;0.0;2377112.4;141.3;6126837.6;1010.0;12895775.1;0.0;43327215.1;4.543;231.068;0.990;3431.3;6852657.1;0.0;46058077.6;0.0;2307706.6;171.6;5925159.1;3435.5;9590815.0;0.0;46647014.0;15.010;229.551;0.999;2128.3;16490880.9;0.0;43635525.2;0.0;3106420.3;172.1;3759162.9;2135.2;18272707.4;0.0;44132978.9;9.352;229.968;0.997
Wed Dec  1 17:39:01 2021;1638376741.897502840;6576.4;31823483.2;0.0;130486740.8;0.0;6980771.5;453.2;15000699.2;6592.0;37216442.3;0.0;131866629.7;0.998;49.959;1005.1;10587426.3;0.0;42900711.9;0.0;2377112.4;137.0;6126839.9;1014.4;12895791.9;0.0;43327215.1;4.571;230.714;0.991;3440.2;6852714.4;0.0;46058077.6;0.0;2307706.6;146.8;5925161.7;3443.4;9590872.4;0.0;46647014.0;15.074;229.084;0.999;2131.1;16490916.4;0.0;43635525.2;0.0;3106420.3;169.3;3759165.7;2137.8;18272743.0;0.0;44132978.9;9.378;229.598;0.997
Wed Dec  1 17:40:01 2021;1638376801.883895347;2799.2;31823541.0;0.0;130486740.8;0.0;6980771.5;443.6;15000706.7;2834.2;37216500.7;0.0;131866629.7;0.988;49.975;1000.7;10587443.0;0.0;42900711.9;0.0;2377112.4;140.8;6126842.3;1010.6;12895808.8;0.0;43327215.1;4.564;230.123;0.990;948.7;6852737.6;0.0;46058077.6;0.0;2307706.6;125.4;5925163.9;956.9;9590895.7;0.0;46647014.0;4.336;230.125;0.991;849.8;16490934.3;0.0;43635525.2;0.0;3106420.3;177.4;3759168.7;868.1;18272761.2;0.0;44132978.9;3.941;229.730;0.979
Wed Dec  1 17:41:01 2021;1638376861.873318425;2810.7;31823587.7;0.0;130486740.8;0.0;6980771.5;439.6;15000714.2;2844.8;37216548.0;0.0;131866629.7;0.988;49.972;1004.1;10587459.8;0.0;42900711.9;0.0;2377112.4;138.8;6126844.6;1013.6;12895825.8;0.0;43327215.1;4.570;230.570;0.991;953.4;6852753.3;0.0;46058077.6;0.0;2307706.6;123.8;5925166.1;961.4;9590911.6;0.0;46647014.0;4.348;230.542;0.992;853.2;16490948.5;0.0;43635525.2;0.0;3106420.3;177.0;3759171.6;871.4;18272775.7;0.0;44132978.9;3.946;230.279;0.979
Wed Dec  1 17:42:01 2021;1638376921.878329874;2828.4;31823634.7;0.0;130486740.8;0.0;6980771.5;432.2;15000721.4;2861.2;37216595.5;0.0;131866629.7;0.989;49.971;1011.8;10587476.6;0.0;42900711.9;0.0;2377112.4;137.4;6126846.9;1021.1;12895842.7;0.0;43327215.1;4.601;230.700;0.991;960.0;6852769.2;0.0;46058077.6;0.0;2307706.6;119.8;5925168.1;967.4;9590927.7;0.0;46647014.0;4.376;230.580;0.992;856.5;16490962.8;0.0;43635525.2;0.0;3106420.3;175.0;3759174.5;874.2;18272790.2;0.0;44132978.9;3.961;230.094;0.980
Wed Dec  1 17:43:01 2021;1638376981.880029681;2829.2;31823681.9;0.0;130486740.8;0.0;6980771.5;451.4;15000728.7;2865.0;37216643.3;0.0;131866629.7;0.988;50.015;1015.6;10587493.5;0.0;42900711.9;0.0;2377112.4;137.3;6126849.2;1024.9;12895859.8;0.0;43327215.1;4.623;230.436;0.991;949.8;6852785.2;0.0;46058077.6;0.0;2307706.6;138.0;5925170.1;959.7;9590943.8;0.0;46647014.0;4.344;230.657;0.990;863.8;16490977.1;0.0;43635525.2;0.0;3106420.3;176.0;3759177.4;881.5;18272804.9;0.0;44132978.9;3.993;230.107;0.980
Wed Dec  1 17:44:01 2021;1638377041.827617317;2842.7;31823729.4;0.0;130486740.8;0.0;6980771.5;442.7;15000735.8;2877.0;37216691.3;0.0;131866629.7;0.988;49.977;1022.0;10587510.5;0.0;42900711.9;0.0;2377112.4;131.6;6126851.4;1030.5;12895876.9;0.0;43327215.1;4.648;230.408;0.992;952.8;6852801.3;0.0;46058077.6;0.0;2307706.6;138.3;5925172.2;962.8;9590960.0;0.0;46647014.0;4.363;230.427;0.990;867.9;16490991.5;0.0;43635525.2;0.0;3106420.3;172.8;3759180.3;884.9;18272819.6;0.0;44132978.9;4.007;230.141;0.981
Wed Dec  1 17:45:02 2021;1638377102.312911656;2872.3;31823777.3;0.0;130486740.8;0.0;6980771.5;409.5;15000743.0;2901.3;37216739.8;0.0;131866629.7;0.990;49.996;1025.4;10587527.7;0.0;42900711.9;0.0;2377112.4;129.0;6126853.6;1033.5;12895894.2;0.0;43327215.1;4.661;230.385;0.992;974.8;6852817.5;0.0;46058077.6;0.0;2307706.6;111.6;5925174.3;981.2;9590976.3;0.0;46647014.0;4.436;230.546;0.994;872.1;16491006.1;0.0;43635525.2;0.0;3106420.3;168.9;3759183.2;888.3;18272834.5;0.0;44132978.9;4.024;230.100;0.982
Wed Dec  1 17:46:01 2021;1638377161.798562945;2877.3;31823824.8;0.0;130486740.8;0.0;6980771.5;405.9;15000749.7;2905.8;37216787.7;0.0;131866629.7;0.990;49.964;1025.3;10587544.6;0.0;42900711.9;0.0;2377112.4;128.5;6126855.7;1033.3;12895911.3;0.0;43327215.1;4.655;230.711;0.992;978.4;6852833.6;0.0;46058077.6;0.0;2307706.6;112.2;5925176.1;984.8;9590992.5;0.0;46647014.0;4.449;230.790;0.993;873.6;16491020.5;0.0;43635525.2;0.0;3106420.3;165.2;3759186.0;889.1;18272849.1;0.0;44132978.9;4.022;230.396;0.983
Wed Dec  1 17:47:01 2021;1638377221.784598993;6835.6;31823892.6;0.0;130486740.8;2643.2;6980783.4;0.0;15000754.7;7328.9;37216858.1;0.0;131866629.7;0.933;49.967;2251.6;10587567.2;0.0;42900711.9;954.7;2377116.7;0.0;6126857.2;2445.7;12895934.9;0.0;43327215.1;10.676;230.250;0.921;2164.3;6852855.2;0.0;46058077.6;892.7;2307710.7;0.0;5925177.5;2341.2;9591015.0;0.0;46647014.0;10.238;230.227;0.924;2419.6;16491044.1;0.0;43635525.2;795.8;3106423.9;0.0;3759188.1;2547.1;18272873.5;0.0;44132978.9;11.130;229.740;0.950
Wed Dec  1 17:48:01 2021;1638377281.773768068;7027.5;31824008.1;0.0;130486740.8;2646.3;6980827.5;0.0;15000754.7;7509.2;37216981.7;0.0;131866629.7;0.936;49.960;2317.8;10587605.2;0.0;42900711.9;956.8;2377132.6;0.0;6126857.2;2507.5;12895976.1;0.0;43327215.1;10.939;230.357;0.924;2226.3;6852891.8;0.0;46058077.6;879.7;2307725.5;0.0;5925177.5;2393.8;9591054.6;0.0;46647014.0;10.456;230.487;0.930;2483.5;16491084.9;0.0;43635525.2;809.8;3106437.3;0.0;3759188.1;2612.1;18272916.4;0.0;44132978.9;11.411;229.745;0.951
Wed Dec  1 17:49:01 2021;1638377341.773844833;7191.5;31824126.8;0.0;130486740.8;2706.1;6980872.2;0.0;15000754.7;7683.8;37217108.5;0.0;131866629.7;0.936;49.954;2355.0;10587644.4;0.0;42900711.9;984.4;2377148.7;0.0;6126857.2;2552.5;12896018.4;0.0;43327215.1;11.095;231.182;0.923;2269.3;6852929.4;0.0;46058077.6;905.8;2307740.4;0.0;5925177.5;2443.4;9591095.0;0.0;46647014.0;10.625;231.425;0.929;2567.2;16491126.9;0.0;43635525.2;815.9;3106451.0;0.0;3759188.1;2693.8;18272960.6;0.0;44132978.9;11.718;230.922;0.953
Wed Dec  1 17:50:01 2021;1638377401.773861521;7266.0;31824247.3;0.0;130486740.8;2738.1;6980917.6;0.0;15000754.7;7764.8;37217237.3;0.0;131866629.7;0.936;49.966;2371.2;10587683.8;0.0;42900711.9;988.1;2377165.2;0.0;6126857.2;2568.9;12896061.1;0.0;43327215.1;11.141;231.673;0.923;2305.0;6852967.5;0.0;46058077.6;914.4;2307755.5;0.0;5925177.5;2479.8;9591135.9;0.0;46647014.0;10.755;232.024;0.930;2589.7;16491169.9;0.0;43635525.2;835.5;3106464.7;0.0;3759188.1;2721.2;18273005.7;0.0;44132978.9;11.813;231.341;0.952
Wed Dec  1 17:51:01 2021;1638377461.737266349;7296.1;31824368.7;0.0;130486740.8;2661.2;6980963.1;0.0;15000754.7;7766.3;37217367.0;0.0;131866629.7;0.939;49.962;2384.1;10587723.4;0.0;42900711.9;957.6;2377181.6;0.0;6126857.2;2569.2;12896104.0;0.0;43327215.1;11.329;227.860;0.928;2312.7;6853006.0;0.0;46058077.6;889.8;2307770.7;0.0;5925177.5;2478.0;9591177.4;0.0;46647014.0;10.919;228.333;0.933;2599.3;16491213.2;0.0;43635525.2;813.8;3106478.7;0.0;3759188.1;2723.7;18273051.2;0.0;44132978.9;12.020;227.570;0.954
Wed Dec  1 17:52:01 2021;1638377521.714155352;3258.2;31824471.0;0.0;130486740.8;0.0;6980994.7;338.4;15000756.3;3275.7;37217474.9;0.0;131866629.7;0.995;49.964;1049.5;10587756.7;0.0;42900711.9;0.0;2377193.0;101.9;6126857.7;1054.4;12896139.6;0.0;43327215.1;4.794;228.554;0.995;1004.4;6853038.3;0.0;46058077.6;0.0;2307781.2;84.1;5925177.9;1007.9;9591211.6;0.0;46647014.0;4.593;228.964;0.997;1204.3;16491249.9;0.0;43635525.2;0.0;3106488.4;152.3;3759188.8;1213.9;18273089.4;0.0;44132978.9;5.477;228.244;0.992
Wed Dec  1 17:53:01 2021;1638377581.700373220;2989.3;31824524.0;0.0;130486740.8;0.0;6980994.7;314.8;15000761.7;3005.9;37217528.2;0.0;131866629.7;0.994;49.955;1051.1;10587774.2;0.0;42900711.9;0.0;2377193.0;96.2;6126859.3;1055.5;12896157.1;0.0;43327215.1;4.805;228.234;0.996;1003.1;6853055.0;0.0;46058077.6;0.0;2307781.2;80.3;5925179.2;1006.3;9591228.3;0.0;46647014.0;4.591;228.686;0.997;935.2;16491268.6;0.0;43635525.2;0.0;3106488.4;138.3;3759191.2;945.3;18273108.3;0.0;44132978.9;4.346;228.144;0.989
Wed Dec  1 17:54:01 2021;1638377641.686449427;3000.2;31824573.9;0.0;130486740.8;0.0;6980994.7;311.4;15000766.9;3016.3;37217578.4;0.0;131866629.7;0.995;49.973;1052.6;10587791.8;0.0;42900711.9;0.0;2377193.0;95.1;6126860.9;1056.9;12896174.8;0.0;43327215.1;4.806;228.547;0.996;1007.9;6853071.8;0.0;46058077.6;0.0;2307781.2;79.4;5925180.6;1011.0;9591245.2;0.0;46647014.0;4.606;228.943;0.997;939.7;16491284.2;0.0;43635525.2;0.0;3106488.4;136.9;3759193.5;949.6;18273124.1;0.0;44132978.9;4.357;228.428;0.990
Wed Dec  1 17:55:01 2021;1638377701.673157426;2989.5;31824623.9;0.0;130486740.8;0.0;6980994.7;289.8;15000771.9;3003.5;37217628.7;0.0;131866629.7;0.995;49.979;1056.1;10587809.4;0.0;42900711.9;0.0;2377193.0;87.4;6126862.4;1059.7;12896192.4;0.0;43327215.1;4.834;227.800;0.997;990.9;6853088.6;0.0;46058077.6;0.0;2307781.2;73.6;5925181.8;993.6;9591262.0;0.0;46647014.0;4.527;228.197;0.997;942.5;16491299.9;0.0;43635525.2;0.0;3106488.4;128.8;3759195.7;951.2;18273139.9;0.0;44132978.9;4.382;227.736;0.991
Wed Dec  1 17:56:01 2021;1638377761.672830478;4022.7;31824682.3;0.0;130486740.8;987.2;6981001.2;0.0;15000775.1;4142.1;37217688.0;0.0;131866629.7;0.971;49.958;1414.4;10587830.0;0.0;42900711.9;335.6;2377195.2;0.0;6126863.3;1453.7;12896213.3;0.0;43327215.1;6.513;227.469;0.973;1330.6;6853107.8;0.0;46058077.6;363.9;2307783.5;0.0;5925182.8;1379.4;9591281.6;0.0;46647014.0;6.174;227.581;0.965;1277.8;16491318.5;0.0;43635525.2;287.7;3106490.4;0.0;3759197.1;1309.8;18273158.8;0.0;44132978.9;5.900;227.164;0.976
Wed Dec  1 17:57:02 2021;1638377822.173133077;3008.9;31824735.5;0.0;130486740.8;0.0;6981004.2;267.6;15000778.7;3020.7;37217741.7;0.0;131866629.7;0.996;49.979;1063.3;10587848.7;0.0;42900711.9;0.0;2377196.2;80.3;6126864.4;1066.3;12896232.2;0.0;43327215.1;4.865;227.798;0.997;995.8;6853125.4;0.0;46058077.6;0.0;2307784.6;66.9;5925183.6;998.1;9591299.3;0.0;46647014.0;4.551;227.973;0.998;949.7;16491335.2;0.0;43635525.2;0.0;3106491.2;120.4;3759198.7;957.3;18273175.8;0.0;44132978.9;4.413;227.530;0.992
Wed Dec  1 17:58:02 2021;1638377882.130467225;564.6;31824758.5;0.0;130486740.8;0.0;6981004.2;1051.5;15000791.8;1193.4;37217771.6;0.0;131866629.7;0.473;49.985;341.3;10587858.1;0.0;42900711.9;0.0;2377196.2;337.5;6126868.5;480.0;12896243.3;0.0;43327215.1;2.269;227.850;0.711;77.5;6853132.0;0.0;46058077.6;0.0;2307784.6;339.8;5925187.8;348.5;9591308.7;0.0;46647014.0;1.590;228.129;0.222;145.8;16491342.3;0.0;43635525.2;0.0;3106491.2;374.2;3759203.5;401.6;18273185.6;0.0;44132978.9;1.960;227.570;0.363
Wed Dec  1 17:59:02 2021;1638377942.116124249;560.8;31824767.8;0.0;130486740.8;0.0;6981004.2;1051.8;15000809.3;1191.9;37217791.4;0.0;131866629.7;0.470;49.972;334.8;10587863.7;0.0;42900711.9;0.0;2377196.2;338.7;6126874.1;476.2;12896251.2;0.0;43327215.1;2.254;227.684;0.703;77.5;6853133.2;0.0;46058077.6;0.0;2307784.6;339.0;5925193.5;347.7;9591314.5;0.0;46647014.0;1.589;227.830;0.223;148.5;16491344.7;0.0;43635525.2;0.0;3106491.2;374.0;3759209.8;402.5;18273192.3;0.0;44132978.9;1.972;227.397;0.369
Wed Dec  1 18:00:02 2021;1638378002.602253905;558.4;31824777.1;0.0;130486740.8;0.0;6981004.2;1046.4;15000826.9;1186.1;37217811.4;0.0;131866629.7;0.471;49.998;334.8;10587869.3;0.0;42900711.9;0.0;2377196.2;337.3;6126879.8;475.2;12896259.2;0.0;43327215.1;2.258;226.970;0.704;77.1;6853134.5;0.0;46058077.6;0.0;2307784.6;337.7;5925199.2;346.3;9591320.4;0.0;46647014.0;1.586;227.259;0.223;146.6;16491347.2;0.0;43635525.2;0.0;3106491.2;371.5;3759216.0;399.4;18273199.0;0.0;44132978.9;1.963;226.865;0.367
Wed Dec  1 18:01:02 2021;1638378062.087905265;550.2;31824786.3;0.0;130486740.8;0.0;6981004.2;1043.2;15000844.2;1179.4;37217830.9;0.0;131866629.7;0.467;49.967;329.2;10587874.8;0.0;42900711.9;0.0;2377196.2;335.1;6126885.4;469.8;12896267.0;0.0;43327215.1;2.233;226.790;0.701;77.0;6853135.8;0.0;46058077.6;0.0;2307784.6;337.0;5925204.7;345.7;9591326.1;0.0;46647014.0;1.584;227.152;0.223;144.0;16491349.5;0.0;43635525.2;0.0;3106491.2;371.1;3759222.2;398.1;18273205.6;0.0;44132978.9;1.952;226.647;0.362
Wed Dec  1 18:02:02 2021;1638378122.073568760;554.4;31824795.4;0.0;130486740.8;0.0;6981004.2;1044.7;15000861.6;1182.7;37217850.6;0.0;131866629.7;0.469;49.973;333.0;10587880.4;0.0;42900711.9;0.0;2377196.2;335.9;6126891.0;473.0;12896274.9;0.0;43327215.1;2.247;226.734;0.704;77.2;6853137.1;0.0;46058077.6;0.0;2307784.6;337.3;5925210.4;346.0;9591331.9;0.0;46647014.0;1.584;227.235;0.223;144.2;16491351.9;0.0;43635525.2;0.0;3106491.2;371.5;3759228.4;398.5;18273212.2;0.0;44132978.9;1.953;226.758;0.362
Wed Dec  1 18:03:02 2021;1638378182.073629090;550.5;31824804.7;0.0;130486740.8;0.0;6981004.2;1038.5;15000879.0;1175.4;37217870.3;0.0;131866629.7;0.468;49.968;330.3;10587885.9;0.0;42900711.9;0.0;2377196.2;333.1;6126896.6;469.1;12896282.8;0.0;43327215.1;2.236;226.112;0.704;76.7;6853138.4;0.0;46058077.6;0.0;2307784.6;335.8;5925216.0;344.4;9591337.6;0.0;46647014.0;1.582;226.628;0.223;143.5;16491354.3;0.0;43635525.2;0.0;3106491.2;369.6;3759234.5;396.5;18273218.8;0.0;44132978.9;1.951;226.270;0.362
Wed Dec  1 18:04:02 2021;1638378242.073135052;551.9;31824813.9;0.0;130486740.8;0.0;6981004.2;1039.6;15000896.4;1177.0;37217889.9;0.0;131866629.7;0.469;49.963;333.5;10587891.5;0.0;42900711.9;0.0;2377196.2;335.6;6126902.2;473.1;12896290.6;0.0;43327215.1;2.252;226.617;0.705;77.7;6853139.7;0.0;46058077.6;0.0;2307784.6;337.5;5925221.6;346.3;9591343.4;0.0;46647014.0;1.586;227.142;0.224;140.7;16491356.7;0.0;43635525.2;0.0;3106491.2;366.5;3759240.7;392.6;18273225.4;0.0;44132978.9;1.932;226.677;0.358
Wed Dec  1 18:05:02 2021;1638378302.032891339;550.1;31824823.1;0.0;130486740.8;0.0;6981004.2;1042.9;15000913.7;1179.1;37217909.6;0.0;131866629.7;0.467;49.987;331.7;10587897.0;0.0;42900711.9;0.0;2377196.2;336.5;6126907.8;472.5;12896298.5;0.0;43327215.1;2.243;226.899;0.702;77.2;6853141.0;0.0;46058077.6;0.0;2307784.6;337.9;5925227.2;346.6;9591349.2;0.0;46647014.0;1.587;227.407;0.223;141.2;16491359.0;0.0;43635525.2;0.0;3106491.2;368.6;3759246.8;394.7;18273232.0;0.0;44132978.9;1.935;226.929;0.358
Wed Dec  1 18:06:02 2021;1638378362.018020896;753.7;31824832.4;0.0;130486740.8;0.0;6981004.2;846.0;15000930.9;1133.1;37217929.2;0.0;131866629.7;0.665;49.984;535.8;10587902.8;0.0;42900711.9;0.0;2377196.2;140.8;6126913.2;554.0;12896306.5;0.0;43327215.1;2.583;226.664;0.967;77.5;6853142.3;0.0;46058077.6;0.0;2307784.6;337.2;5925232.8;346.0;9591354.9;0.0;46647014.0;1.585;227.048;0.224;140.4;16491361.3;0.0;43635525.2;0.0;3106491.2;368.1;3759253.0;394.0;18273238.6;0.0;44132978.9;1.932;226.546;0.356
Wed Dec  1 18:07:02 2021;1638378422.004289240;757.1;31824845.1;0.0;130486740.8;0.0;6981004.2;847.9;15000945.0;1136.7;37217948.1;0.0;131866629.7;0.666;50.002;537.4;10587911.8;0.0;42900711.9;0.0;2377196.2;142.0;6126915.5;555.9;12896315.8;0.0;43327215.1;2.592;226.735;0.967;77.6;6853143.5;0.0;46058077.6;0.0;2307784.6;337.5;5925238.5;346.3;9591360.7;0.0;46647014.0;1.586;227.222;0.224;142.0;16491363.7;0.0;43635525.2;0.0;3106491.2;368.4;3759259.1;394.8;18273245.1;0.0;44132978.9;1.939;226.647;0.360
Wed Dec  1 18:08:01 2021;1638378481.989888475;732.8;31824857.5;0.0;130486740.8;0.0;6981004.2;871.8;15000959.1;1138.9;37217966.9;0.0;131866629.7;0.643;49.977;528.8;10587920.6;0.0;42900711.9;0.0;2377196.2;142.4;6126917.9;547.6;12896324.9;0.0;43327215.1;2.561;226.443;0.966;61.6;6853144.8;0.0;46058077.6;0.0;2307784.6;359.2;5925244.1;364.4;9591366.5;0.0;46647014.0;1.666;226.886;0.169;142.4;16491366.0;0.0;43635525.2;0.0;3106491.2;370.3;3759265.2;396.7;18273251.7;0.0;44132978.9;1.948;226.311;0.359
Wed Dec  1 18:09:01 2021;1638378541.975175872;665.0;31824868.8;0.0;130486740.8;0.0;6981004.2;844.6;15000973.2;1075.0;37217985.0;0.0;131866629.7;0.619;49.974;444.1;10587928.3;0.0;42900711.9;0.0;2377196.2;139.3;6126920.2;465.5;12896333.0;0.0;43327215.1;2.225;226.399;0.954;77.2;6853146.1;0.0;46058077.6;0.0;2307784.6;335.7;5925249.7;344.5;9591372.2;0.0;46647014.0;1.581;226.687;0.224;143.6;16491368.4;0.0;43635525.2;0.0;3106491.2;369.6;3759271.4;396.5;18273258.3;0.0;44132978.9;1.952;226.185;0.362
Wed Dec  1 18:10:01 2021;1638378601.973815697;657.9;31824879.8;0.0;130486740.8;0.0;6981004.2;844.8;15000987.3;1070.8;37218002.9;0.0;131866629.7;0.614;49.980;437.5;10587935.6;0.0;42900711.9;0.0;2377196.2;139.7;6126922.5;459.2;12896340.7;0.0;43327215.1;2.198;226.395;0.953;77.1;6853147.3;0.0;46058077.6;0.0;2307784.6;335.8;5925255.3;344.6;9591378.0;0.0;46647014.0;1.582;226.683;0.224;143.3;16491370.8;0.0;43635525.2;0.0;3106491.2;369.3;3759277.5;396.1;18273264.9;0.0;44132978.9;1.951;226.059;0.362
Wed Dec  1 18:11:01 2021;1638378661.973749937;657.3;31824890.7;0.0;130486740.8;0.0;6981004.2;842.9;15001001.5;1068.9;37218020.8;0.0;131866629.7;0.615;49.973;438.5;10587942.9;0.0;42900711.9;0.0;2377196.2;141.4;6126924.9;460.7;12896348.3;0.0;43327215.1;2.207;226.165;0.952;77.7;6853148.6;0.0;46058077.6;0.0;2307784.6;335.8;5925261.0;344.6;9591383.8;0.0;46647014.0;1.582;226.698;0.225;141.1;16491373.1;0.0;43635525.2;0.0;3106491.2;365.8;3759283.7;392.0;18273271.5;0.0;44132978.9;1.929;225.994;0.360
Wed Dec  1 18:12:01 2021;1638378721.933794504;653.6;31824901.5;0.0;130486740.8;0.0;6981004.2;847.7;15001015.6;1070.4;37218038.5;0.0;131866629.7;0.611;49.986;431.9;10587950.1;0.0;42900711.9;0.0;2377196.2;141.8;6126927.2;454.6;12896355.9;0.0;43327215.1;2.177;226.141;0.950;77.1;6853149.9;0.0;46058077.6;0.0;2307784.6;336.5;5925266.6;345.2;9591389.6;0.0;46647014.0;1.583;226.878;0.223;144.6;16491375.5;0.0;43635525.2;0.0;3106491.2;369.4;3759289.8;396.7;18273278.0;0.0;44132978.9;1.950;226.112;0.365
Wed Dec  1 18:13:01 2021;1638378781.920262132;650.7;31824912.3;0.0;130486740.8;0.0;6981004.2;849.3;15001029.7;1069.9;37218056.3;0.0;131866629.7;0.608;49.987;429.6;10587957.2;0.0;42900711.9;0.0;2377196.2;141.8;6126929.6;452.4;12896363.4;0.0;43327215.1;2.168;226.434;0.950;77.4;6853151.1;0.0;46058077.6;0.0;2307784.6;337.4;5925272.2;346.2;9591395.3;0.0;46647014.0;1.585;227.131;0.224;143.7;16491377.9;0.0;43635525.2;0.0;3106491.2;370.1;3759296.0;397.0;18273284.7;0.0;44132978.9;1.946;226.387;0.362
Wed Dec  1 18:14:01 2021;1638378841.905707485;1483.1;31824930.2;0.0;130486740.8;380.5;6981006.6;0.0;15001039.3;1531.2;37218079.2;0.0;131866629.7;0.969;49.950;716.1;10587966.7;0.0;42900711.9;259.1;2377197.8;0.0;6126931.2;761.6;12896373.4;0.0;43327215.1;3.463;225.994;0.940;357.4;6853154.8;0.0;46058077.6;87.2;2307785.2;0.0;5925276.0;367.9;9591402.1;0.0;46647014.0;1.667;226.774;0.972;409.6;16491382.5;0.0;43635525.2;34.2;3106491.6;0.0;3759300.1;411.0;18273292.2;0.0;44132978.9;1.984;225.944;0.997
Wed Dec  1 18:15:02 2021;1638378902.391187579;549.1;31824942.4;0.0;130486740.8;0.0;6981007.9;1044.8;15001052.7;1180.3;37218099.6;0.0;131866629.7;0.465;49.976;328.7;10587973.6;0.0;42900711.9;0.0;2377198.7;339.3;6126935.2;472.5;12896382.3;0.0;43327215.1;2.256;226.471;0.696;77.6;6853156.9;0.0;46058077.6;0.0;2307785.5;337.2;5925280.6;346.1;9591407.8;0.0;46647014.0;1.585;227.046;0.224;142.7;16491385.7;0.0;43635525.2;0.0;3106491.7;368.2;3759305.1;394.9;18273298.8;0.0;44132978.9;1.944;225.893;0.361
Wed Dec  1 18:16:02 2021;1638378962.377216951;541.3;31824951.4;0.0;130486740.8;0.0;6981007.9;1046.1;15001070.1;1177.9;37218119.3;0.0;131866629.7;0.460;49.954;322.4;10587979.0;0.0;42900711.9;0.0;2377198.7;339.8;6126940.9;468.4;12896390.1;0.0;43327215.1;2.237;226.489;0.688;77.2;6853158.2;0.0;46058077.6;0.0;2307785.5;337.1;5925286.2;345.8;9591413.6;0.0;46647014.0;1.583;227.060;0.223;141.8;16491388.1;0.0;43635525.2;0.0;3106491.7;369.2;3759311.2;395.5;18273305.4;0.0;44132978.9;1.941;226.250;0.359
Wed Dec  1 18:17:02 2021;1638379022.374013941;4336.3;31824977.3;0.0;130486740.8;0.0;6981007.9;1050.0;15001087.6;4461.6;37218153.5;0.0;131866629.7;0.972;49.964;313.8;10587984.3;0.0;42900711.9;0.0;2377198.7;341.4;6126946.5;463.7;12896397.9;0.0;43327215.1;2.204;227.141;0.677;2604.9;6853170.8;0.0;46058077.6;0.0;2307785.5;354.3;5925291.9;2628.9;9591429.5;0.0;46647014.0;11.639;226.024;0.991;1417.6;16491396.1;0.0;43635525.2;0.0;3106491.7;354.2;3759317.3;1461.2;18273316.7;0.0;44132978.9;6.521;225.999;0.970
Wed Dec  1 18:18:02 2021;1638379082.376789368;4305.7;31825049.2;0.0;130486740.8;0.0;6981007.9;1053.0;15001105.1;4432.6;37218227.6;0.0;131866629.7;0.971;49.989;317.3;10587989.6;0.0;42900711.9;0.0;2377198.7;343.5;6126952.2;467.6;12896405.6;0.0;43327215.1;2.218;227.661;0.679;2580.5;6853214.0;0.0;46058077.6;0.0;2307785.5;355.4;5925297.8;2604.9;9591473.1;0.0;46647014.0;11.509;226.493;0.991;1407.9;16491419.6;0.0;43635525.2;0.0;3106491.7;354.0;3759323.3;1451.7;18273340.9;0.0;44132978.9;6.456;226.824;0.970
Wed Dec  1 18:19:02 2021;1638379142.334221826;4283.9;31825120.7;0.0;130486740.8;0.0;6981007.9;1054.0;15001122.7;4411.7;37218301.2;0.0;131866629.7;0.971;49.988;317.8;10587994.9;0.0;42900711.9;0.0;2377198.7;344.0;6126958.0;468.3;12896413.4;0.0;43327215.1;2.221;227.866;0.679;2565.6;6853256.8;0.0;46058077.6;0.0;2307785.5;355.9;5925303.7;2590.2;9591516.4;0.0;46647014.0;11.434;226.688;0.991;1400.5;16491443.0;0.0;43635525.2;0.0;3106491.7;354.1;3759329.1;1444.5;18273365.0;0.0;44132978.9;6.419;227.037;0.969
Wed Dec  1 18:20:02 2021;1638379202.320374758;4247.8;31825191.7;0.0;130486740.8;0.0;6981007.9;1047.9;15001140.2;4375.1;37218374.3;0.0;131866629.7;0.971;49.969;314.2;10588000.2;0.0;42900711.9;0.0;2377198.7;341.8;6126963.7;464.3;12896421.2;0.0;43327215.1;2.209;227.133;0.677;2543.7;6853299.3;0.0;46058077.6;0.0;2307785.5;353.4;5925309.6;2568.1;9591559.3;0.0;46647014.0;11.365;226.127;0.990;1389.9;16491466.2;0.0;43635525.2;0.0;3106491.7;352.6;3759335.0;1434.0;18273388.9;0.0;44132978.9;6.390;226.439;0.969
Wed Dec  1 18:21:02 2021;1638379262.305477421;4190.6;31825262.0;0.0;130486740.8;0.0;6981007.9;1043.6;15001157.6;4318.6;37218446.7;0.0;131866629.7;0.970;49.974;313.7;10588005.4;0.0;42900711.9;0.0;2377198.7;340.8;6126969.4;463.2;12896429.0;0.0;43327215.1;2.211;226.671;0.677;2524.0;6853341.5;0.0;46058077.6;0.0;2307785.5;351.7;5925315.5;2548.3;9591601.9;0.0;46647014.0;11.306;225.564;0.990;1352.9;16491489.0;0.0;43635525.2;0.0;3106491.7;351.1;3759340.9;1397.7;18273412.5;0.0;44132978.9;6.221;226.006;0.968
Wed Dec  1 18:22:02 2021;1638379322.291904637;4164.8;31825331.9;0.0;130486740.8;0.0;6981007.9;1037.7;15001175.0;4292.1;37218518.7;0.0;131866629.7;0.970;49.950;310.9;10588010.7;0.0;42900711.9;0.0;2377198.7;339.3;6126975.1;460.2;12896436.7;0.0;43327215.1;2.204;226.100;0.675;2510.2;6853383.6;0.0;46058077.6;0.0;2307785.5;350.4;5925321.4;2534.6;9591644.4;0.0;46647014.0;11.270;225.060;0.990;1343.7;16491511.5;0.0;43635525.2;0.0;3106491.7;348.0;3759346.7;1388.1;18273435.8;0.0;44132978.9;6.198;225.333;0.968
Wed Dec  1 18:23:02 2021;1638379382.278008207;4448.7;31825402.1;0.0;130486740.8;0.0;6981007.9;1055.2;15001192.4;4572.1;37218591.1;0.0;131866629.7;0.973;50.021;315.4;10588015.9;0.0;42900711.9;0.0;2377198.7;341.2;6126980.7;464.6;12896444.4;0.0;43327215.1;2.217;226.518;0.679;2515.6;6853425.5;0.0;46058077.6;0.0;2307785.5;351.6;5925327.2;2540.1;9591686.7;0.0;46647014.0;11.282;225.317;0.990;1617.7;16491534.6;0.0;43635525.2;0.0;3106491.7;362.5;3759352.6;1657.8;18273459.6;0.0;44132978.9;7.382;225.527;0.976
Wed Dec  1 18:24:02 2021;1638379442.273503783;8131.1;31825518.4;0.0;130486740.8;1798.1;6981028.7;0.0;15001197.7;8327.5;37218710.3;0.0;131866629.7;0.976;50.007;1556.3;10588035.4;0.0;42900711.9;697.9;2377206.8;0.0;6126982.4;1705.6;12896466.4;0.0;43327215.1;7.583;225.836;0.912;3667.6;6853480.7;0.0;46058077.6;569.8;2307792.1;0.0;5925329.0;3711.6;9591742.5;0.0;46647014.0;16.532;224.587;0.988;2907.2;16491576.3;0.0;43635525.2;530.3;3106497.9;0.0;3759354.4;2955.1;18273502.1;0.0;44132978.9;13.160;224.764;0.984
Wed Dec  1 18:25:02 2021;1638379502.273121315;8315.0;31825656.0;0.0;130486740.8;1814.8;6981059.0;0.0;15001197.7;8510.8;37218851.1;0.0;131866629.7;0.977;50.001;1610.5;10588062.0;0.0;42900711.9;706.3;2377218.6;0.0;6126982.4;1758.5;12896495.5;0.0;43327215.1;7.822;225.657;0.916;3731.9;6853542.4;0.0;46058077.6;570.1;2307801.6;0.0;5925329.0;3775.2;9591805.0;0.0;46647014.0;16.815;224.589;0.989;2972.7;16491625.5;0.0;43635525.2;538.5;3106506.7;0.0;3759354.4;3021.1;18273552.1;0.0;44132978.9;13.462;224.614;0.984
Wed Dec  1 18:26:02 2021;1638379562.273131158;8391.9;31825795.3;0.0;130486740.8;1803.2;6981089.3;0.0;15001197.7;8583.5;37218993.7;0.0;131866629.7;0.978;50.012;1640.4;10588089.1;0.0;42900711.9;710.5;2377230.4;0.0;6126982.4;1787.6;12896525.1;0.0;43327215.1;7.953;225.560;0.918;3745.8;6853604.8;0.0;46058077.6;548.4;2307811.1;0.0;5925329.0;3785.8;9591868.1;0.0;46647014.0;16.863;224.576;0.989;3005.8;16491675.3;0.0;43635525.2;544.3;3106515.8;0.0;3759354.4;3054.6;18273602.7;0.0;44132978.9;13.606;224.700;0.984
Wed Dec  1 18:27:02 2021;1638379622.220912164;8455.6;31825935.7;0.0;130486740.8;1841.9;6981119.5;0.0;15001197.7;8653.8;37219137.4;0.0;131866629.7;0.977;49.977;1652.7;10588116.6;0.0;42900711.9;717.4;2377242.2;0.0;6126982.4;1801.6;12896555.0;0.0;43327215.1;8.009;225.731;0.917;3778.3;6853667.5;0.0;46058077.6;571.7;2307820.4;0.0;5925329.0;3821.3;9591931.5;0.0;46647014.0;17.012;224.692;0.989;3024.6;16491725.5;0.0;43635525.2;552.9;3106524.9;0.0;3759354.4;3074.7;18273653.7;0.0;44132978.9;13.685;224.878;0.984
Wed Dec  1 18:28:02 2021;1638379682.207449467;8452.7;31826076.9;0.0;130486740.8;1810.7;6981150.1;0.0;15001197.7;8644.5;37219281.8;0.0;131866629.7;0.978;49.979;1660.5;10588144.2;0.0;42900711.9;716.8;2377254.1;0.0;6126982.4;1808.6;12896585.1;0.0;43327215.1;8.047;225.531;0.918;3761.9;6853730.6;0.0;46058077.6;549.3;2307829.9;0.0;5925329.0;3801.8;9591995.3;0.0;46647014.0;16.942;224.465;0.990;3030.4;16491776.0;0.0;43635525.2;544.7;3106534.0;0.0;3759354.4;3078.9;18273705.0;0.0;44132978.9;13.717;224.652;0.984
Wed Dec  1 18:29:02 2021;1638379742.193869003;4368.5;31826196.3;0.0;130486740.8;0.0;6981171.0;1065.5;15001203.1;4496.6;37219404.1;0.0;131866629.7;0.972;50.009;254.2;10588164.2;0.0;42900711.9;0.0;2377262.4;330.5;6126984.1;417.0;12896607.7;0.0;43327215.1;2.028;226.231;0.610;2498.3;6853786.9;0.0;46058077.6;0.0;2307836.4;372.3;5925330.8;2525.9;9592052.2;0.0;46647014.0;11.228;225.154;0.989;1616.0;16491819.1;0.0;43635525.2;0.0;3106540.2;362.7;3759356.3;1656.2;18273748.9;0.0;44132978.9;7.382;225.299;0.976
Wed Dec  1 18:30:02 2021;1638379802.181087976;502.4;31826268.5;0.0;130486740.8;0.0;6981171.0;1047.4;15001220.3;1161.7;37219478.4;0.0;131866629.7;0.433;49.991;330.3;10588169.9;0.0;42900711.9;0.0;2377262.4;326.1;6126989.5;464.1;12896615.6;0.0;43327215.1;2.223;225.774;0.712;61.9;6853828.2;0.0;46058077.6;0.0;2307836.4;356.8;5925336.7;362.1;9592093.9;0.0;46647014.0;1.662;226.204;0.171;110.3;16491844.3;0.0;43635525.2;0.0;3106540.2;364.5;3759362.3;380.9;18273774.9;0.0;44132978.9;1.811;225.728;0.290
Wed Dec  1 18:31:02 2021;1638379862.173445737;513.2;31826276.9;0.0;130486740.8;0.0;6981171.0;1026.7;15001237.5;1147.8;37219497.6;0.0;131866629.7;0.447;49.992;326.0;10588175.4;0.0;42900711.9;0.0;2377262.4;328.3;6126995.0;462.7;12896623.3;0.0;43327215.1;2.211;226.315;0.705;78.3;6853829.4;0.0;46058077.6;0.0;2307836.4;334.9;5925342.4;343.9;9592099.8;0.0;46647014.0;1.579;226.476;0.228;108.9;16491846.1;0.0;43635525.2;0.0;3106540.2;363.5;3759368.3;379.5;18273781.2;0.0;44132978.9;1.800;226.341;0.287
Wed Dec  1 18:32:02 2021;1638379922.172982608;547.7;31826286.1;0.0;130486740.8;0.0;6981171.0;1026.9;15001254.6;1163.8;37219517.0;0.0;131866629.7;0.471;49.997;357.4;10588181.4;0.0;42900711.9;0.0;2377262.4;327.4;6127000.4;484.7;12896631.5;0.0;43327215.1;2.310;225.769;0.737;78.9;6853830.7;0.0;46058077.6;0.0;2307836.4;334.3;5925348.0;343.5;9592105.5;0.0;46647014.0;1.580;226.274;0.230;111.4;16491847.9;0.0;43635525.2;0.0;3106540.2;365.2;3759374.4;381.8;18273787.5;0.0;44132978.9;1.815;225.766;0.292
Wed Dec  1 18:33:02 2021;1638379982.173133629;550.4;31826295.1;0.0;130486740.8;0.0;6981171.0;1032.1;15001271.8;1169.7;37219536.5;0.0;131866629.7;0.471;49.998;359.7;10588187.4;0.0;42900711.9;0.0;2377262.4;328.9;6127005.8;487.4;12896639.6;0.0;43327215.1;2.314;226.410;0.738;78.4;6853831.9;0.0;46058077.6;0.0;2307836.4;336.2;5925353.7;345.2;9592111.3;0.0;46647014.0;1.582;226.907;0.227;112.4;16491849.8;0.0;43635525.2;0.0;3106540.2;367.1;3759380.5;383.9;18273793.9;0.0;44132978.9;1.821;226.469;0.293
Wed Dec  1 18:34:02 2021;1638380042.123938594;545.2;31826304.2;0.0;130486740.8;0.0;6981171.0;1033.9;15001289.0;1168.8;37219555.9;0.0;131866629.7;0.466;49.996;356.5;10588193.3;0.0;42900711.9;0.0;2377262.4;329.0;6127011.3;485.1;12896647.7;0.0;43327215.1;2.299;226.593;0.735;77.4;6853833.2;0.0;46058077.6;0.0;2307836.4;337.6;5925359.3;346.3;9592117.1;0.0;46647014.0;1.586;227.033;0.224;111.3;16491851.6;0.0;43635525.2;0.0;3106540.2;367.4;3759386.6;383.9;18273800.3;0.0;44132978.9;1.817;226.547;0.290
Wed Dec  1 18:35:02 2021;1638380102.109851714;543.6;31826313.6;0.0;130486740.8;0.0;6981171.0;1025.1;15001306.3;1160.3;37219575.6;0.0;131866629.7;0.468;49.986;356.6;10588199.6;0.0;42900711.9;0.0;2377262.4;327.2;6127016.8;484.0;12896656.0;0.0;43327215.1;2.301;226.022;0.737;77.0;6853834.4;0.0;46058077.6;0.0;2307836.4;335.9;5925365.0;344.6;9592122.9;0.0;46647014.0;1.583;226.508;0.223;110.0;16491853.5;0.0;43635525.2;0.0;3106540.2;361.9;3759392.7;378.3;18273806.6;0.0;44132978.9;1.801;225.891;0.291
Wed Dec  1 18:36:02 2021;1638380162.095770866;843.8;31826323.8;0.0;130486740.8;0.0;6981171.0;1034.2;15001323.4;1334.7;37219595.6;0.0;131866629.7;0.632;50.003;656.9;10588206.7;0.0;42900711.9;0.0;2377262.4;338.7;6127022.3;739.1;12896665.0;0.0;43327215.1;3.394;225.289;0.889;76.7;6853835.7;0.0;46058077.6;0.0;2307836.4;334.0;5925370.6;342.7;9592128.6;0.0;46647014.0;1.581;225.858;0.224;110.2;16491855.3;0.0;43635525.2;0.0;3106540.2;361.5;3759398.7;377.9;18273812.9;0.0;44132978.9;1.804;225.535;0.292
Wed Dec  1 18:37:02 2021;1638380222.081616465;547.4;31826334.4;0.0;130486740.8;0.0;6981171.0;1025.6;15001340.6;1162.6;37219615.8;0.0;131866629.7;0.471;50.008;358.4;10588214.2;0.0;42900711.9;0.0;2377262.4;327.3;6127027.8;485.4;12896674.4;0.0;43327215.1;2.314;225.691;0.738;77.3;6853837.0;0.0;46058077.6;0.0;2307836.4;334.8;5925376.2;343.6;9592134.4;0.0;46647014.0;1.583;225.911;0.225;111.7;16491857.1;0.0;43635525.2;0.0;3106540.2;363.5;3759404.8;380.3;18273819.3;0.0;44132978.9;1.815;225.618;0.294
Wed Dec  1 18:38:02 2021;1638380282.073056772;551.9;31826343.5;0.0;130486740.8;0.0;6981171.0;1027.6;15001357.7;1166.4;37219635.2;0.0;131866629.7;0.473;50.007;361.7;10588220.2;0.0;42900711.9;0.0;2377262.4;327.0;6127033.3;487.6;12896682.5;0.0;43327215.1;2.322;225.836;0.742;76.9;6853838.3;0.0;46058077.6;0.0;2307836.4;334.8;5925381.8;343.5;9592140.1;0.0;46647014.0;1.582;226.155;0.224;113.3;16491859.0;0.0;43635525.2;0.0;3106540.2;365.8;3759410.9;382.9;18273825.6;0.0;44132978.9;1.822;225.937;0.296
Wed Dec  1 18:39:02 2021;1638380342.073573849;544.8;31826352.6;0.0;130486740.8;0.0;6981171.0;1023.6;15001374.9;1159.5;37219654.7;0.0;131866629.7;0.470;49.998;355.1;10588226.2;0.0;42900711.9;0.0;2377262.4;325.8;6127038.7;481.9;12896690.6;0.0;43327215.1;2.299;225.423;0.737;76.5;6853839.5;0.0;46058077.6;0.0;2307836.4;333.6;5925387.5;342.2;9592145.9;0.0;46647014.0;1.578;225.704;0.224;113.2;16491860.9;0.0;43635525.2;0.0;3106540.2;364.2;3759416.9;381.4;18273832.0;0.0;44132978.9;1.821;225.485;0.297
Wed Dec  1 18:40:02 2021;1638380402.073135591;488.7;31826360.9;0.0;130486740.8;0.0;6981171.0;1016.7;15001392.0;1128.1;37219673.7;0.0;131866629.7;0.433;50.005;301.2;10588231.4;0.0;42900711.9;0.0;2377262.4;323.0;6127044.1;441.6;12896698.1;0.0;43327215.1;2.150;225.045;0.682;76.7;6853840.7;0.0;46058077.6;0.0;2307836.4;332.9;5925393.0;341.7;9592151.6;0.0;46647014.0;1.580;225.419;0.224;110.9;16491862.7;0.0;43635525.2;0.0;3106540.2;360.7;3759423.0;377.4;18273838.3;0.0;44132978.9;1.804;225.291;0.294
Wed Dec  1 18:41:02 2021;1638380462.525626610;594.2;31826369.1;0.0;130486740.8;0.0;6981171.0;1049.1;15001409.3;1205.7;37219692.9;0.0;131866629.7;0.493;49.996;405.5;10588236.5;0.0;42900711.9;0.0;2377262.4;332.0;6127049.6;524.1;12896705.6;0.0;43327215.1;2.438;229.188;0.774;77.7;6853842.0;0.0;46058077.6;0.0;2307836.4;344.5;5925398.8;353.2;9592157.5;0.0;46647014.0;1.598;229.568;0.220;110.9;16491864.6;0.0;43635525.2;0.0;3106540.2;372.6;3759429.2;388.8;18273844.8;0.0;44132978.9;1.822;229.233;0.285
Wed Dec  1 18:42:02 2021;1638380522.511926374;591.1;31826379.0;0.0;130486740.8;0.0;6981171.0;1048.0;15001426.8;1203.2;37219713.0;0.0;131866629.7;0.491;49.976;404.1;10588243.2;0.0;42900711.9;0.0;2377262.4;331.0;6127055.1;522.4;12896714.4;0.0;43327215.1;2.432;228.963;0.774;77.5;6853843.3;0.0;46058077.6;0.0;2307836.4;344.1;5925404.5;352.7;9592163.4;0.0;46647014.0;1.597;229.371;0.220;109.5;16491866.4;0.0;43635525.2;0.0;3106540.2;372.9;3759435.4;388.6;18273851.2;0.0;44132978.9;1.814;229.275;0.282
Wed Dec  1 18:43:02 2021;1638380582.497341178;701.9;31826389.6;0.0;130486740.8;0.0;6981171.0;1053.4;15001444.3;1265.8;37219733.5;0.0;131866629.7;0.554;50.007;513.9;10588250.7;0.0;42900711.9;0.0;2377262.4;338.6;6127060.7;615.4;12896723.7;0.0;43327215.1;2.831;228.551;0.835;77.5;6853844.6;0.0;46058077.6;0.0;2307836.4;343.1;5925410.2;351.7;9592169.2;0.0;46647014.0;1.594;229.060;0.220;110.5;16491868.2;0.0;43635525.2;0.0;3106540.2;371.7;3759441.6;387.8;18273857.7;0.0;44132978.9;1.817;228.887;0.285
Wed Dec  1 18:44:02 2021;1638380642.483857345;700.7;31826401.2;0.0;130486740.8;0.0;6981171.0;1055.9;15001462.0;1267.3;37219754.6;0.0;131866629.7;0.553;49.997;512.6;10588259.2;0.0;42900711.9;0.0;2377262.4;339.3;6127066.4;614.7;12896733.9;0.0;43327215.1;2.821;228.983;0.834;78.2;6853845.9;0.0;46058077.6;0.0;2307836.4;343.8;5925416.0;352.6;9592175.1;0.0;46647014.0;1.595;229.515;0.222;109.9;16491870.1;0.0;43635525.2;0.0;3106540.2;372.7;3759447.8;388.6;18273864.2;0.0;44132978.9;1.817;229.232;0.283
Wed Dec  1 18:45:02 2021;1638380702.473751987;605.9;31826412.4;0.0;130486740.8;0.0;6981171.0;1054.2;15001479.8;1215.9;37219775.7;0.0;131866629.7;0.498;50.000;418.6;10588267.5;0.0;42900711.9;0.0;2377262.4;337.0;6127072.0;537.4;12896744.0;0.0;43327215.1;2.498;229.096;0.779;77.8;6853847.0;0.0;46058077.6;0.0;2307836.4;344.5;5925422.0;353.1;9592181.3;0.0;46647014.0;1.597;229.616;0.220;109.4;16491871.9;0.0;43635525.2;0.0;3106540.2;372.8;3759454.0;388.5;18273870.7;0.0;44132978.9;1.815;229.326;0.282
Wed Dec  1 18:46:02 2021;1638380762.473507192;597.0;31826422.6;0.0;130486740.8;0.0;6981171.0;1049.4;15001497.4;1207.3;37219795.9;0.0;131866629.7;0.494;49.968;407.9;10588274.5;0.0;42900711.9;0.0;2377262.4;332.4;6127077.6;526.2;12896752.9;0.0;43327215.1;2.447;229.426;0.775;78.3;6853848.3;0.0;46058077.6;0.0;2307836.4;344.2;5925427.7;353.0;9592187.2;0.0;46647014.0;1.597;229.583;0.222;110.8;16491873.7;0.0;43635525.2;0.0;3106540.2;372.7;3759460.2;388.8;18273877.1;0.0;44132978.9;1.820;229.412;0.285
Wed Dec  1 18:47:02 2021;1638380822.473656141;590.2;31826432.4;0.0;130486740.8;0.0;6981171.0;1049.9;15001514.9;1204.4;37219816.0;0.0;131866629.7;0.490;49.977;402.8;10588281.3;0.0;42900711.9;0.0;2377262.4;331.9;6127083.2;521.9;12896761.7;0.0;43327215.1;2.424;229.467;0.772;78.0;6853849.6;0.0;46058077.6;0.0;2307836.4;345.2;5925433.5;353.9;9592193.0;0.0;46647014.0;1.599;229.930;0.220;109.5;16491875.5;0.0;43635525.2;0.0;3106540.2;372.8;3759466.5;388.5;18273883.6;0.0;44132978.9;1.815;229.438;0.282
Wed Dec  1 18:48:02 2021;1638380882.427084322;596.0;31826442.4;0.0;130486740.8;0.0;6981171.0;1048.0;15001532.4;1205.6;37219836.2;0.0;131866629.7;0.494;49.983;407.3;10588288.1;0.0;42900711.9;0.0;2377262.4;331.2;6127088.7;525.0;12896770.4;0.0;43327215.1;2.447;229.093;0.776;77.7;6853850.9;0.0;46058077.6;0.0;2307836.4;344.4;5925439.2;353.1;9592198.9;0.0;46647014.0;1.598;229.607;0.220;111.0;16491877.4;0.0;43635525.2;0.0;3106540.2;372.3;3759472.7;388.5;18273890.1;0.0;44132978.9;1.820;229.172;0.286
Wed Dec  1 18:49:02 2021;1638380942.413447014;591.1;31826452.1;0.0;130486740.8;0.0;6981171.0;1045.1;15001550.1;1200.6;37219856.3;0.0;131866629.7;0.492;49.994;404.1;10588294.9;0.0;42900711.9;0.0;2377262.4;330.6;6127094.2;522.1;12896779.2;0.0;43327215.1;2.434;228.892;0.774;77.8;6853852.0;0.0;46058077.6;0.0;2307836.4;342.4;5925445.2;351.1;9592205.0;0.0;46647014.0;1.594;229.029;0.222;109.2;16491879.2;0.0;43635525.2;0.0;3106540.2;372.0;3759478.9;387.7;18273896.6;0.0;44132978.9;1.815;228.956;0.282
Wed Dec  1 18:50:02 2021;1638381002.399175000;592.5;31826462.0;0.0;130486740.8;0.0;6981171.0;1047.8;15001567.5;1203.7;37219876.4;0.0;131866629.7;0.492;50.000;405.7;10588301.6;0.0;42900711.9;0.0;2377262.4;331.3;6127099.7;523.8;12896787.9;0.0;43327215.1;2.438;229.103;0.775;77.4;6853853.3;0.0;46058077.6;0.0;2307836.4;343.7;5925450.9;352.3;9592210.9;0.0;46647014.0;1.597;229.322;0.220;109.3;16491881.0;0.0;43635525.2;0.0;3106540.2;372.8;3759485.1;388.5;18273903.0;0.0;44132978.9;1.814;229.255;0.281
Wed Dec  1 18:51:02 2021;1638381062.387312597;606.2;31826472.0;0.0;130486740.8;0.0;6981171.0;1049.9;15001585.0;1212.3;37219896.5;0.0;131866629.7;0.500;49.985;418.5;10588308.5;0.0;42900711.9;0.0;2377262.4;332.2;6127105.2;534.3;12896796.7;0.0;43327215.1;2.485;229.263;0.783;77.4;6853854.6;0.0;46058077.6;0.0;2307836.4;344.5;5925456.6;353.1;9592216.7;0.0;46647014.0;1.599;229.547;0.219;110.3;16491882.8;0.0;43635525.2;0.0;3106540.2;373.2;3759491.3;389.2;18273909.5;0.0;44132978.9;1.818;229.384;0.283
Wed Dec  1 18:52:02 2021;1638381122.373116332;599.7;31826481.9;0.0;130486740.8;0.0;6981171.0;1053.1;15001602.5;1211.9;37219916.7;0.0;131866629.7;0.495;50.032;412.6;10588315.3;0.0;42900711.9;0.0;2377262.4;333.4;6127110.8;530.5;12896805.5;0.0;43327215.1;2.466;229.600;0.778;77.7;6853855.8;0.0;46058077.6;0.0;2307836.4;345.2;5925462.4;353.9;9592222.7;0.0;46647014.0;1.601;229.776;0.220;109.4;16491884.7;0.0;43635525.2;0.0;3106540.2;374.4;3759497.5;390.1;18273916.0;0.0;44132978.9;1.819;229.769;0.281
Wed Dec  1 18:53:02 2021;1638381182.372795110;598.2;31826492.3;0.0;130486740.8;0.0;6981171.0;1048.0;15001620.1;1206.7;37219937.1;0.0;131866629.7;0.496;49.983;410.0;10588322.6;0.0;42900711.9;0.0;2377262.4;331.8;6127116.3;527.4;12896814.7;0.0;43327215.1;2.458;229.198;0.777;77.6;6853857.1;0.0;46058077.6;0.0;2307836.4;343.6;5925468.2;352.3;9592228.6;0.0;46647014.0;1.597;229.305;0.220;110.7;16491886.5;0.0;43635525.2;0.0;3106540.2;372.6;3759503.7;388.7;18273922.5;0.0;44132978.9;1.820;229.362;0.285
Wed Dec  1 18:54:02 2021;1638381242.378745268;634.1;31826502.4;0.0;130486740.8;0.0;6981171.0;1048.6;15001637.5;1225.4;37219957.2;0.0;131866629.7;0.517;50.011;447.3;10588329.5;0.0;42900711.9;0.0;2377262.4;332.5;6127121.9;557.4;12896823.5;0.0;43327215.1;2.577;229.144;0.803;77.2;6853858.4;0.0;46058077.6;0.0;2307836.4;343.3;5925473.9;351.9;9592234.4;0.0;46647014.0;1.595;229.198;0.219;109.6;16491888.3;0.0;43635525.2;0.0;3106540.2;372.8;3759510.0;388.5;18273929.0;0.0;44132978.9;1.818;229.300;0.282
Wed Dec  1 18:55:02 2021;1638381302.328429928;623.0;31826512.7;0.0;130486740.8;0.0;6981171.0;1047.4;15001655.0;1218.6;37219977.6;0.0;131866629.7;0.511;49.992;436.3;10588336.8;0.0;42900711.9;0.0;2377262.4;331.7;6127127.4;548.1;12896832.7;0.0;43327215.1;2.537;229.125;0.796;77.5;6853859.7;0.0;46058077.6;0.0;2307836.4;343.1;5925479.6;351.7;9592240.3;0.0;46647014.0;1.595;229.136;0.220;109.1;16491890.1;0.0;43635525.2;0.0;3106540.2;372.6;3759516.2;388.3;18273935.5;0.0;44132978.9;1.815;229.395;0.281
Wed Dec  1 18:56:02 2021;1638381362.325388852;648.2;31826523.2;0.0;130486740.8;0.0;6981171.0;1045.4;15001672.5;1230.0;37219997.9;0.0;131866629.7;0.527;50.016;436.2;10588344.1;0.0;42900711.9;0.0;2377262.4;331.3;6127132.9;547.8;12896841.8;0.0;43327215.1;2.538;229.018;0.796;99.2;6853861.1;0.0;46058077.6;0.0;2307836.4;340.8;5925485.3;355.0;9592246.2;0.0;46647014.0;1.644;229.115;0.279;112.8;16491892.0;0.0;43635525.2;0.0;3106540.2;373.2;3759522.4;389.9;18273941.9;0.0;44132978.9;1.830;229.468;0.289
Wed Dec  1 18:57:02 2021;1638381422.300644198;644.3;31826533.9;0.0;130486740.8;0.0;6981171.0;1049.2;15001689.9;1231.3;37220018.4;0.0;131866629.7;0.523;50.023;436.9;10588351.4;0.0;42900711.9;0.0;2377262.4;332.6;6127138.5;549.1;12896851.0;0.0;43327215.1;2.538;229.364;0.796;95.4;6853862.7;0.0;46058077.6;0.0;2307836.4;342.1;5925491.0;355.2;9592252.1;0.0;46647014.0;1.634;229.480;0.269;112.0;16491893.8;0.0;43635525.2;0.0;3106540.2;374.5;3759528.6;390.9;18273948.4;0.0;44132978.9;1.828;229.733;0.287
Wed Dec  1 18:58:02 2021;1638381482.286556402;658.9;31826545.0;0.0;130486740.8;0.0;6981171.0;1077.8;15001707.5;1263.2;37220039.2;0.0;131866629.7;0.522;50.001;437.2;10588358.6;0.0;42900711.9;0.0;2377262.4;332.9;6127144.0;549.5;12896860.1;0.0;43327215.1;2.540;229.618;0.796;78.1;6853864.2;0.0;46058077.6;0.0;2307836.4;366.1;5925496.8;374.3;9592258.0;0.0;46647014.0;1.713;229.691;0.209;143.5;16491896.1;0.0;43635525.2;0.0;3106540.2;378.8;3759534.9;405.1;18273955.1;0.0;44132978.9;1.957;229.967;0.354
Wed Dec  1 18:59:02 2021;1638381542.272798274;952.7;31826557.5;0.0;130486740.8;0.0;6981171.0;1069.9;15001725.2;1432.5;37220060.9;0.0;131866629.7;0.665;50.015;438.7;10588365.9;0.0;42900711.9;0.0;2377262.4;333.4;6127149.5;551.0;12896869.3;0.0;43327215.1;2.541;229.937;0.796;96.1;6853865.8;0.0;46058077.6;0.0;2307836.4;343.9;5925502.5;357.1;9592264.0;0.0;46647014.0;1.638;230.100;0.269;417.9;16491899.7;0.0;43635525.2;0.0;3106540.2;392.6;3759541.3;573.4;18273962.6;0.0;44132978.9;2.637;230.101;0.729
Wed Dec  1 19:00:02 2021;1638381602.784569709;6607.9;31826643.3;0.0;130486740.8;2461.0;6981202.8;0.0;15001728.4;7051.3;37220154.2;0.0;131866629.7;0.937;49.992;2155.3;10588393.8;0.0;42900711.9;911.0;2377274.3;0.0;6127150.6;2340.0;12896900.2;0.0;43327215.1;10.220;230.112;0.921;2065.9;6853892.0;0.0;46058077.6;809.4;2307846.7;0.0;5925503.6;2218.8;9592292.9;0.0;46647014.0;9.698;230.314;0.931;2386.6;16491931.4;0.0;43635525.2;740.6;3106549.8;0.0;3759542.5;2498.9;18273996.3;0.0;44132978.9;10.920;229.933;0.955
Wed Dec  1 19:01:02 2021;1638381662.272943869;6741.3;31826753.9;0.0;130486740.8;2453.0;6981243.5;0.0;15001728.4;7173.7;37220272.0;0.0;131866629.7;0.940;49.963;2231.8;10588430.2;0.0;42900711.9;930.7;2377289.8;0.0;6127150.6;2418.1;12896939.7;0.0;43327215.1;10.548;230.171;0.923;2085.4;6853926.4;0.0;46058077.6;782.5;2307859.6;0.0;5925503.6;2227.4;9592329.7;0.0;46647014.0;9.746;230.062;0.936;2424.1;16491971.2;0.0;43635525.2;739.8;3106562.1;0.0;3759542.5;2534.4;18274038.0;0.0;44132978.9;11.071;229.901;0.956
Wed Dec  1 19:02:02 2021;1638381722.229319682;6813.2;31826866.8;0.0;130486740.8;2465.2;6981284.5;0.0;15001728.4;7245.5;37220392.1;0.0;131866629.7;0.940;49.961;2251.2;10588467.6;0.0;42900711.9;933.3;2377305.2;0.0;6127150.6;2437.0;12896980.2;0.0;43327215.1;10.631;230.137;0.924;2114.2;6853961.3;0.0;46058077.6;793.1;2307872.8;0.0;5925503.6;2258.1;9592367.0;0.0;46647014.0;9.885;229.889;0.936;2447.8;16492011.7;0.0;43635525.2;738.8;3106574.4;0.0;3759542.5;2556.9;18274080.3;0.0;44132978.9;11.172;229.866;0.957
Wed Dec  1 19:03:02 2021;1638381782.716254113;6870.5;31826981.9;0.0;130486740.8;2484.4;6981325.9;0.0;15001728.4;7305.9;37220514.5;0.0;131866629.7;0.940;49.982;2268.0;10588505.7;0.0;42900711.9;940.8;2377320.9;0.0;6127150.6;2455.4;12897021.3;0.0;43327215.1;10.681;230.766;0.924;2135.3;6853997.1;0.0;46058077.6;801.0;2307886.2;0.0;5925503.6;2280.5;9592405.2;0.0;46647014.0;9.965;230.330;0.936;2467.2;16492053.0;0.0;43635525.2;742.7;3106586.8;0.0;3759542.5;2576.6;18274123.5;0.0;44132978.9;11.233;230.367;0.958
Wed Dec  1 19:04:02 2021;1638381842.201414018;6870.5;31827095.6;0.0;130486740.8;2499.1;6981367.1;0.0;15001728.4;7310.9;37220635.4;0.0;131866629.7;0.940;49.969;2270.7;10588543.3;0.0;42900711.9;945.7;2377336.5;0.0;6127150.6;2459.7;12897062.0;0.0;43327215.1;10.673;231.351;0.923;2136.4;6854032.4;0.0;46058077.6;806.3;2307899.5;0.0;5925503.6;2283.4;9592443.0;0.0;46647014.0;9.952;230.922;0.936;2463.5;16492093.8;0.0;43635525.2;747.2;3106599.1;0.0;3759542.5;2574.3;18274166.1;0.0;44132978.9;11.196;230.919;0.957
Wed Dec  1 19:05:02 2021;1638381902.187594925;2803.7;31827178.8;0.0;130486740.8;0.0;6981389.5;643.0;15001733.3;2876.5;37220723.1;0.0;131866629.7;0.975;49.974;918.3;10588570.6;0.0;42900711.9;0.0;2377345.0;183.1;6127151.9;936.4;12897091.2;0.0;43327215.1;4.172;232.156;0.981;836.9;6854058.0;0.0;46058077.6;0.0;2307906.7;206.6;5925505.1;862.0;9592470.1;0.0;46647014.0;3.886;232.339;0.971;1048.5;16492124.0;0.0;43635525.2;0.0;3106605.8;253.2;3759544.4;1078.7;18274197.5;0.0;44132978.9;4.785;232.052;0.972
Wed Dec  1 19:06:02 2021;1638381962.173893047;2515.8;31827223.3;0.0;130486740.8;0.0;6981389.5;591.0;15001743.8;2584.2;37220768.8;0.0;131866629.7;0.973;49.976;910.6;10588585.9;0.0;42900711.9;0.0;2377345.0;170.9;6127155.0;926.5;12897106.8;0.0;43327215.1;4.197;228.335;0.983;831.3;6854072.0;0.0;46058077.6;0.0;2307906.7;194.4;5925508.5;853.8;9592484.4;0.0;46647014.0;3.907;228.827;0.974;773.8;16492139.3;0.0;43635525.2;0.0;3106605.8;225.7;3759548.5;806.0;18274213.3;0.0;44132978.9;3.704;228.545;0.960
Wed Dec  1 19:07:02 2021;1638382022.173131142;2811.9;31827269.0;0.0;130486740.8;0.0;6981389.5;393.7;15001750.8;2839.4;37220815.1;0.0;131866629.7;0.990;49.993;1196.5;10588604.7;0.0;42900711.9;19.4;2377345.7;0.0;6127155.8;1196.6;12897125.8;0.0;43327215.1;5.362;228.008;1.000;838.3;6854085.9;0.0;46058077.6;0.0;2307906.7;191.3;5925511.7;859.8;9592498.7;0.0;46647014.0;3.939;228.616;0.975;777.2;16492152.3;0.0;43635525.2;0.0;3106605.8;221.8;3759552.2;808.2;18274226.8;0.0;44132978.9;3.716;228.391;0.962
Wed Dec  1 19:08:02 2021;1638382082.172821618;2831.4;31827316.0;0.0;130486740.8;0.0;6981389.5;380.8;15001757.3;2856.9;37220862.6;0.0;131866629.7;0.991;50.000;1193.6;10588624.7;0.0;42900711.9;21.2;2377346.1;0.0;6127155.8;1193.8;12897145.7;0.0;43327215.1;5.342;228.233;1.000;849.6;6854099.9;0.0;46058077.6;0.0;2307906.7;187.1;5925514.9;870.0;9592513.1;0.0;46647014.0;3.980;228.722;0.977;788.1;16492165.3;0.0;43635525.2;0.0;3106605.8;215.0;3759555.9;816.9;18274240.4;0.0;44132978.9;3.750;228.491;0.965
Wed Dec  1 19:09:02 2021;1638382142.632540422;2856.9;31827363.8;0.0;130486740.8;0.0;6981389.5;366.2;15001763.5;2880.3;37220910.8;0.0;131866629.7;0.992;49.998;1194.1;10588644.8;0.0;42900711.9;25.7;2377346.5;0.0;6127155.8;1194.4;12897165.8;0.0;43327215.1;5.348;228.105;1.000;861.9;6854114.3;0.0;46058077.6;0.0;2307906.7;182.0;5925518.0;880.9;9592527.8;0.0;46647014.0;4.029;228.673;0.978;801.0;16492178.7;0.0;43635525.2;0.0;3106605.8;209.8;3759559.5;828.0;18274254.2;0.0;44132978.9;3.799;228.455;0.967
Wed Dec  1 19:10:02 2021;1638382202.618025500;2868.3;31827411.6;0.0;130486740.8;0.0;6981389.5;359.9;15001769.6;2890.8;37220959.0;0.0;131866629.7;0.992;50.008;1193.7;10588664.7;0.0;42900711.9;25.6;2377346.9;0.0;6127155.8;1194.0;12897185.7;0.0;43327215.1;5.344;228.196;1.000;869.5;6854128.8;0.0;46058077.6;0.0;2307906.7;180.3;5925521.0;888.0;9592542.6;0.0;46647014.0;4.056;228.934;0.979;805.1;16492192.0;0.0;43635525.2;0.0;3106605.8;205.2;3759562.9;830.8;18274268.0;0.0;44132978.9;3.811;228.483;0.969
Wed Dec  1 19:11:02 2021;1638382262.604220751;2798.3;31827459.0;0.0;130486740.8;0.0;6981389.5;348.9;15001775.5;2820.0;37221006.7;0.0;131866629.7;0.992;49.972;1128.2;10588684.2;0.0;42900711.9;32.8;2377347.4;0.0;6127155.8;1128.7;12897205.2;0.0;43327215.1;5.071;228.342;1.000;857.9;6854143.2;0.0;46058077.6;0.0;2307906.7;177.9;5925524.0;876.2;9592557.3;0.0;46647014.0;3.979;229.019;0.979;812.2;16492205.5;0.0;43635525.2;0.0;3106605.8;203.8;3759566.3;837.4;18274281.9;0.0;44132978.9;3.842;228.353;0.970
Wed Dec  1 19:12:02 2021;1638382322.589819265;2797.9;31827505.5;0.0;130486740.8;0.0;6981389.5;346.6;15001781.3;2819.3;37221053.6;0.0;131866629.7;0.992;50.010;1122.3;10588702.9;0.0;42900711.9;34.5;2377348.0;0.0;6127155.8;1122.8;12897223.9;0.0;43327215.1;5.044;228.408;1.000;859.2;6854157.5;0.0;46058077.6;0.0;2307906.7;177.9;5925527.0;877.4;9592571.9;0.0;46647014.0;3.985;228.978;0.979;816.4;16492219.1;0.0;43635525.2;0.0;3106605.8;203.2;3759569.7;841.3;18274295.9;0.0;44132978.9;3.855;228.565;0.970
Wed Dec  1 19:13:02 2021;1638382382.576360369;2925.2;31827553.7;0.0;130486740.8;0.0;6981389.5;344.0;15001787.0;2945.3;37221102.1;0.0;131866629.7;0.993;50.004;1245.4;10588723.1;0.0;42900711.9;34.1;2377348.5;0.0;6127155.8;1245.8;12897244.1;0.0;43327215.1;5.576;228.200;1.000;861.2;6854171.8;0.0;46058077.6;0.0;2307906.7;176.0;5925529.9;879.0;9592586.5;0.0;46647014.0;3.996;228.769;0.980;818.6;16492232.7;0.0;43635525.2;0.0;3106605.8;202.1;3759573.1;843.2;18274309.9;0.0;44132978.9;3.866;228.482;0.971
Wed Dec  1 19:14:02 2021;1638382442.573628628;2925.8;31827602.4;0.0;130486740.8;0.0;6981389.5;336.0;15001792.7;2945.0;37221151.2;0.0;131866629.7;0.993;50.007;1238.7;10588743.8;0.0;42900711.9;37.4;2377349.1;0.0;6127155.8;1239.2;12897264.8;0.0;43327215.1;5.551;227.922;1.000;863.3;6854186.2;0.0;46058077.6;0.0;2307906.7;173.7;5925532.8;880.6;9592601.2;0.0;46647014.0;4.009;228.359;0.980;823.8;16492246.4;0.0;43635525.2;0.0;3106605.8;199.6;3759576.4;847.6;18274324.0;0.0;44132978.9;3.888;228.271;0.972
Wed Dec  1 19:15:02 2021;1638382502.573611050;2763.3;31827649.9;0.0;130486740.8;0.0;6981389.5;518.9;15001799.8;2811.6;37221199.2;0.0;131866629.7;0.983;49.990;1072.1;10588763.1;0.0;42900711.9;0.0;2377349.5;149.4;6127157.0;1082.5;12897284.3;0.0;43327215.1;4.880;227.967;0.990;863.5;6854200.6;0.0;46058077.6;0.0;2307906.7;171.1;5925535.7;880.3;9592615.9;0.0;46647014.0;4.014;227.993;0.981;827.7;16492260.1;0.0;43635525.2;0.0;3106605.8;198.4;3759579.8;851.2;18274338.1;0.0;44132978.9;3.907;228.169;0.972
Wed Dec  1 19:16:02 2021;1638382562.534007884;2778.0;31827696.1;0.0;130486740.8;0.0;6981389.5;517.4;15001808.5;2825.8;37221246.2;0.0;131866629.7;0.983;49.970;1078.5;10588781.0;0.0;42900711.9;0.0;2377349.5;149.4;6127159.5;1088.8;12897302.4;0.0;43327215.1;4.899;228.388;0.991;869.1;6854215.0;0.0;46058077.6;0.0;2307906.7;170.3;5925538.5;885.6;9592630.6;0.0;46647014.0;4.029;228.573;0.981;830.5;16492273.9;0.0;43635525.2;0.0;3106605.8;197.8;3759583.1;853.7;18274352.3;0.0;44132978.9;3.912;228.592;0.973
Wed Dec  1 19:17:02 2021;1638382622.519748415;2788.2;31827742.5;0.0;130486740.8;0.0;6981389.5;515.6;15001817.1;2835.5;37221293.4;0.0;131866629.7;0.983;49.974;1078.6;10588799.0;0.0;42900711.9;0.0;2377349.5;148.6;6127162.0;1088.8;12897320.5;0.0;43327215.1;4.901;228.206;0.991;874.7;6854229.6;0.0;46058077.6;0.0;2307906.7;170.5;5925541.4;891.2;9592645.4;0.0;46647014.0;4.052;228.655;0.982;834.9;16492287.8;0.0;43635525.2;0.0;3106605.8;196.5;3759586.4;857.8;18274366.6;0.0;44132978.9;3.928;228.604;0.973
Wed Dec  1 19:18:02 2021;1638382682.505837749;2836.3;31827789.3;0.0;130486740.8;0.0;6981389.5;511.3;15001825.6;2882.0;37221341.0;0.0;131866629.7;0.984;49.994;1115.7;10588817.3;0.0;42900711.9;0.0;2377349.5;149.4;6127164.4;1125.7;12897339.0;0.0;43327215.1;5.059;228.406;0.991;880.7;6854244.2;0.0;46058077.6;0.0;2307906.7;167.4;5925544.2;896.5;9592660.3;0.0;46647014.0;4.080;228.478;0.982;839.9;16492301.7;0.0;43635525.2;0.0;3106605.8;194.5;3759589.6;862.1;18274380.9;0.0;44132978.9;3.946;228.666;0.974
Wed Dec  1 19:19:02 2021;1638382742.491386599;2998.0;31827837.7;0.0;130486740.8;0.0;6981389.5;641.0;15001835.2;3065.7;37221390.3;0.0;131866629.7;0.978;49.991;1150.3;10588836.2;0.0;42900711.9;0.0;2377349.5;279.6;6127168.1;1183.8;12897358.2;0.0;43327215.1;5.306;228.210;0.972;1000.3;6854259.6;0.0;46058077.6;0.0;2307906.7;170.0;5925547.0;1014.7;9592676.0;0.0;46647014.0;4.586;228.209;0.986;847.4;16492315.8;0.0;43635525.2;0.0;3106605.8;191.3;3759592.9;868.7;18274395.3;0.0;44132978.9;3.979;228.417;0.975
Wed Dec  1 19:20:02 2021;1638382802.477613288;2963.1;31827887.6;0.0;130486740.8;0.0;6981389.5;638.8;15001845.9;3031.1;37221441.4;0.0;131866629.7;0.978;49.984;1155.7;10588855.4;0.0;42900711.9;0.0;2377349.5;279.6;6127172.7;1189.0;12897378.0;0.0;43327215.1;5.323;228.514;0.972;957.4;6854276.2;0.0;46058077.6;0.0;2307906.7;168.6;5925549.8;972.1;9592692.8;0.0;46647014.0;4.401;228.504;0.985;850.0;16492329.9;0.0;43635525.2;0.0;3106605.8;190.6;3759596.1;871.1;18274409.8;0.0;44132978.9;3.987;228.650;0.976
Wed Dec  1 19:21:02 2021;1638382862.473583450;2845.2;31827944.5;0.0;130486740.8;0.0;6981395.8;617.2;15001850.5;2911.4;37221499.4;0.0;131866629.7;0.977;49.979;1099.5;10588877.2;0.0;42900711.9;0.0;2377351.0;268.3;6127174.7;1131.8;12897400.2;0.0;43327215.1;5.084;228.361;0.971;892.2;6854294.1;0.0;46058077.6;0.0;2307909.2;160.2;5925551.0;906.4;9592711.1;0.0;46647014.0;4.124;228.328;0.984;853.6;16492347.1;0.0;43635525.2;0.0;3106608.0;188.7;3759597.5;874.2;18274427.4;0.0;44132978.9;4.001;228.432;0.976
Wed Dec  1 19:22:02 2021;1638382922.477040291;2877.1;31827992.6;0.0;130486740.8;0.0;6981395.8;687.1;15001861.9;2958.0;37221548.8;0.0;131866629.7;0.973;49.984;1120.1;10588895.9;0.0;42900711.9;0.0;2377351.0;342.9;6127180.3;1171.3;12897419.6;0.0;43327215.1;5.253;228.390;0.956;897.9;6854309.0;0.0;46058077.6;0.0;2307909.2;158.1;5925553.7;911.7;9592726.2;0.0;46647014.0;4.148;228.363;0.985;859.1;16492361.7;0.0;43635525.2;0.0;3106608.0;186.1;3759600.6;879.0;18274442.3;0.0;44132978.9;4.024;228.489;0.977
Wed Dec  1 19:23:02 2021;1638382982.436171529;2912.7;31828041.1;0.0;130486740.8;0.0;6981395.8;691.1;15001873.5;2993.6;37221598.7;0.0;131866629.7;0.973;50.006;1150.7;10588915.0;0.0;42900711.9;0.0;2377351.0;355.2;6127186.2;1204.3;12897439.6;0.0;43327215.1;5.401;227.859;0.956;900.0;6854324.0;0.0;46058077.6;0.0;2307909.2;154.2;5925556.3;913.1;9592741.5;0.0;46647014.0;4.167;227.629;0.986;862.1;16492376.0;0.0;43635525.2;0.0;3106608.0;181.7;3759603.7;881.0;18274456.9;0.0;44132978.9;4.042;227.874;0.979
Wed Dec  1 19:24:02 2021;1638383042.421061094;2925.5;31828089.9;0.0;130486740.8;0.0;6981395.8;851.4;15001887.1;3046.9;37221649.3;0.0;131866629.7;0.960;49.998;1106.1;10588933.7;0.0;42900711.9;0.0;2377351.0;277.0;6127191.3;1140.3;12897459.0;0.0;43327215.1;5.118;228.239;0.970;905.1;6854339.1;0.0;46058077.6;0.0;2307909.2;153.0;5925559.0;917.9;9592756.8;0.0;46647014.0;4.181;228.117;0.986;914.3;16492391.0;0.0;43635525.2;0.0;3106608.0;421.4;3759609.5;1006.8;18274473.1;0.0;44132978.9;4.565;228.096;0.908
Wed Dec  1 19:25:02 2021;1638383102.406666548;2943.5;31828138.7;0.0;130486740.8;0.0;6981395.8;844.9;15001901.3;3062.3;37221700.1;0.0;131866629.7;0.961;49.991;1116.9;10588952.1;0.0;42900711.9;0.0;2377351.0;275.5;6127195.9;1150.3;12897478.0;0.0;43327215.1;5.169;228.089;0.971;909.9;6854354.3;0.0;46058077.6;0.0;2307909.2;151.0;5925561.6;922.4;9592772.2;0.0;46647014.0;4.204;228.025;0.987;916.7;16492406.2;0.0;43635525.2;0.0;3106608.0;418.4;3759616.5;1007.6;18274489.9;0.0;44132978.9;4.572;227.960;0.910
Wed Dec  1 19:26:02 2021;1638383162.392801145;3616.1;31828193.6;0.0;130486740.8;0.0;6981395.8;326.9;15001911.3;3630.8;37221756.2;0.0;131866629.7;0.996;50.011;1352.0;10588972.9;0.0;42900711.9;0.0;2377351.0;107.8;6127199.2;1356.3;12897499.1;0.0;43327215.1;6.138;227.908;0.997;1130.5;6854371.3;0.0;46058077.6;25.5;2307909.5;0.0;5925562.9;1130.8;9592789.3;0.0;46647014.0;5.167;227.763;1.000;1133.5;16492423.4;0.0;43635525.2;0.0;3106608.0;244.7;3759622.1;1159.6;18274508.0;0.0;44132978.9;5.304;227.714;0.977
Wed Dec  1 19:27:02 2021;1638383222.378769348;3813.0;31828251.9;0.0;130486740.8;0.0;6981395.8;277.5;15001918.2;3823.1;37221814.9;0.0;131866629.7;0.997;50.000;1421.5;10588994.7;0.0;42900711.9;0.0;2377351.0;90.8;6127201.4;1424.4;12897521.1;0.0;43327215.1;6.430;227.993;0.998;1193.1;6854389.4;0.0;46058077.6;43.4;2307909.7;0.0;5925563.2;1193.9;9592807.5;0.0;46647014.0;5.428;228.033;0.999;1198.4;16492441.6;0.0;43635525.2;0.0;3106608.0;230.1;3759626.7;1220.3;18274526.8;0.0;44132978.9;5.561;227.836;0.982
Wed Dec  1 19:28:02 2021;1638383282.373120359;4198.9;31828320.6;0.0;130486740.8;0.0;6981395.8;149.3;15001921.1;4201.6;37221883.7;0.0;131866629.7;0.999;50.005;1547.5;10589020.1;0.0;42900711.9;0.0;2377351.0;47.1;6127202.3;1548.3;12897546.5;0.0;43327215.1;6.953;228.299;1.000;1323.6;6854411.1;0.0;46058077.6;86.0;2307911.0;0.0;5925563.2;1326.4;9592829.1;0.0;46647014.0;5.986;228.323;0.998;1327.8;16492463.3;0.0;43635525.2;0.0;3106608.0;188.2;3759630.0;1341.1;18274548.8;0.0;44132978.9;6.067;228.130;0.990
Wed Dec  1 19:29:02 2021;1638383342.372810322;3999.0;31828389.2;0.0;130486740.8;0.0;6981395.8;219.1;15001924.0;4005.0;37221952.3;0.0;131866629.7;0.999;49.992;1481.3;10589045.4;0.0;42900711.9;0.0;2377351.0;71.5;6127203.3;1483.0;12897571.8;0.0;43327215.1;6.679;228.066;0.999;1256.6;6854432.7;0.0;46058077.6;62.3;2307912.2;0.0;5925563.2;1258.2;9592850.8;0.0;46647014.0;5.699;228.212;0.999;1261.1;16492485.0;0.0;43635525.2;0.0;3106608.0;209.9;3759633.2;1278.5;18274570.7;0.0;44132978.9;5.804;227.934;0.986
Wed Dec  1 19:30:02 2021;1638383402.873811068;4222.1;31828456.9;0.0;130486740.8;0.0;6981395.8;170.3;15001927.8;4225.5;37222020.2;0.0;131866629.7;0.999;49.989;1594.0;10589070.9;0.0;42900711.9;0.0;2377351.0;66.7;6127204.6;1595.4;12897597.3;0.0;43327215.1;7.172;228.038;0.999;1312.1;6854453.8;0.0;46058077.6;82.4;2307913.3;0.0;5925563.2;1314.7;9592871.9;0.0;46647014.0;5.939;228.199;0.998;1316.0;16492506.2;0.0;43635525.2;0.0;3106608.0;186.0;3759636.7;1329.0;18274592.2;0.0;44132978.9;6.018;227.981;0.990
Wed Dec  1 19:31:02 2021;1638383462.322222119;4448.0;31828529.7;0.0;130486740.8;0.0;6981395.8;75.2;15001929.4;4448.6;37222093.0;0.0;131866629.7;1.000;49.958;1682.9;10589098.4;0.0;42900711.9;0.0;2377351.0;35.8;6127205.3;1683.3;12897624.8;0.0;43327215.1;7.543;228.302;1.000;1396.9;6854476.6;0.0;46058077.6;113.0;2307915.1;0.0;5925563.2;1401.5;9592894.8;0.0;46647014.0;6.302;228.501;0.997;1368.2;16492528.6;0.0;43635525.2;0.0;3106608.0;152.4;3759639.4;1376.6;18274614.8;0.0;44132978.9;6.190;228.314;0.994
Wed Dec  1 19:32:02 2021;1638383522.308315702;4509.9;31828604.4;0.0;130486740.8;0.0;6981395.9;91.1;15001930.6;4510.8;37222167.7;0.0;131866629.7;1.000;49.972;1765.5;10589127.1;0.0;42900711.9;0.0;2377351.1;46.3;6127206.0;1766.1;12897653.5;0.0;43327215.1;7.909;228.013;1.000;1389.0;6854499.9;0.0;46058077.6;110.3;2307917.0;0.0;5925563.2;1393.3;9592918.2;0.0;46647014.0;6.273;228.223;0.997;1355.4;16492551.4;0.0;43635525.2;0.0;3106608.0;155.1;3759641.9;1364.2;18274637.7;0.0;44132978.9;6.150;227.809;0.994
Wed Dec  1 19:33:02 2021;1638383582.294075360;4579.9;31828679.3;0.0;130486740.8;0.0;6981395.9;62.1;15001932.2;4580.3;37222242.6;0.0;131866629.7;1.000;49.972;1781.6;10589156.3;0.0;42900711.9;0.0;2377351.1;37.4;6127206.8;1782.0;12897682.8;0.0;43327215.1;7.969;228.239;1.000;1417.2;6854523.0;0.0;46058077.6;120.7;2307918.8;0.0;5925563.2;1422.4;9592941.3;0.0;46647014.0;6.394;228.452;0.996;1381.0;16492573.9;0.0;43635525.2;0.0;3106608.0;145.4;3759644.5;1388.7;18274660.4;0.0;44132978.9;6.250;228.026;0.995
Wed Dec  1 19:34:02 2021;1638383642.281101168;4717.3;31828757.1;0.0;130486740.8;1.7;6981395.9;0.0;15001932.6;4717.3;37222320.4;0.0;131866629.7;1.000;49.971;1825.4;10589186.5;0.0;42900711.9;0.0;2377351.1;15.3;6127207.2;1825.5;12897713.0;0.0;43327215.1;8.172;227.759;1.000;1462.2;6854547.1;0.0;46058077.6;140.0;2307921.0;0.0;5925563.2;1468.8;9592965.5;0.0;46647014.0;6.597;228.239;0.995;1429.7;16492597.5;0.0;43635525.2;0.0;3106608.0;123.0;3759646.7;1435.0;18274684.0;0.0;44132978.9;6.452;227.874;0.996
Wed Dec  1 19:35:02 2021;1638383702.273143896;4996.1;31828837.4;0.0;130486740.8;0.0;6981396.0;0.1;15001932.6;4996.1;37222400.7;0.0;131866629.7;1.000;49.979;1827.1;10589217.0;0.0;42900711.9;0.0;2377351.1;7.5;6127207.4;1827.1;12897743.4;0.0;43327215.1;8.176;227.897;1.000;1463.9;6854571.5;0.0;46058077.6;142.9;2307923.4;0.0;5925563.2;1470.9;9592990.1;0.0;46647014.0;6.607;228.128;0.995;1705.1;16492622.8;0.0;43635525.2;0.0;3106608.0;135.5;3759648.8;1710.5;18274709.4;0.0;44132978.9;7.641;227.646;0.997
Wed Dec  1 19:36:02 2021;1638383762.273029238;10397.2;31828974.4;0.0;130486740.8;4263.0;6981438.8;0.0;15001932.6;11237.2;37222544.8;0.0;131866629.7;0.925;49.979;3613.5;10589265.0;0.0;42900711.9;1463.0;2377366.1;0.0;6127207.4;3898.4;12897794.0;0.0;43327215.1;17.238;226.749;0.927;3236.4;6854613.4;0.0;46058077.6;1535.9;2307939.5;0.0;5925563.2;3582.3;9593035.1;0.0;46647014.0;15.815;227.116;0.903;3547.3;16492669.9;0.0;43635525.2;1264.1;3106620.1;0.0;3759649.1;3765.8;18274758.2;0.0;44132978.9;16.663;226.407;0.942
Wed Dec  1 19:37:02 2021;1638383822.272721243;9061.0;31829132.1;0.0;130486740.8;3026.2;6981499.1;0.0;15001932.6;9552.9;37222713.8;0.0;131866629.7;0.948;50.001;3152.9;10589319.9;0.0;42900711.9;1072.4;2377387.0;0.0;6127207.4;3330.2;12897852.7;0.0;43327215.1;14.708;227.321;0.947;2783.1;6854662.1;0.0;46058077.6;1107.5;2307961.4;0.0;5925563.2;2995.3;9593088.6;0.0;46647014.0;13.229;227.395;0.929;3125.0;16492723.9;0.0;43635525.2;846.4;3106637.6;0.0;3759649.1;3237.6;18274815.0;0.0;44132978.9;14.294;227.153;0.965
Wed Dec  1 19:38:02 2021;1638383882.724305447;9181.2;31829285.6;0.0;130486740.8;3036.9;6981550.1;0.0;15001932.6;9670.5;37222875.5;0.0;131866629.7;0.949;50.007;3198.9;10589373.4;0.0;42900711.9;1080.0;2377405.1;0.0;6127207.4;3376.3;12897909.2;0.0;43327215.1;14.928;227.055;0.947;2815.4;6854709.2;0.0;46058077.6;1107.8;2307980.0;0.0;5925563.2;3025.5;9593139.2;0.0;46647014.0;13.385;226.959;0.931;3167.0;16492776.8;0.0;43635525.2;849.2;3106651.8;0.0;3759649.1;3278.8;18274869.8;0.0;44132978.9;14.493;226.862;0.966
Wed Dec  1 19:39:02 2021;1638383942.710135565;9259.6;31829439.2;0.0;130486740.8;3070.6;6981600.9;0.0;15001932.6;9755.5;37223037.4;0.0;131866629.7;0.949;49.992;3222.5;10589426.9;0.0;42900711.9;1081.0;2377423.1;0.0;6127207.4;3399.0;12897965.7;0.0;43327215.1;15.012;227.278;0.948;2853.5;6854756.4;0.0;46058077.6;1128.4;2307998.6;0.0;5925563.2;3068.5;9593190.0;0.0;46647014.0;13.537;227.611;0.930;3183.7;16492829.7;0.0;43635525.2;861.3;3106666.1;0.0;3759649.1;3298.1;18274924.6;0.0;44132978.9;14.567;227.042;0.965
Wed Dec  1 19:40:02 2021;1638384002.695781099;9346.6;31829594.4;0.0;130486740.8;3106.9;6981652.4;0.0;15001932.6;9849.5;37223200.9;0.0;131866629.7;0.949;49.985;3251.2;10589480.9;0.0;42900711.9;1098.3;2377441.3;0.0;6127207.4;3431.7;12898022.7;0.0;43327215.1;15.152;227.338;0.947;2876.7;6854804.2;0.0;46058077.6;1134.5;2308017.5;0.0;5925563.2;3092.3;9593241.3;0.0;46647014.0;13.653;227.403;0.930;3218.7;16492883.1;0.0;43635525.2;874.1;3106680.6;0.0;3759649.1;3335.3;18274979.9;0.0;44132978.9;14.727;227.085;0.965
Wed Dec  1 19:41:02 2021;1638384062.685528859;5311.3;31829714.1;0.0;130486740.8;142.0;6981677.7;0.0;15001932.6;5313.2;37223324.5;0.0;131866629.7;1.000;49.997;1926.0;10589523.3;0.0;42900711.9;41.3;2377450.1;0.0;6127207.4;1926.4;12898066.5;0.0;43327215.1;8.602;227.917;1.000;1571.6;6854840.5;0.0;46058077.6;190.1;2308028.0;0.0;5925563.2;1583.1;9593279.4;0.0;46647014.0;7.089;228.172;0.993;1813.7;16492924.2;0.0;43635525.2;0.0;3106687.3;89.5;3759649.9;1815.9;18275021.9;0.0;44132978.9;8.087;227.892;0.999
Wed Dec  1 19:42:02 2021;1638384122.679251929;6640.5;31829803.9;0.0;130486740.8;1529.9;6981683.5;0.0;15001932.6;6814.4;37223414.7;0.0;131866629.7;0.974;49.996;2417.2;10589556.6;0.0;42900711.9;498.0;2377451.9;0.0;6127207.4;2468.0;12898099.8;0.0;43327215.1;10.955;227.511;0.979;2130.0;6854868.0;0.0;46058077.6;649.9;2308032.2;0.0;5925563.2;2226.9;9593307.3;0.0;46647014.0;9.871;227.799;0.956;2093.3;16492953.2;0.0;43635525.2;381.9;3106688.2;0.0;3759651.1;2127.9;18275051.1;0.0;44132978.9;9.438;227.661;0.984
Wed Dec  1 19:43:02 2021;1638384182.682064407;5046.5;31829891.6;0.0;130486740.8;197.8;6981694.3;0.0;15001932.6;5050.4;37223503.5;0.0;131866629.7;0.999;50.013;1883.7;10589589.2;0.0;42900711.9;59.3;2377455.4;0.0;6127207.4;1884.6;12898132.8;0.0;43327215.1;8.424;227.892;1.000;1596.1;6854895.8;0.0;46058077.6;202.6;2308038.1;0.0;5925563.2;1608.9;9593335.8;0.0;46647014.0;7.203;228.049;0.992;1566.7;16492980.5;0.0;43635525.2;0.0;3106690.3;64.1;3759651.8;1568.0;18275078.6;0.0;44132978.9;7.017;227.990;0.999
Wed Dec  1 19:44:02 2021;1638384242.673927826;5044.7;31829975.6;0.0;130486740.8;348.3;6981699.3;0.0;15001932.6;5056.7;37223587.7;0.0;131866629.7;0.998;50.010;1857.5;10589620.3;0.0;42900711.9;200.0;2377458.0;0.0;6127207.4;1868.2;12898164.0;0.0;43327215.1;8.368;227.558;0.994;1607.8;6854922.5;0.0;46058077.6;207.6;2308041.5;0.0;5925563.2;1621.2;9593362.8;0.0;46647014.0;7.261;227.861;0.992;1579.4;16493006.8;0.0;43635525.2;0.0;3106690.3;59.4;3759652.8;1580.6;18275104.8;0.0;44132978.9;7.079;227.730;0.999
Wed Dec  1 19:45:03 2021;1638384303.126015442;5070.1;31830060.7;0.0;130486740.8;365.9;6981705.3;0.0;15001932.6;5083.3;37223673.1;0.0;131866629.7;0.997;50.026;1857.7;10589651.6;0.0;42900711.9;206.5;2377461.4;0.0;6127207.4;1869.2;12898195.5;0.0;43327215.1;8.362;227.787;0.994;1620.6;6854949.6;0.0;46058077.6;213.2;2308045.1;0.0;5925563.2;1634.6;9593390.1;0.0;46647014.0;7.311;228.134;0.991;1591.7;16493033.4;0.0;43635525.2;0.0;3106690.3;53.9;3759653.7;1592.7;18275131.5;0.0;44132978.9;7.124;227.932;0.999
Wed Dec  1 19:46:02 2021;1638384362.611534697;5125.9;31830145.0;0.0;130486740.8;389.6;6981711.6;0.0;15001932.6;5140.7;37223757.6;0.0;131866629.7;0.997;49.994;1886.7;10589682.6;0.0;42900711.9;213.1;2377464.9;0.0;6127207.4;1898.7;12898226.6;0.0;43327215.1;8.499;227.644;0.994;1634.2;6854976.6;0.0;46058077.6;220.9;2308048.7;0.0;5925563.2;1649.1;9593417.3;0.0;46647014.0;7.373;228.131;0.991;1605.0;16493059.8;0.0;43635525.2;0.0;3106690.3;44.3;3759654.5;1605.6;18275157.9;0.0;44132978.9;7.182;227.812;1.000
Wed Dec  1 19:47:02 2021;1638384422.597811581;5158.8;31830230.8;0.0;130486740.8;410.7;6981718.3;0.0;15001932.6;5175.1;37223843.6;0.0;131866629.7;0.997;50.030;1896.2;10589714.1;0.0;42900711.9;218.6;2377468.6;0.0;6127207.4;1908.7;12898258.4;0.0;43327215.1;8.541;227.614;0.993;1648.3;6855003.9;0.0;46058077.6;227.2;2308052.4;0.0;5925563.2;1663.9;9593444.9;0.0;46647014.0;7.438;228.096;0.991;1614.2;16493086.7;0.0;43635525.2;0.0;3106690.3;35.1;3759655.2;1614.6;18275184.8;0.0;44132978.9;7.223;227.755;1.000
Wed Dec  1 19:48:02 2021;1638384482.584008099;5260.7;31830317.5;0.0;130486740.8;455.5;6981725.5;0.0;15001932.6;5280.4;37223930.6;0.0;131866629.7;0.996;50.004;1938.5;10589746.0;0.0;42900711.9;233.4;2377472.3;0.0;6127207.4;1952.6;12898290.5;0.0;43327215.1;8.723;227.899;0.993;1677.7;6855031.6;0.0;46058077.6;242.0;2308056.3;0.0;5925563.2;1695.1;9593472.9;0.0;46647014.0;7.561;228.429;0.990;1644.4;16493113.8;0.0;43635525.2;0.0;3106690.3;20.0;3759655.6;1644.5;18275211.9;0.0;44132978.9;7.340;228.078;1.000
Wed Dec  1 19:49:02 2021;1638384542.573844895;3940.2;31830400.5;0.0;130486740.8;0.0;6981731.5;84.9;15001933.0;3941.1;37224013.9;0.0;131866629.7;1.000;50.003;1475.1;10589776.7;0.0;42900711.9;57.8;2377475.6;0.0;6127207.4;1476.3;12898321.4;0.0;43327215.1;6.653;227.821;0.999;1248.3;6855058.1;0.0;46058077.6;61.8;2308059.7;0.0;5925563.2;1249.8;9593499.6;0.0;46647014.0;5.666;228.118;0.999;1216.8;16493139.7;0.0;43635525.2;0.0;3106690.3;204.5;3759656.6;1233.9;18275237.9;0.0;44132978.9;5.592;227.888;0.986
Wed Dec  1 19:50:01 2021;1638384601.573162564;2948.5;31830456.7;0.0;130486740.8;0.0;6981731.5;723.8;15001939.4;3036.0;37224070.7;0.0;131866629.7;0.971;50.009;1143.0;10589798.0;0.0;42900711.9;0.0;2377475.9;153.5;6127208.4;1153.3;12898342.8;0.0;43327215.1;5.196;228.262;0.991;917.8;6855075.7;0.0;46058077.6;0.0;2308060.1;151.8;5925564.3;930.2;9593517.3;0.0;46647014.0;4.226;228.680;0.987;887.7;16493156.9;0.0;43635525.2;0.0;3106690.3;418.5;3759661.7;981.4;18275255.9;0.0;44132978.9;4.420;228.410;0.905
Wed Dec  1 19:51:01 2021;1638384661.574387399;2884.3;31830504.3;0.0;130486740.8;0.0;6981731.5;750.0;15001952.1;2980.2;37224120.0;0.0;131866629.7;0.968;49.999;1125.8;10589816.6;0.0;42900711.9;0.0;2377475.9;162.9;6127211.2;1137.5;12898361.5;0.0;43327215.1;5.134;227.898;0.990;893.7;6855090.5;0.0;46058077.6;0.0;2308060.1;160.4;5925567.0;908.0;9593532.4;0.0;46647014.0;4.134;228.184;0.984;864.8;16493171.2;0.0;43635525.2;0.0;3106690.3;426.7;3759668.9;964.4;18275271.9;0.0;44132978.9;4.350;227.999;0.897
Wed Dec  1 19:52:01 2021;1638384721.527841441;2811.6;31830552.0;0.0;130486740.8;0.0;6981731.5;789.8;15001964.9;2920.4;37224169.3;0.0;131866629.7;0.963;50.020;1104.2;10589835.2;0.0;42900711.9;0.0;2377475.9;176.6;6127214.0;1118.2;12898380.4;0.0;43327215.1;5.044;228.150;0.987;867.5;6855105.3;0.0;46058077.6;0.0;2308060.1;173.3;5925569.8;884.6;9593547.4;0.0;46647014.0;4.028;228.293;0.981;840.0;16493185.4;0.0;43635525.2;0.0;3106690.3;440.0;3759676.1;948.2;18275287.8;0.0;44132978.9;4.273;228.242;0.886
Wed Dec  1 19:53:01 2021;1638384781.514059763;2826.6;31830598.6;0.0;130486740.8;0.0;6981731.5;786.8;15001978.2;2934.0;37224217.8;0.0;131866629.7;0.963;50.017;1105.4;10589853.5;0.0;42900711.9;0.0;2377475.9;175.8;6127217.0;1119.3;12898398.9;0.0;43327215.1;5.042;228.374;0.988;876.9;6855119.7;0.0;46058077.6;0.0;2308060.1;171.7;5925572.7;893.6;9593562.1;0.0;46647014.0;4.058;228.842;0.981;844.2;16493199.4;0.0;43635525.2;0.0;3106690.3;439.3;3759683.4;951.7;18275303.6;0.0;44132978.9;4.284;228.458;0.887
Wed Dec  1 19:54:01 2021;1638384841.500426682;2847.2;31830645.8;0.0;130486740.8;0.0;6981731.5;763.3;15001991.1;2947.7;37224266.7;0.0;131866629.7;0.966;50.012;1114.8;10589871.9;0.0;42900711.9;0.0;2377475.9;168.5;6127219.9;1127.5;12898417.6;0.0;43327215.1;5.099;227.523;0.989;881.2;6855134.3;0.0;46058077.6;0.0;2308060.1;164.1;5925575.5;896.3;9593577.0;0.0;46647014.0;4.090;227.738;0.983;851.2;16493213.4;0.0;43635525.2;0.0;3106690.3;430.7;3759690.7;954.0;18275319.5;0.0;44132978.9;4.313;227.549;0.892
Wed Dec  1 19:55:01 2021;1638384901.486393410;2836.4;31830693.2;0.0;130486740.8;0.0;6981731.5;775.0;15002003.9;2940.4;37224315.8;0.0;131866629.7;0.965;49.983;1109.9;10589890.5;0.0;42900711.9;0.0;2377475.9;172.6;6127222.7;1123.2;12898436.3;0.0;43327215.1;5.068;228.075;0.988;879.4;6855149.0;0.0;46058077.6;0.0;2308060.1;167.6;5925578.3;895.2;9593591.9;0.0;46647014.0;4.074;228.455;0.982;847.1;16493227.6;0.0;43635525.2;0.0;3106690.3;434.7;3759697.9;952.2;18275335.3;0.0;44132978.9;4.297;228.083;0.890
Wed Dec  1 19:56:01 2021;1638384961.482162888;2860.1;31830740.6;0.0;130486740.8;0.0;6981731.5;760.5;15002016.7;2959.5;37224364.9;0.0;131866629.7;0.966;49.973;1116.8;10589909.0;0.0;42900711.9;0.0;2377475.9;167.8;6127225.5;1129.3;12898455.1;0.0;43327215.1;5.099;227.887;0.989;887.7;6855163.7;0.0;46058077.6;0.0;2308060.1;163.4;5925581.0;902.6;9593606.9;0.0;46647014.0;4.112;228.275;0.983;855.6;16493241.8;0.0;43635525.2;0.0;3106690.3;429.3;3759705.1;957.3;18275351.2;0.0;44132978.9;4.324;227.921;0.894
Wed Dec  1 19:57:01 2021;1638385021.473720407;2930.4;31830788.8;0.0;130486740.8;0.0;6981731.5;728.0;15002029.2;3019.5;37224414.7;0.0;131866629.7;0.971;49.998;1144.1;10589927.9;0.0;42900711.9;0.0;2377475.9;157.3;6127228.2;1154.9;12898474.1;0.0;43327215.1;5.218;227.698;0.991;910.1;6855178.7;0.0;46058077.6;0.0;2308060.1;152.1;5925583.7;922.7;9593622.1;0.0;46647014.0;4.204;228.096;0.986;876.1;16493256.2;0.0;43635525.2;0.0;3106690.3;418.6;3759712.2;971.0;18275367.3;0.0;44132978.9;4.390;227.654;0.902
Wed Dec  1 19:58:01 2021;1638385081.473610437;2955.6;31830837.9;0.0;130486740.8;0.0;6981731.5;712.1;15002041.2;3040.2;37224465.3;0.0;131866629.7;0.972;49.999;1151.4;10589947.0;0.0;42900711.9;0.0;2377475.9;150.4;6127230.8;1161.1;12898493.4;0.0;43327215.1;5.248;227.610;0.992;917.6;6855194.0;0.0;46058077.6;0.0;2308060.1;147.6;5925586.2;929.4;9593637.6;0.0;46647014.0;4.238;227.821;0.987;886.6;16493270.9;0.0;43635525.2;0.0;3106690.3;414.1;3759719.1;978.5;18275383.6;0.0;44132978.9;4.423;227.691;0.906
Wed Dec  1 19:59:01 2021;1638385141.429157329;2958.1;31830887.2;0.0;130486740.8;0.0;6981731.5;716.8;15002053.0;3043.7;37224515.9;0.0;131866629.7;0.972;50.005;1153.8;10589966.2;0.0;42900711.9;0.0;2377475.9;151.8;6127233.3;1163.7;12898512.8;0.0;43327215.1;5.258;227.705;0.991;917.3;6855209.2;0.0;46058077.6;0.0;2308060.1;149.0;5925588.6;929.3;9593653.0;0.0;46647014.0;4.235;227.962;0.987;887.0;16493285.7;0.0;43635525.2;0.0;3106690.3;416.0;3759726.0;979.8;18275399.9;0.0;44132978.9;4.426;227.871;0.905
Wed Dec  1 20:00:01 2021;1638385201.915558929;3022.4;31830938.1;0.0;130486740.8;0.0;6981731.5;713.1;15002064.6;3105.4;37224568.2;0.0;131866629.7;0.973;49.984;1215.7;10589986.8;0.0;42900711.9;0.0;2377476.2;155.4;6127235.7;1225.6;12898533.6;0.0;43327215.1;5.521;227.411;0.992;919.1;6855224.7;0.0;46058077.6;0.0;2308060.1;146.1;5925591.1;930.6;9593668.7;0.0;46647014.0;4.246;227.699;0.988;887.6;16493300.6;0.0;43635525.2;0.0;3106690.3;411.6;3759733.0;978.4;18275416.3;0.0;44132978.9;4.425;227.603;0.907
Wed Dec  1 20:01:01 2021;1638385261.401368731;3032.8;31830988.1;0.0;130486740.8;0.0;6981731.5;698.3;15002076.3;3112.2;37224619.5;0.0;131866629.7;0.975;49.919;1221.0;10590006.9;0.0;42900711.9;0.0;2377476.2;151.3;6127238.3;1230.3;12898553.8;0.0;43327215.1;5.553;227.050;0.992;920.9;6855239.9;0.0;46058077.6;0.0;2308060.1;140.5;5925593.5;931.6;9593684.0;0.0;46647014.0;4.261;227.237;0.989;890.9;16493315.3;0.0;43635525.2;0.0;3106690.3;406.4;3759739.7;979.2;18275432.5;0.0;44132978.9;4.440;227.143;0.910
Wed Dec  1 20:02:01 2021;1638385321.387270091;3036.4;31831038.6;0.0;130486740.8;0.0;6981731.5;704.6;15002088.0;3117.1;37224671.3;0.0;131866629.7;0.974;49.933;1224.5;10590027.2;0.0;42900711.9;0.0;2377476.2;153.1;6127240.8;1234.0;12898574.3;0.0;43327215.1;5.569;227.102;0.992;920.0;6855255.2;0.0;46058077.6;0.0;2308060.1;141.2;5925595.8;930.8;9593699.6;0.0;46647014.0;4.254;227.345;0.988;891.9;16493330.1;0.0;43635525.2;0.0;3106690.3;410.3;3759746.6;981.8;18275448.8;0.0;44132978.9;4.448;227.269;0.908
Wed Dec  1 20:03:01 2021;1638385381.873879211;3045.6;31831089.3;0.0;130486740.8;0.0;6981731.5;704.1;15002099.9;3126.0;37224723.5;0.0;131866629.7;0.974;49.918;1227.9;10590047.5;0.0;42900711.9;0.0;2377476.2;153.6;6127243.4;1237.5;12898594.7;0.0;43327215.1;5.591;226.987;0.992;922.5;6855270.7;0.0;46058077.6;0.0;2308060.1;141.2;5925598.2;933.2;9593715.2;0.0;46647014.0;4.265;227.291;0.988;895.2;16493345.1;0.0;43635525.2;0.0;3106690.3;409.2;3759753.5;984.3;18275465.4;0.0;44132978.9;4.458;227.276;0.909
Wed Dec  1 20:04:01 2021;1638385441.372803798;3136.1;31831140.8;0.0;130486740.8;0.0;6981731.5;706.6;15002111.6;3214.7;37224776.3;0.0;131866629.7;0.976;49.929;1310.5;10590068.8;0.0;42900711.9;0.0;2377476.3;155.6;6127245.9;1319.7;12898616.2;0.0;43327215.1;5.934;227.123;0.993;925.1;6855286.0;0.0;46058077.6;0.0;2308060.1;141.2;5925600.7;935.9;9593730.7;0.0;46647014.0;4.272;227.512;0.989;900.5;16493359.9;0.0;43635525.2;0.0;3106690.3;409.9;3759760.3;989.3;18275481.7;0.0;44132978.9;4.476;227.507;0.910
Wed Dec  1 20:05:01 2021;1638385501.373130560;4000.0;31831199.7;0.0;130486740.8;541.5;6981734.7;0.0;15002119.6;4036.5;37224836.3;0.0;131866629.7;0.991;49.934;1800.1;10590093.2;0.0;42900711.9;250.5;2377477.7;0.0;6127247.6;1817.4;12898640.8;0.0;43327215.1;8.102;226.478;0.990;1114.7;6855303.5;0.0;46058077.6;282.3;2308061.7;0.0;5925602.3;1149.9;9593748.6;0.0;46647014.0;5.187;226.941;0.969;1085.2;16493376.9;0.0;43635525.2;8.8;3106690.4;0.0;3759764.9;1085.2;18275499.7;0.0;44132978.9;4.883;227.016;1.000
Wed Dec  1 20:06:01 2021;1638385561.831440292;3176.8;31831256.8;0.0;130486740.8;0.0;6981736.6;687.9;15002128.8;3250.4;37224894.4;0.0;131866629.7;0.977;49.962;1312.2;10590118.0;0.0;42900711.9;0.0;2377478.6;150.3;6127249.7;1320.8;12898665.8;0.0;43327215.1;5.934;227.235;0.994;955.8;6855319.9;0.0;46058077.6;0.0;2308062.6;133.6;5925604.1;965.1;9593765.2;0.0;46647014.0;4.422;227.622;0.990;908.8;16493392.8;0.0;43635525.2;0.0;3106690.5;403.9;3759770.3;994.5;18275516.6;0.0;44132978.9;4.499;227.544;0.914
Wed Dec  1 20:07:01 2021;1638385621.816696609;3420.6;31831311.0;0.0;130486740.8;0.0;6981736.6;487.9;15002139.3;3455.2;37224949.7;0.0;131866629.7;0.990;49.960;1518.1;10590140.9;0.0;42900711.9;47.8;2377478.8;0.0;6127251.4;1518.9;12898688.9;0.0;43327215.1;6.795;227.201;1.000;957.1;6855335.9;0.0;46058077.6;0.0;2308062.6;130.7;5925606.3;966.0;9593781.3;0.0;46647014.0;4.422;227.606;0.991;945.4;16493408.1;0.0;43635525.2;0.0;3106690.5;405.1;3759777.0;1028.5;18275533.4;0.0;44132978.9;4.670;227.683;0.919
Wed Dec  1 20:08:01 2021;1638385681.802693324;3435.7;31831368.2;0.0;130486740.8;0.0;6981736.6;479.7;15002147.4;3469.0;37225007.5;0.0;131866629.7;0.990;49.986;1521.2;10590166.3;0.0;42900711.9;49.2;2377479.6;0.0;6127251.4;1522.0;12898714.2;0.0;43327215.1;6.808;227.284;0.999;964.8;6855351.9;0.0;46058077.6;0.0;2308062.6;126.8;5925608.5;973.1;9593797.5;0.0;46647014.0;4.453;227.803;0.991;949.7;16493423.9;0.0;43635525.2;0.0;3106690.5;402.1;3759783.8;1031.3;18275550.6;0.0;44132978.9;4.684;227.697;0.921
Wed Dec  1 20:09:01 2021;1638385741.788595775;3439.8;31831425.5;0.0;130486740.8;0.0;6981736.6;476.0;15002155.3;3472.6;37225065.4;0.0;131866629.7;0.991;49.980;1522.6;10590191.7;0.0;42900711.9;47.4;2377480.4;0.0;6127251.4;1523.4;12898739.6;0.0;43327215.1;6.813;227.420;1.000;970.0;6855368.0;0.0;46058077.6;0.0;2308062.6;126.4;5925610.6;978.2;9593813.8;0.0;46647014.0;4.472;228.072;0.992;947.2;16493439.7;0.0;43635525.2;0.0;3106690.5;397.0;3759790.5;1027.0;18275567.7;0.0;44132978.9;4.662;227.871;0.922
Wed Dec  1 20:10:01 2021;1638385801.775257166;3428.5;31831482.8;0.0;130486740.8;0.0;6981736.6;467.5;15002163.2;3460.2;37225123.2;0.0;131866629.7;0.991;49.963;1502.7;10590216.9;0.0;42900711.9;50.2;2377481.2;0.0;6127251.4;1503.5;12898764.9;0.0;43327215.1;6.722;227.398;0.999;972.6;6855384.2;0.0;46058077.6;0.0;2308062.6;123.8;5925612.7;980.5;9593830.1;0.0;46647014.0;4.483;228.048;0.992;953.1;16493455.6;0.0;43635525.2;0.0;3106690.5;393.9;3759797.1;1031.3;18275584.9;0.0;44132978.9;4.682;227.879;0.924
Wed Dec  1 20:11:01 2021;1638385861.774334640;7362.7;31831556.3;0.0;130486740.8;2468.8;6981745.6;0.0;15002169.4;7765.6;37225198.6;0.0;131866629.7;0.948;49.991;2716.3;10590246.4;0.0;42900711.9;1094.1;2377485.9;0.0;6127251.4;2928.3;12898795.1;0.0;43327215.1;12.900;227.780;0.928;2152.6;6855404.7;0.0;46058077.6;831.4;2308065.7;0.0;5925614.3;2307.6;9593851.3;0.0;46647014.0;10.216;227.525;0.933;2493.8;16493479.1;0.0;43635525.2;543.3;3106692.4;0.0;3759802.3;2552.4;18275609.6;0.0;44132978.9;11.274;227.439;0.977
Wed Dec  1 20:12:01 2021;1638385921.773319727;7587.5;31831680.8;0.0;130486740.8;2498.3;6981787.0;0.0;15002169.4;7988.2;37225329.8;0.0;131866629.7;0.950;49.977;2790.0;10590292.1;0.0;42900711.9;1116.7;2377504.3;0.0;6127251.4;3005.1;12898844.4;0.0;43327215.1;13.254;227.461;0.928;2218.4;6855441.2;0.0;46058077.6;838.2;2308079.6;0.0;5925614.3;2371.4;9593890.3;0.0;46647014.0;10.513;227.131;0.935;2579.1;16493521.4;0.0;43635525.2;543.5;3106701.5;0.0;3759802.3;2635.8;18275652.8;0.0;44132978.9;11.655;227.160;0.979
Wed Dec  1 20:13:01 2021;1638385981.733451364;7691.1;31831808.0;0.0;130486740.8;2505.8;6981828.8;0.0;15002169.4;8089.0;37225463.7;0.0;131866629.7;0.951;49.998;2821.4;10590338.8;0.0;42900711.9;1118.4;2377523.0;0.0;6127251.4;3035.0;12898894.7;0.0;43327215.1;13.386;227.443;0.930;2253.5;6855478.5;0.0;46058077.6;839.0;2308093.6;0.0;5925614.3;2404.6;9593930.1;0.0;46647014.0;10.662;227.047;0.937;2616.3;16493564.7;0.0;43635525.2;548.5;3106710.7;0.0;3759802.3;2673.2;18275697.1;0.0;44132978.9;11.817;227.191;0.979
Wed Dec  1 20:14:01 2021;1638386041.718564761;7659.1;31831935.8;0.0;130486740.8;2539.2;6981870.9;0.0;15002169.4;8069.1;37225598.2;0.0;131866629.7;0.949;49.998;2726.7;10590384.8;0.0;42900711.9;1134.7;2377541.8;0.0;6127251.4;2953.4;12898944.4;0.0;43327215.1;13.023;227.676;0.923;2285.7;6855516.3;0.0;46058077.6;844.1;2308107.6;0.0;5925614.3;2436.6;9593970.5;0.0;46647014.0;10.791;227.293;0.938;2646.7;16493608.6;0.0;43635525.2;560.4;3106719.9;0.0;3759802.3;2705.4;18275741.9;0.0;44132978.9;11.949;227.387;0.978
Wed Dec  1 20:15:02 2021;1638386102.204274633;7496.1;31832064.3;0.0;130486740.8;2368.1;6981913.5;0.0;15002169.4;7861.2;37225733.5;0.0;131866629.7;0.954;50.002;2537.7;10590430.2;0.0;42900711.9;957.6;2377560.8;0.0;6127251.4;2712.3;12898993.7;0.0;43327215.1;11.958;227.841;0.936;2296.3;6855554.8;0.0;46058077.6;850.3;2308121.8;0.0;5925614.3;2448.7;9594011.5;0.0;46647014.0;10.841;227.359;0.938;2662.1;16493653.2;0.0;43635525.2;560.2;3106729.3;0.0;3759802.3;2720.4;18275787.5;0.0;44132978.9;12.017;227.339;0.979
Wed Dec  1 20:16:01 2021;1638386161.692006427;7527.7;31832188.5;0.0;130486740.8;2384.0;6981952.7;0.0;15002169.4;7896.2;37225863.9;0.0;131866629.7;0.953;49.976;2559.9;10590472.5;0.0;42900711.9;963.0;2377576.6;0.0;6127251.4;2735.0;12899038.8;0.0;43327215.1;12.054;227.913;0.936;2299.6;6855592.8;0.0;46058077.6;856.1;2308135.9;0.0;5925614.3;2453.8;9594052.0;0.0;46647014.0;10.857;227.493;0.937;2668.2;16493697.2;0.0;43635525.2;564.9;3106738.6;0.0;3759802.3;2727.4;18275832.5;0.0;44132978.9;12.046;227.386;0.978
Wed Dec  1 20:17:01 2021;1638386221.677085423;3452.9;31832268.6;0.0;130486740.8;0.0;6981965.8;609.4;15002176.2;3506.3;37225946.6;0.0;131866629.7;0.985;49.984;1201.8;10590500.0;0.0;42900711.9;0.0;2377581.9;109.5;6127252.7;1206.7;12899067.3;0.0;43327215.1;5.441;228.279;0.996;997.1;6855616.7;0.0;46058077.6;0.0;2308140.6;106.8;5925615.5;1002.8;9594076.8;0.0;46647014.0;4.587;227.852;0.994;1254.0;16493725.8;0.0;43635525.2;0.0;3106741.7;393.1;3759806.7;1314.2;18275862.1;0.0;44132978.9;5.899;227.828;0.954
Wed Dec  1 20:18:01 2021;1638386281.674050093;3199.9;31832323.2;0.0;130486740.8;0.0;6981965.8;595.0;15002186.1;3254.8;37226002.0;0.0;131866629.7;0.983;49.976;1217.5;10590520.1;0.0;42900711.9;0.0;2377581.9;111.2;6127254.5;1222.6;12899087.5;0.0;43327215.1;5.508;228.311;0.996;999.2;6855633.3;0.0;46058077.6;0.0;2308140.6;106.2;5925617.2;1004.8;9594093.5;0.0;46647014.0;4.595;228.049;0.994;983.3;16493743.7;0.0;43635525.2;0.0;3106741.7;377.6;3759813.0;1053.3;18275881.1;0.0;44132978.9;4.782;228.073;0.934
Wed Dec  1 20:19:01 2021;1638386341.673999364;4136.6;31832378.3;0.0;130486740.8;0.0;6981965.8;655.2;15002196.3;4188.2;37226058.0;0.0;131866629.7;0.988;49.975;1220.4;10590540.4;0.0;42900711.9;0.0;2377581.9;101.9;6127256.3;1224.7;12899107.8;0.0;43327215.1;5.523;228.133;0.997;1925.9;6855651.7;0.0;46058077.6;0.0;2308140.6;179.9;5925619.4;1934.3;9594112.1;0.0;46647014.0;8.608;227.355;0.996;990.2;16493760.1;0.0;43635525.2;0.0;3106741.7;373.5;3759819.3;1058.3;18275898.6;0.0;44132978.9;4.809;228.004;0.936
Wed Dec  1 20:20:01 2021;1638386401.634722234;4135.3;31832446.9;0.0;130486740.8;0.0;6981965.8;689.3;15002206.5;4192.4;37226127.4;0.0;131866629.7;0.986;49.963;1216.4;10590560.7;0.0;42900711.9;0.0;2377581.9;96.6;6127258.5;1220.2;12899128.3;0.0;43327215.1;5.511;227.941;0.997;1901.0;6855683.5;0.0;46058077.6;0.0;2308140.6;98.9;5925621.2;1903.6;9594143.9;0.0;46647014.0;8.497;226.771;0.999;1018.0;16493776.6;0.0;43635525.2;0.0;3106741.7;493.8;3759825.5;1131.4;18275916.3;0.0;44132978.9;5.130;227.419;0.900
Wed Dec  1 20:21:01 2021;1638386461.620153037;4127.4;31832515.7;0.0;130486740.8;0.0;6981965.8;673.0;15002218.0;4181.9;37226197.2;0.0;131866629.7;0.987;49.960;1222.7;10590581.1;0.0;42900711.9;0.0;2377581.9;91.3;6127260.1;1226.1;12899148.8;0.0;43327215.1;5.545;227.791;0.997;1885.7;6855714.9;0.0;46058077.6;0.0;2308140.6;93.5;5925622.9;1888.0;9594175.4;0.0;46647014.0;8.422;226.657;0.999;1018.9;16493793.6;0.0;43635525.2;0.0;3106741.7;488.2;3759833.7;1129.9;18275935.1;0.0;44132978.9;5.132;227.198;0.902
Wed Dec  1 20:22:01 2021;1638386521.606871579;3217.4;31832571.6;0.0;130486740.8;0.0;6981965.8;543.8;15002227.4;3263.0;37226253.9;0.0;131866629.7;0.986;49.969;1230.0;10590601.6;0.0;42900711.9;0.0;2377581.9;93.0;6127261.7;1233.5;12899169.3;0.0;43327215.1;5.582;227.585;0.997;992.1;6855733.9;0.0;46058077.6;0.0;2308140.6;90.2;5925624.4;996.2;9594194.4;0.0;46647014.0;4.559;227.004;0.996;995.2;16493810.1;0.0;43635525.2;0.0;3106741.7;360.5;3759840.0;1058.5;18275952.9;0.0;44132978.9;4.828;227.104;0.940
Wed Dec  1 20:23:01 2021;1638386581.592398415;4126.1;31832628.0;0.0;130486740.8;0.0;6981965.8;536.8;15002236.6;4160.9;37226311.0;0.0;131866629.7;0.992;49.975;1221.5;10590621.8;0.0;42900711.9;0.0;2377581.9;86.5;6127263.2;1224.6;12899189.6;0.0;43327215.1;5.535;227.818;0.998;1901.6;6855753.3;0.0;46058077.6;0.0;2308140.6;89.1;5925626.1;1903.7;9594213.9;0.0;46647014.0;8.477;227.087;0.999;1002.9;16493826.8;0.0;43635525.2;0.0;3106741.7;361.2;3759846.0;1066.0;18275970.6;0.0;44132978.9;4.856;227.434;0.941
Wed Dec  1 20:24:01 2021;1638386641.578390371;4143.6;31832696.8;0.0;130486740.8;0.0;6981965.8;534.4;15002245.5;4177.9;37226380.5;0.0;131866629.7;0.992;49.985;1236.5;10590642.3;0.0;42900711.9;0.0;2377581.9;88.0;6127264.6;1239.6;12899210.1;0.0;43327215.1;5.605;227.618;0.997;1901.2;6855785.0;0.0;46058077.6;0.0;2308140.6;88.2;5925627.6;1903.2;9594245.6;0.0;46647014.0;8.472;227.152;0.999;1005.9;16493843.5;0.0;43635525.2;0.0;3106741.7;358.2;3759852.0;1067.7;18275988.3;0.0;44132978.9;4.863;227.432;0.942
Wed Dec  1 20:25:01 2021;1638386701.573829685;3254.2;31832760.9;0.0;130486740.8;0.0;6981965.8;525.0;15002254.4;3296.2;37226445.1;0.0;131866629.7;0.987;50.009;1238.9;10590662.9;0.0;42900711.9;0.0;2377581.9;86.8;6127266.0;1241.9;12899230.7;0.0;43327215.1;5.610;227.839;0.998;1007.3;6855811.6;0.0;46058077.6;0.0;2308140.6;82.7;5925629.0;1010.7;9594272.3;0.0;46647014.0;4.608;227.958;0.997;1008.0;16493860.3;0.0;43635525.2;0.0;3106741.7;355.5;3759858.0;1068.9;18276006.2;0.0;44132978.9;4.866;227.623;0.943
Wed Dec  1 20:26:01 2021;1638386761.573612681;3272.0;31832815.2;0.0;130486740.8;0.0;6981965.8;521.2;15002263.1;3313.2;37226500.1;0.0;131866629.7;0.988;50.018;1253.6;10590683.6;0.0;42900711.9;0.0;2377581.9;89.9;6127267.5;1256.8;12899251.5;0.0;43327215.1;5.671;227.889;0.997;1010.5;6855828.5;0.0;46058077.6;0.0;2308140.6;80.6;5925630.4;1013.7;9594289.2;0.0;46647014.0;4.620;228.025;0.997;1007.8;16493877.1;0.0;43635525.2;0.0;3106741.7;350.7;3759863.8;1067.1;18276023.9;0.0;44132978.9;4.858;227.539;0.944
Wed Dec  1 20:27:01 2021;1638386821.573980463;3273.9;31832869.6;0.0;130486740.8;0.0;6981965.8;513.1;15002271.7;3313.8;37226555.2;0.0;131866629.7;0.988;50.013;1247.6;10590704.3;0.0;42900711.9;0.0;2377581.9;84.2;6127268.9;1250.5;12899272.3;0.0;43327215.1;5.648;227.920;0.998;1013.8;6855845.3;0.0;46058077.6;0.0;2308140.6;79.9;5925631.7;1016.9;9594306.1;0.0;46647014.0;4.632;228.192;0.997;1012.4;16493893.9;0.0;43635525.2;0.0;3106741.7;349.0;3759869.7;1070.9;18276041.8;0.0;44132978.9;4.867;227.912;0.945
Wed Dec  1 20:28:01 2021;1638386881.522312134;3283.1;31832924.2;0.0;130486740.8;0.0;6981965.8;496.8;15002280.0;3320.5;37226610.5;0.0;131866629.7;0.989;49.995;1250.7;10590725.1;0.0;42900711.9;0.0;2377581.9;79.3;6127270.2;1253.2;12899293.1;0.0;43327215.1;5.664;227.783;0.998;1018.0;6855862.2;0.0;46058077.6;0.0;2308140.6;74.7;5925633.0;1020.7;9594323.1;0.0;46647014.0;4.655;227.945;0.997;1014.4;16493910.8;0.0;43635525.2;0.0;3106741.7;342.8;3759875.4;1070.8;18276059.6;0.0;44132978.9;4.874;227.632;0.947
Wed Dec  1 20:29:01 2021;1638386941.508844914;3290.0;31832979.0;0.0;130486740.8;0.0;6981965.8;488.3;15002288.3;3326.1;37226665.8;0.0;131866629.7;0.989;50.023;1248.3;10590745.9;0.0;42900711.9;0.0;2377581.9;73.6;6127271.5;1250.5;12899314.0;0.0;43327215.1;5.648;227.957;0.998;1020.3;6855879.2;0.0;46058077.6;0.0;2308140.6;73.1;5925634.3;1022.9;9594340.1;0.0;46647014.0;4.662;228.054;0.997;1021.4;16493927.8;0.0;43635525.2;0.0;3106741.7;341.6;3759881.2;1077.0;18276077.5;0.0;44132978.9;4.897;227.890;0.948
Wed Dec  1 20:30:01 2021;1638387001.994280974;3296.9;31833034.3;0.0;130486740.8;0.0;6981965.8;486.5;15002296.5;3332.6;37226721.7;0.0;131866629.7;0.989;50.024;1251.3;10590766.9;0.0;42900711.9;0.0;2377581.9;74.2;6127272.8;1253.5;12899335.0;0.0;43327215.1;5.662;227.974;0.998;1022.5;6855896.4;0.0;46058077.6;0.0;2308140.6;71.9;5925635.5;1025.0;9594357.3;0.0;46647014.0;4.670;228.142;0.998;1023.1;16493944.9;0.0;43635525.2;0.0;3106741.7;340.4;3759886.9;1078.2;18276095.6;0.0;44132978.9;4.903;227.921;0.949
Wed Dec  1 20:31:01 2021;1638387061.480165987;3313.9;31833088.9;0.0;130486740.8;0.0;6981965.8;478.0;15002304.4;3348.2;37226777.0;0.0;131866629.7;0.990;49.978;1261.0;10590787.7;0.0;42900711.9;0.0;2377581.9;72.4;6127274.0;1263.0;12899355.8;0.0;43327215.1;5.705;228.048;0.998;1028.0;6855913.3;0.0;46058077.6;0.0;2308140.6;68.2;5925636.6;1030.3;9594374.3;0.0;46647014.0;4.691;228.367;0.998;1024.9;16493961.8;0.0;43635525.2;0.0;3106741.7;337.5;3759892.5;1079.1;18276113.4;0.0;44132978.9;4.905;228.078;0.950
Wed Dec  1 20:32:01 2021;1638387121.972825783;729.7;31833122.5;0.0;130486740.8;0.0;6981965.8;1327.1;15002319.8;1514.4;37226817.4;0.0;131866629.7;0.482;49.969;486.0;10590802.0;0.0;42900711.9;0.0;2377581.9;347.4;6127277.5;597.4;12899371.1;0.0;43327215.1;2.772;228.128;0.813;61.5;6855922.5;0.0;46058077.6;0.0;2308140.6;364.8;5925640.3;369.9;9594385.9;0.0;46647014.0;1.673;228.671;0.166;182.2;16493972.0;0.0;43635525.2;0.0;3106741.7;614.9;3759900.6;641.3;18276127.8;0.0;44132978.9;2.914;228.022;0.284
Wed Dec  1 20:33:01 2021;1638387181.972997648;568.5;31833133.6;0.0;130486740.8;0.0;6981965.8;1326.9;15002342.0;1443.5;37226842.2;0.0;131866629.7;0.394;49.971;327.0;10590809.0;0.0;42900711.9;0.0;2377581.9;347.4;6127283.3;477.1;12899380.2;0.0;43327215.1;2.284;228.261;0.685;61.2;6855923.5;0.0;46058077.6;0.0;2308140.6;364.8;5925646.5;369.9;9594392.2;0.0;46647014.0;1.673;228.624;0.166;180.2;16493975.0;0.0;43635525.2;0.0;3106741.7;614.8;3759910.8;640.7;18276138.5;0.0;44132978.9;2.911;228.057;0.281
Wed Dec  1 20:34:01 2021;1638387241.973186623;562.8;31833143.0;0.0;130486740.8;0.0;6981965.8;1320.3;15002364.0;1435.2;37226866.2;0.0;131866629.7;0.392;49.965;320.0;10590814.3;0.0;42900711.9;0.0;2377581.9;341.9;6127289.0;468.3;12899388.0;0.0;43327215.1;2.256;228.208;0.683;61.3;6855924.5;0.0;46058077.6;0.0;2308140.6;364.0;5925652.6;369.1;9594398.3;0.0;46647014.0;1.672;228.411;0.166;181.5;16493978.0;0.0;43635525.2;0.0;3106741.7;614.4;3759921.1;640.7;18276149.2;0.0;44132978.9;2.913;228.021;0.283
Wed Dec  1 20:35:01 2021;1638387301.923832550;663.4;31833152.8;0.0;130486740.8;0.0;6981965.8;1323.7;15002385.9;1480.6;37226890.3;0.0;131866629.7;0.448;49.990;420.3;10590820.1;0.0;42900711.9;0.0;2377581.9;345.9;6127294.7;544.3;12899396.2;0.0;43327215.1;2.575;228.009;0.772;61.4;6855925.6;0.0;46058077.6;0.0;2308140.6;363.8;5925658.7;368.9;9594404.5;0.0;46647014.0;1.673;228.189;0.166;181.7;16493981.1;0.0;43635525.2;0.0;3106741.7;614.0;3759931.3;640.3;18276159.8;0.0;44132978.9;2.914;227.901;0.284
Wed Dec  1 20:36:01 2021;1638387361.909953160;650.7;31833163.7;0.0;130486740.8;0.0;6981965.8;1317.0;15002408.0;1469.0;37226914.9;0.0;131866629.7;0.443;49.981;407.7;10590826.9;0.0;42900711.9;0.0;2377581.9;344.3;6127300.4;533.6;12899405.1;0.0;43327215.1;2.535;227.363;0.764;61.2;6855926.6;0.0;46058077.6;0.0;2308140.6;362.0;5925664.7;367.2;9594410.6;0.0;46647014.0;1.669;227.672;0.167;181.8;16493984.1;0.0;43635525.2;0.0;3106741.7;610.7;3759941.5;637.2;18276170.5;0.0;44132978.9;2.910;227.146;0.285
Wed Dec  1 20:37:01 2021;1638387421.895332338;1574.8;31833182.4;0.0;130486740.8;0.0;6981965.8;1402.7;15002430.8;2108.9;37226945.0;0.0;131866629.7;0.747;50.003;407.8;10590833.7;0.0;42900711.9;0.0;2377581.9;346.9;6127306.2;535.4;12899414.0;0.0;43327215.1;2.538;227.828;0.762;984.7;6855935.5;0.0;46058077.6;0.0;2308140.6;440.7;5925671.6;1078.8;9594423.0;0.0;46647014.0;4.761;227.516;0.913;182.3;16493987.1;0.0;43635525.2;0.0;3106741.7;615.0;3759951.8;641.5;18276181.2;0.0;44132978.9;2.919;227.887;0.284
Wed Dec  1 20:38:01 2021;1638387481.881445533;1571.5;31833208.6;0.0;130486740.8;0.0;6981965.8;1402.0;15002454.2;2106.0;37226980.1;0.0;131866629.7;0.746;50.010;404.3;10590840.4;0.0;42900711.9;0.0;2377581.9;345.6;6127312.0;531.9;12899422.9;0.0;43327215.1;2.523;227.965;0.760;984.8;6855951.9;0.0;46058077.6;0.0;2308140.6;441.3;5925678.9;1079.2;9594441.0;0.0;46647014.0;4.759;227.729;0.913;182.4;16493990.1;0.0;43635525.2;0.0;3106741.7;615.1;3759962.0;641.5;18276191.9;0.0;44132978.9;2.921;227.884;0.284
Wed Dec  1 20:39:01 2021;1638387541.872961965;671.6;31833231.0;0.0;130486740.8;0.0;6981965.8;1403.2;15002477.6;1555.7;37227012.9;0.0;131866629.7;0.432;50.027;412.9;10590847.2;0.0;42900711.9;0.0;2377581.9;346.6;6127317.7;539.1;12899431.8;0.0;43327215.1;2.557;227.969;0.766;77.0;6855964.6;0.0;46058077.6;0.0;2308140.6;441.9;5925686.3;448.5;9594456.4;0.0;46647014.0;2.012;228.292;0.172;181.7;16493993.1;0.0;43635525.2;0.0;3106741.7;614.7;3759972.3;641.0;18276202.6;0.0;44132978.9;2.918;227.937;0.283
Wed Dec  1 20:40:01 2021;1638387601.872827780;652.9;31833241.9;0.0;130486740.8;0.0;6981965.8;1321.1;15002500.3;1473.6;37227038.1;0.0;131866629.7;0.443;49.994;409.4;10590853.9;0.0;42900711.9;0.0;2377581.9;345.8;6127323.5;535.9;12899440.7;0.0;43327215.1;2.546;227.679;0.764;61.6;6855965.8;0.0;46058077.6;0.0;2308140.6;363.1;5925693.0;368.3;9594463.2;0.0;46647014.0;1.674;227.989;0.167;181.9;16493996.2;0.0;43635525.2;0.0;3106741.7;612.2;3759982.5;638.6;18276213.2;0.0;44132978.9;2.914;227.546;0.285
Wed Dec  1 20:41:01 2021;1638387661.873420150;621.8;31833252.7;0.0;130486740.8;0.0;6981965.8;1318.4;15002522.3;1457.6;37227062.6;0.0;131866629.7;0.427;50.020;376.8;10590860.6;0.0;42900711.9;0.0;2377581.9;341.8;6127329.2;508.7;12899449.5;0.0;43327215.1;2.414;227.664;0.741;61.8;6855966.8;0.0;46058077.6;0.0;2308140.6;363.5;5925699.1;368.7;9594469.3;0.0;46647014.0;1.674;227.966;0.168;183.2;16493999.2;0.0;43635525.2;0.0;3106741.7;613.0;3759992.7;639.8;18276223.8;0.0;44132978.9;2.925;227.240;0.286
Wed Dec  1 20:42:01 2021;1638387721.825762535;613.7;31833262.9;0.0;130486740.8;0.0;6981965.8;1321.5;15002544.3;1457.0;37227086.9;0.0;131866629.7;0.421;50.027;397.3;10590867.3;0.0;42900711.9;0.0;2377581.9;344.6;6127335.0;525.9;12899458.3;0.0;43327215.1;2.496;227.830;0.755;61.7;6855967.8;0.0;46058077.6;0.0;2308140.6;363.8;5925705.2;369.0;9594475.5;0.0;46647014.0;1.674;228.162;0.167;154.6;16494001.8;0.0;43635525.2;0.0;3106741.7;613.1;3760002.9;632.3;18276234.4;0.0;44132978.9;2.845;227.640;0.245
Wed Dec  1 20:43:01 2021;1638387781.814859461;624.4;31833273.3;0.0;130486740.8;0.0;6981965.8;1323.0;15002566.4;1462.9;37227111.3;0.0;131866629.7;0.427;50.027;399.7;10590874.0;0.0;42900711.9;0.0;2377581.9;345.9;6127340.8;528.6;12899467.2;0.0;43327215.1;2.501;228.099;0.756;63.1;6855968.9;0.0;46058077.6;0.0;2308140.6;363.0;5925711.2;368.5;9594481.6;0.0;46647014.0;1.672;228.253;0.171;161.6;16494004.3;0.0;43635525.2;0.0;3106741.7;614.1;3760013.1;635.0;18276244.9;0.0;44132978.9;2.852;227.901;0.255
Wed Dec  1 20:44:01 2021;1638387841.798682680;616.7;31833283.7;0.0;130486740.8;0.0;6981965.8;1320.0;15002588.5;1456.9;37227135.7;0.0;131866629.7;0.423;50.021;391.9;10590880.7;0.0;42900711.9;0.0;2377581.9;344.2;6127346.5;521.6;12899476.0;0.0;43327215.1;2.469;227.860;0.751;63.1;6855969.9;0.0;46058077.6;0.0;2308140.6;362.7;5925717.3;368.1;9594487.8;0.0;46647014.0;1.671;228.179;0.171;161.7;16494007.0;0.0;43635525.2;0.0;3106741.7;613.1;3760023.4;634.1;18276255.5;0.0;44132978.9;2.850;227.727;0.255
Wed Dec  1 20:45:02 2021;1638387902.284059954;552.0;31833294.0;0.0;130486740.8;0.0;6981965.8;1317.6;15002610.7;1428.5;37227160.1;0.0;131866629.7;0.386;49.995;330.3;10590887.3;0.0;42900711.9;0.0;2377581.9;342.9;6127352.4;476.1;12899484.8;0.0;43327215.1;2.302;228.083;0.694;62.8;6855971.0;0.0;46058077.6;0.0;2308140.6;363.6;5925723.4;369.0;9594494.0;0.0;46647014.0;1.673;228.390;0.170;158.9;16494009.7;0.0;43635525.2;0.0;3106741.7;611.0;3760033.6;631.4;18276266.1;0.0;44132978.9;2.834;227.990;0.252
Wed Dec  1 20:46:01 2021;1638387961.773905313;824.9;31833305.1;0.0;130486740.8;0.0;6981965.8;1325.8;15002632.5;1561.4;37227184.7;0.0;131866629.7;0.528;49.986;328.5;10590892.7;0.0;42900711.9;0.0;2377581.9;341.8;6127358.0;474.1;12899492.6;0.0;43327215.1;2.294;227.825;0.693;63.8;6855972.0;0.0;46058077.6;0.0;2308140.6;362.9;5925729.4;368.4;9594500.1;0.0;46647014.0;1.674;228.123;0.173;432.5;16494014.3;0.0;43635525.2;0.0;3106741.7;621.1;3760043.8;756.9;18276277.4;0.0;44132978.9;3.383;227.476;0.571
Wed Dec  1 20:47:01 2021;1638388021.782215329;4640.7;31833378.7;0.0;130486740.8;1653.8;6981992.5;0.0;15002633.0;4926.5;37227263.3;0.0;131866629.7;0.942;50.002;1586.1;10590917.9;0.0;42900711.9;710.3;2377593.4;0.0;6127358.1;1737.9;12899520.3;0.0;43327215.1;7.667;227.916;0.913;1301.5;6855992.6;0.0;46058077.6;600.0;2308150.3;0.0;5925729.5;1433.1;9594523.0;0.0;46647014.0;6.292;228.307;0.908;1753.0;16494042.2;0.0;43635525.2;343.4;3106747.3;0.0;3760044.1;1786.4;18276306.1;0.0;44132978.9;7.861;227.741;0.981
Wed Dec  1 20:48:01 2021;1638388081.773989077;4764.0;31833457.2;0.0;130486740.8;1673.2;6982020.3;0.0;15002633.0;5049.3;37227346.7;0.0;131866629.7;0.944;49.985;1620.0;10590944.6;0.0;42900711.9;715.0;2377605.2;0.0;6127358.1;1770.8;12899549.6;0.0;43327215.1;7.805;228.063;0.915;1349.1;6856014.7;0.0;46058077.6;606.5;2308160.4;0.0;5925729.5;1479.1;9594547.3;0.0;46647014.0;6.490;228.442;0.912;1794.9;16494071.8;0.0;43635525.2;351.6;3106753.1;0.0;3760044.1;1829.0;18276336.2;0.0;44132978.9;8.046;227.789;0.981
Wed Dec  1 20:49:01 2021;1638388141.726941149;4847.2;31833537.3;0.0;130486740.8;1676.4;6982048.2;0.0;15002633.0;5128.9;37227431.5;0.0;131866629.7;0.945;49.994;1654.3;10590971.9;0.0;42900711.9;714.8;2377617.2;0.0;6127358.1;1802.1;12899579.4;0.0;43327215.1;7.944;227.977;0.918;1374.7;6856037.4;0.0;46058077.6;611.6;2308170.6;0.0;5925729.5;1504.6;9594572.2;0.0;46647014.0;6.603;228.366;0.914;1818.2;16494101.9;0.0;43635525.2;350.0;3106758.9;0.0;3760044.1;1851.6;18276366.9;0.0;44132978.9;8.151;227.612;0.982
Wed Dec  1 20:50:01 2021;1638388201.712929150;4865.3;31833618.3;0.0;130486740.8;1678.9;6982076.2;0.0;15002633.0;5146.9;37227517.2;0.0;131866629.7;0.945;49.998;1649.8;10590999.4;0.0;42900711.9;722.9;2377629.2;0.0;6127358.1;1801.2;12899609.4;0.0;43327215.1;7.940;227.897;0.916;1382.4;6856060.4;0.0;46058077.6;610.3;2308180.8;0.0;5925729.5;1511.2;9594597.3;0.0;46647014.0;6.635;228.227;0.915;1833.1;16494132.4;0.0;43635525.2;345.7;3106764.7;0.0;3760044.1;1865.4;18276397.9;0.0;44132978.9;8.212;227.590;0.983
Wed Dec  1 20:51:01 2021;1638388261.698642864;5099.5;31833700.9;0.0;130486740.8;1676.1;6982104.2;0.0;15002633.0;5367.8;37227604.3;0.0;131866629.7;0.950;49.983;1680.2;10591027.2;0.0;42900711.9;713.2;2377641.1;0.0;6127358.1;1825.3;12899639.7;0.0;43327215.1;8.051;227.878;0.921;1391.2;6856083.6;0.0;46058077.6;614.0;2308191.0;0.0;5925729.5;1520.7;9594622.7;0.0;46647014.0;6.677;228.244;0.915;2028.1;16494163.9;0.0;43635525.2;348.9;3106770.6;0.0;3760044.1;2057.9;18276430.0;0.0;44132978.9;9.065;227.369;0.986
Wed Dec  1 20:52:01 2021;1638388321.685623655;1090.8;31833746.8;0.0;130486740.8;0.0;6982115.6;1339.8;15002645.6;1727.7;37227657.9;0.0;131866629.7;0.631;49.994;396.5;10591042.9;0.0;42900711.9;0.0;2377646.1;351.3;6127361.1;529.7;12899657.5;0.0;43327215.1;2.507;228.534;0.748;65.3;6856093.8;0.0;46058077.6;0.0;2308195.2;364.5;5925733.1;370.3;9594636.7;0.0;46647014.0;1.675;228.714;0.176;629.0;16494184.1;0.0;43635525.2;0.0;3106772.9;624.0;3760050.2;886.0;18276452.8;0.0;44132978.9;3.930;228.116;0.710
Wed Dec  1 20:53:01 2021;1638388381.673815939;911.8;31833762.9;0.0;130486740.8;0.0;6982115.6;1336.5;15002667.9;1617.9;37227685.5;0.0;131866629.7;0.564;49.980;491.5;10591050.1;0.0;42900711.9;0.0;2377646.1;354.9;6127367.1;606.3;12899666.9;0.0;43327215.1;2.803;228.690;0.811;62.9;6856094.8;0.0;46058077.6;0.0;2308195.2;365.2;5925739.1;370.6;9594642.9;0.0;46647014.0;1.675;228.947;0.170;357.3;16494191.9;0.0;43635525.2;0.0;3106772.9;616.3;3760060.5;712.4;18276465.9;0.0;44132978.9;3.178;228.449;0.502
Wed Dec  1 20:54:01 2021;1638388441.673902483;937.9;31833778.5;0.0;130486740.8;0.0;6982115.6;1338.2;15002690.2;1634.1;37227712.8;0.0;131866629.7;0.574;49.990;518.8;10591058.7;0.0;42900711.9;0.0;2377646.1;359.7;6127373.1;631.3;12899677.4;0.0;43327215.1;2.923;228.469;0.822;63.0;6856095.9;0.0;46058077.6;0.0;2308195.2;364.8;5925745.2;370.2;9594649.0;0.0;46647014.0;1.675;228.732;0.170;356.1;16494197.8;0.0;43635525.2;0.0;3106772.9;613.6;3760070.7;709.5;18276477.7;0.0;44132978.9;3.172;227.921;0.502
Wed Dec  1 20:55:01 2021;1638388501.673790235;1043.1;31833794.7;0.0;130486740.8;0.0;6982115.6;1343.5;15002712.5;1700.9;37227740.3;0.0;131866629.7;0.613;50.020;626.0;10591067.9;0.0;42900711.9;0.0;2377646.1;368.0;6127379.1;726.2;12899688.4;0.0;43327215.1;3.330;228.072;0.862;62.4;6856096.9;0.0;46058077.6;0.0;2308195.2;363.2;5925751.3;368.5;9594655.2;0.0;46647014.0;1.672;228.186;0.169;354.7;16494203.7;0.0;43635525.2;0.0;3106772.9;612.3;3760080.9;707.6;18276489.5;0.0;44132978.9;3.170;227.566;0.501
Wed Dec  1 20:56:02 2021;1638388562.128677400;1022.5;31833812.1;0.0;130486740.8;0.0;6982115.6;1338.5;15002735.1;1684.3;37227768.9;0.0;131866629.7;0.607;49.999;606.4;10591078.4;0.0;42900711.9;0.0;2377646.1;365.3;6127385.3;707.9;12899700.5;0.0;43327215.1;3.241;228.138;0.857;63.1;6856098.0;0.0;46058077.6;0.0;2308195.2;362.5;5925757.4;368.0;9594661.4;0.0;46647014.0;1.670;227.980;0.172;352.9;16494209.7;0.0;43635525.2;0.0;3106772.9;610.6;3760091.2;705.3;18276501.4;0.0;44132978.9;3.153;227.909;0.500
Wed Dec  1 20:57:02 2021;1638388622.114656937;997.9;31833828.9;0.0;130486740.8;0.0;6982115.6;1336.6;15002757.4;1668.1;37227796.8;0.0;131866629.7;0.598;49.973;583.8;10591088.2;0.0;42900711.9;0.0;2377646.1;365.5;6127391.4;688.8;12899712.1;0.0;43327215.1;3.172;227.820;0.848;61.6;6856099.0;0.0;46058077.6;0.0;2308195.2;362.5;5925763.4;367.7;9594667.5;0.0;46647014.0;1.671;227.833;0.168;352.5;16494215.5;0.0;43635525.2;0.0;3106772.9;608.7;3760101.4;703.4;18276513.1;0.0;44132978.9;3.149;227.712;0.501
Wed Dec  1 20:58:02 2021;1638388682.100724551;1001.9;31833845.5;0.0;130486740.8;0.0;6982115.6;1338.6;15002779.7;1672.0;37227824.6;0.0;131866629.7;0.599;49.969;587.2;10591097.9;0.0;42900711.9;0.0;2377646.1;366.7;6127397.5;692.3;12899723.6;0.0;43327215.1;3.185;227.856;0.848;61.7;6856100.1;0.0;46058077.6;0.0;2308195.2;362.9;5925769.5;368.1;9594673.6;0.0;46647014.0;1.673;227.857;0.168;352.9;16494221.4;0.0;43635525.2;0.0;3106772.9;609.0;3760111.5;703.9;18276524.9;0.0;44132978.9;3.151;227.747;0.501
Wed Dec  1 20:59:02 2021;1638388742.086308412;907.1;31833861.6;0.0;130486740.8;0.0;6982115.6;1334.9;15002802.0;1613.9;37227852.0;0.0;131866629.7;0.562;49.995;491.9;10591107.1;0.0;42900711.9;0.0;2377646.1;363.2;6127403.5;611.4;12899734.6;0.0;43327215.1;2.846;227.824;0.804;61.9;6856101.1;0.0;46058077.6;0.0;2308195.2;362.4;5925775.5;367.7;9594679.8;0.0;46647014.0;1.672;227.822;0.168;353.3;16494227.3;0.0;43635525.2;0.0;3106772.9;609.3;3760121.7;704.3;18276536.6;0.0;44132978.9;3.153;227.733;0.502
Wed Dec  1 21:00:02 2021;1638388802.073814503;893.5;31833884.9;0.0;130486740.8;0.0;6982115.8;1328.2;15002813.1;1600.8;37227881.1;0.0;131866629.7;0.558;49.943;480.3;10591118.0;0.0;42900711.9;0.0;2377646.7;357.0;6127406.4;598.4;12899746.5;0.0;43327215.1;2.790;227.934;0.803;61.3;6856104.9;0.0;46058077.6;0.0;2308195.9;362.6;5925778.5;367.7;9594686.1;0.0;46647014.0;1.672;227.904;0.167;351.8;16494235.9;0.0;43635525.2;0.0;3106772.9;608.7;3760128.2;703.1;18276548.3;0.0;44132978.9;3.146;227.844;0.500
Wed Dec  1 21:01:02 2021;1638388862.073015973;875.0;31833899.6;0.0;130486740.8;0.0;6982115.8;1319.3;15002835.2;1583.1;37227907.6;0.0;131866629.7;0.553;49.881;463.0;10591125.8;0.0;42900711.9;0.0;2377646.7;353.7;6127412.4;582.6;12899756.3;0.0;43327215.1;2.721;227.510;0.795;61.4;6856105.9;0.0;46058077.6;0.0;2308195.9;359.7;5925784.5;364.9;9594692.2;0.0;46647014.0;1.664;227.144;0.168;350.6;16494241.7;0.0;43635525.2;0.0;3106772.9;605.9;3760138.3;700.0;18276560.0;0.0;44132978.9;3.139;227.288;0.501
Wed Dec  1 21:02:02 2021;1638388922.072801846;883.4;31833914.2;0.0;130486740.8;0.0;6982115.8;1324.1;15002857.2;1591.8;37227934.1;0.0;131866629.7;0.555;49.899;470.1;10591133.6;0.0;42900711.9;0.0;2377646.7;355.8;6127418.3;589.6;12899766.1;0.0;43327215.1;2.751;227.788;0.797;61.3;6856106.9;0.0;46058077.6;0.0;2308195.9;361.3;5925790.5;366.5;9594698.3;0.0;46647014.0;1.667;227.527;0.167;352.0;16494247.6;0.0;43635525.2;0.0;3106772.9;607.0;3760148.4;701.7;18276571.7;0.0;44132978.9;3.142;227.534;0.502
Wed Dec  1 21:03:02 2021;1638388982.530646943;901.4;31833929.1;0.0;130486740.8;0.0;6982115.8;1320.8;15002879.5;1599.1;37227960.8;0.0;131866629.7;0.564;49.916;470.6;10591141.5;0.0;42900711.9;0.0;2377646.7;354.9;6127424.2;589.5;12899775.9;0.0;43327215.1;2.756;227.703;0.798;80.0;6856108.1;0.0;46058077.6;0.0;2308195.9;359.8;5925796.5;368.6;9594704.5;0.0;46647014.0;1.708;227.473;0.217;350.7;16494253.5;0.0;43635525.2;0.0;3106772.9;606.1;3760158.6;700.3;18276583.5;0.0;44132978.9;3.137;227.430;0.501
Wed Dec  1 21:04:02 2021;1638389042.016354355;890.2;31833943.9;0.0;130486740.8;0.0;6982115.8;1316.2;15002901.3;1588.9;37227987.2;0.0;131866629.7;0.560;49.939;461.8;10591149.2;0.0;42900711.9;0.0;2377646.7;353.4;6127430.1;581.5;12899785.6;0.0;43327215.1;2.720;227.279;0.794;78.1;6856109.3;0.0;46058077.6;0.0;2308195.9;358.4;5925802.5;366.8;9594710.6;0.0;46647014.0;1.699;226.978;0.213;350.3;16494259.3;0.0;43635525.2;0.0;3106772.9;604.4;3760168.7;698.6;18276595.0;0.0;44132978.9;3.134;227.002;0.501
Wed Dec  1 21:05:02 2021;1638389102.002198609;941.1;31833959.8;0.0;130486740.8;0.0;6982115.8;1298.7;15002922.8;1603.8;37228014.1;0.0;131866629.7;0.587;49.948;511.3;10591157.9;0.0;42900711.9;0.0;2377646.7;332.5;6127435.6;609.9;12899796.1;0.0;43327215.1;2.840;227.499;0.838;78.7;6856110.7;0.0;46058077.6;0.0;2308195.9;359.9;5925808.5;368.4;9594716.7;0.0;46647014.0;1.705;227.410;0.214;351.1;16494265.1;0.0;43635525.2;0.0;3106772.9;606.4;3760178.8;700.7;18276606.7;0.0;44132978.9;3.140;227.345;0.501
Wed Dec  1 21:06:01 2021;1638389161.988498596;831.5;31833981.0;0.0;130486740.8;0.0;6982115.8;1314.1;15002943.6;1555.1;37228044.4;0.0;131866629.7;0.535;49.955;403.7;10591172.0;0.0;42900711.9;0.0;2377646.8;346.0;6127440.3;531.7;12899811.4;0.0;43327215.1;2.509;227.822;0.759;77.6;6856112.0;0.0;46058077.6;0.0;2308195.9;360.6;5925814.5;368.8;9594722.9;0.0;46647014.0;1.707;227.618;0.210;350.2;16494271.0;0.0;43635525.2;0.0;3106772.9;607.6;3760188.9;701.2;18276618.4;0.0;44132978.9;3.139;227.514;0.499
Wed Dec  1 21:07:01 2021;1638389221.976208935;712.3;31833995.3;0.0;130486740.8;0.0;6982115.8;1316.0;15002965.4;1496.4;37228070.6;0.0;131866629.7;0.476;49.961;474.9;10591179.5;0.0;42900711.9;0.0;2377646.8;346.4;6127446.0;587.8;12899820.9;0.0;43327215.1;2.727;227.822;0.808;78.1;6856113.3;0.0;46058077.6;0.0;2308195.9;360.4;5925820.5;368.8;9594729.0;0.0;46647014.0;1.704;227.627;0.212;159.3;16494276.4;0.0;43635525.2;0.0;3106772.9;609.1;3760199.0;629.6;18276630.0;0.0;44132978.9;2.826;227.749;0.253
Wed Dec  1 21:08:01 2021;1638389281.972627330;947.9;31834010.4;0.0;130486740.8;0.0;6982115.8;1127.8;15002984.6;1473.3;37228095.1;0.0;131866629.7;0.643;49.989;709.1;10591190.7;0.0;42900711.9;0.0;2377646.8;155.5;6127449.0;725.9;12899832.6;0.0;43327215.1;3.322;227.884;0.977;79.9;6856114.6;0.0;46058077.6;0.0;2308195.9;361.9;5925826.5;370.6;9594735.2;0.0;46647014.0;1.711;228.008;0.216;159.0;16494279.1;0.0;43635525.2;0.0;3106772.9;610.4;3760209.2;630.8;18276640.5;0.0;44132978.9;2.827;227.962;0.252
Wed Dec  1 21:09:01 2021;1638389341.973132808;944.5;31834026.1;0.0;130486740.8;0.0;6982115.8;1127.4;15003003.4;1470.7;37228119.6;0.0;131866629.7;0.642;49.978;705.1;10591202.4;0.0;42900711.9;0.0;2377646.8;159.1;6127451.6;722.9;12899844.6;0.0;43327215.1;3.310;227.626;0.975;79.5;6856115.9;0.0;46058077.6;0.0;2308195.9;360.9;5925832.5;369.6;9594741.3;0.0;46647014.0;1.708;227.750;0.215;159.9;16494281.7;0.0;43635525.2;0.0;3106772.9;607.4;3760219.4;628.1;18276651.0;0.0;44132978.9;2.823;227.414;0.255
Wed Dec  1 21:10:01 2021;1638389401.932563140;1002.5;31834041.7;0.0;130486740.8;0.0;6982115.8;1135.1;15003022.3;1514.4;37228144.1;0.0;131866629.7;0.662;49.970;762.3;10591214.1;0.0;42900711.9;0.0;2377646.8;159.4;6127454.3;778.7;12899856.6;0.0;43327215.1;3.536;228.336;0.979;79.8;6856117.2;0.0;46058077.6;0.0;2308195.9;363.0;5925838.6;371.6;9594747.5;0.0;46647014.0;1.712;228.469;0.215;160.5;16494284.4;0.0;43635525.2;0.0;3106772.9;612.7;3760229.5;633.3;18276661.5;0.0;44132978.9;2.834;228.407;0.253
Wed Dec  1 21:11:01 2021;1638389461.918463086;911.5;31834057.3;0.0;130486740.8;0.0;6982115.8;1134.5;15003041.2;1455.2;37228168.6;0.0;131866629.7;0.626;49.996;671.6;10591225.6;0.0;42900711.9;0.0;2377646.8;159.8;6127457.0;690.3;12899868.4;0.0;43327215.1;3.139;228.189;0.973;80.4;6856118.5;0.0;46058077.6;0.0;2308195.9;362.7;5925844.6;371.5;9594753.7;0.0;46647014.0;1.712;228.425;0.216;159.5;16494287.0;0.0;43635525.2;0.0;3106772.9;612.0;3760239.7;632.4;18276672.0;0.0;44132978.9;2.830;228.221;0.252
Wed Dec  1 21:12:01 2021;1638389521.904078972;898.7;31834072.3;0.0;130486740.8;0.0;6982115.8;1136.9;15003060.1;1449.2;37228192.8;0.0;131866629.7;0.620;49.994;658.4;10591236.7;0.0;42900711.9;0.0;2377646.8;161.0;6127459.7;677.8;12899879.8;0.0;43327215.1;3.067;228.375;0.971;80.1;6856119.9;0.0;46058077.6;0.0;2308195.9;363.5;5925850.7;372.2;9594759.9;0.0;46647014.0;1.714;228.694;0.215;160.2;16494289.7;0.0;43635525.2;0.0;3106772.9;612.4;3760249.9;633.0;18276682.5;0.0;44132978.9;2.833;228.274;0.253
Wed Dec  1 21:13:01 2021;1638389581.892148571;898.5;31834087.3;0.0;130486740.8;0.0;6982115.8;1136.8;15003079.1;1449.0;37228217.0;0.0;131866629.7;0.620;50.000;658.7;10591247.7;0.0;42900711.9;0.0;2377646.8;163.3;6127462.4;678.6;12899891.1;0.0;43327215.1;3.076;228.233;0.971;80.3;6856121.2;0.0;46058077.6;0.0;2308195.9;363.3;5925856.7;372.1;9594766.1;0.0;46647014.0;1.715;228.551;0.216;159.6;16494292.3;0.0;43635525.2;0.0;3106772.9;610.2;3760260.1;630.7;18276693.0;0.0;44132978.9;2.827;227.967;0.253
Wed Dec  1 21:14:01 2021;1638389641.876237674;775.6;31834101.3;0.0;130486740.8;0.0;6982115.8;1133.3;15003098.0;1373.3;37228240.5;0.0;131866629.7;0.565;49.982;536.4;10591257.7;0.0;42900711.9;0.0;2377646.8;162.9;6127465.1;560.6;12899901.5;0.0;43327215.1;2.581;228.102;0.957;81.1;6856122.6;0.0;46058077.6;0.0;2308195.9;361.9;5925862.8;370.8;9594772.3;0.0;46647014.0;1.713;228.238;0.219;158.1;16494295.0;0.0;43635525.2;0.0;3106772.9;608.6;3760270.2;628.8;18276703.5;0.0;44132978.9;2.821;227.726;0.251
Wed Dec  1 21:15:02 2021;1638389702.373658161;798.1;31834114.5;0.0;130486740.8;0.0;6982115.8;1131.3;15003117.0;1384.5;37228263.6;0.0;131866629.7;0.576;50.000;557.8;10591266.9;0.0;42900711.9;0.0;2377646.8;161.3;6127467.8;580.6;12899911.1;0.0;43327215.1;2.711;228.003;0.961;80.9;6856123.9;0.0;46058077.6;0.0;2308195.9;362.2;5925868.8;371.2;9594778.5;0.0;46647014.0;1.714;228.189;0.218;159.4;16494297.6;0.0;43635525.2;0.0;3106772.9;607.8;3760280.4;628.4;18276714.1;0.0;44132978.9;2.822;227.512;0.254
Wed Dec  1 21:16:01 2021;1638389761.874093005;632.0;31834125.9;0.0;130486740.8;0.0;6982115.8;1324.6;15003137.7;1467.7;37228287.3;0.0;131866629.7;0.431;49.968;391.6;10591274.3;0.0;42900711.9;0.0;2377646.8;354.4;6127472.5;528.2;12899920.1;0.0;43327215.1;2.505;228.152;0.741;81.3;6856125.2;0.0;46058077.6;0.0;2308195.9;362.6;5925874.8;371.6;9594784.7;0.0;46647014.0;1.715;228.347;0.219;159.1;16494300.2;0.0;43635525.2;0.0;3106772.9;607.6;3760290.5;628.1;18276724.5;0.0;44132978.9;2.821;227.521;0.253
Wed Dec  1 21:17:01 2021;1638389821.834614345;622.8;31834136.3;0.0;130486740.8;0.0;6982115.8;1322.8;15003159.8;1462.1;37228311.7;0.0;131866629.7;0.426;49.977;382.5;10591280.8;0.0;42900711.9;0.0;2377646.8;353.2;6127478.4;520.6;12899928.8;0.0;43327215.1;2.469;228.180;0.735;81.4;6856126.6;0.0;46058077.6;0.0;2308195.9;362.2;5925880.9;371.3;9594790.8;0.0;46647014.0;1.715;228.374;0.219;159.0;16494302.9;0.0;43635525.2;0.0;3106772.9;607.5;3760300.6;627.9;18276734.9;0.0;44132978.9;2.820;227.569;0.253
Wed Dec  1 21:18:02 2021;1638389882.319770709;542.4;31834145.5;0.0;130486740.8;0.0;6982115.8;1319.1;15003182.0;1426.3;37228335.8;0.0;131866629.7;0.380;49.984;318.2;10591286.1;0.0;42900711.9;0.0;2377646.8;348.3;6127484.3;471.8;12899936.7;0.0;43327215.1;2.293;227.896;0.674;63.0;6856127.8;0.0;46058077.6;0.0;2308195.9;361.4;5925887.0;366.9;9594797.0;0.0;46647014.0;1.667;227.859;0.172;161.3;16494305.5;0.0;43635525.2;0.0;3106772.9;609.4;3760310.9;630.4;18276745.5;0.0;44132978.9;2.837;227.210;0.256
Wed Dec  1 21:19:02 2021;1638389942.305495846;531.4;31834154.4;0.0;130486740.8;0.0;6982115.8;1323.7;15003204.0;1426.4;37228359.5;0.0;131866629.7;0.373;49.990;306.2;10591291.2;0.0;42900711.9;0.0;2377646.8;349.0;6127490.1;464.3;12899944.5;0.0;43327215.1;2.238;228.296;0.660;63.1;6856128.9;0.0;46058077.6;0.0;2308195.9;362.9;5925893.0;368.3;9594803.2;0.0;46647014.0;1.669;228.343;0.171;162.2;16494308.2;0.0;43635525.2;0.0;3106772.9;611.8;3760321.0;632.9;18276756.0;0.0;44132978.9;2.843;227.661;0.256
Wed Dec  1 21:20:02 2021;1638390002.291842702;527.8;31834163.0;0.0;130486740.8;0.0;6982115.8;1320.6;15003226.1;1422.1;37228383.2;0.0;131866629.7;0.371;49.993;302.8;10591296.1;0.0;42900711.9;0.0;2377646.8;347.9;6127495.9;461.2;12899952.1;0.0;43327215.1;2.229;228.048;0.657;63.1;6856129.9;0.0;46058077.6;0.0;2308195.9;362.2;5925899.0;367.6;9594809.3;0.0;46647014.0;1.669;228.073;0.172;161.9;16494310.9;0.0;43635525.2;0.0;3106772.9;610.5;3760331.2;631.6;18276766.6;0.0;44132978.9;2.840;227.426;0.256
Wed Dec  1 21:21:02 2021;1638390062.276995954;4416.9;31834186.4;0.0;130486740.8;1614.6;6982121.0;0.0;15003243.8;4702.8;37228418.5;0.0;131866629.7;0.939;49.987;1493.9;10591304.9;0.0;42900711.9;678.5;2377649.1;0.0;6127500.5;1640.8;12899963.6;0.0;43327215.1;7.250;227.528;0.910;1249.0;6856134.8;0.0;46058077.6;602.7;2308197.9;0.0;5925903.9;1386.8;9594818.8;0.0;46647014.0;6.108;227.673;0.901;1674.0;16494320.6;0.0;43635525.2;333.4;3106774.0;0.0;3760339.4;1706.9;18276781.5;0.0;44132978.9;7.546;226.740;0.981
Wed Dec  1 21:22:02 2021;1638390122.273055612;4653.8;31834262.4;0.0;130486740.8;1652.2;6982148.2;0.0;15003243.8;4938.3;37228499.2;0.0;131866629.7;0.942;49.972;1575.5;10591330.6;0.0;42900711.9;696.5;2377660.5;0.0;6127500.5;1722.6;12899991.7;0.0;43327215.1;7.596;227.901;0.915;1323.7;6856156.3;0.0;46058077.6;615.6;2308208.0;0.0;5925903.9;1459.9;9594842.5;0.0;46647014.0;6.416;228.048;0.907;1754.6;16494349.5;0.0;43635525.2;340.1;3106779.6;0.0;3760339.4;1787.2;18276811.0;0.0;44132978.9;7.886;227.066;0.982
Wed Dec  1 21:23:02 2021;1638390182.273126009;4764.9;31834340.9;0.0;130486740.8;1660.6;6982175.8;0.0;15003243.8;5046.0;37228582.4;0.0;131866629.7;0.944;49.992;1611.7;10591357.1;0.0;42900711.9;702.2;2377672.1;0.0;6127500.5;1758.0;12900020.7;0.0;43327215.1;7.751;227.927;0.917;1358.2;6856178.6;0.0;46058077.6;614.1;2308218.2;0.0;5925903.9;1490.6;9594867.0;0.0;46647014.0;6.554;227.945;0.911;1795.0;16494379.1;0.0;43635525.2;344.3;3106785.3;0.0;3760339.4;1827.8;18276841.1;0.0;44132978.9;8.063;227.107;0.982
Wed Dec  1 21:24:02 2021;1638390242.273015501;4831.2;31834420.9;0.0;130486740.8;1662.3;6982203.5;0.0;15003243.8;5109.2;37228667.1;0.0;131866629.7;0.946;49.964;1632.4;10591384.2;0.0;42900711.9;701.9;2377683.9;0.0;6127500.5;1776.9;12900050.2;0.0;43327215.1;7.839;227.764;0.919;1380.4;6856201.4;0.0;46058077.6;613.9;2308228.5;0.0;5925903.9;1510.8;9594892.1;0.0;46647014.0;6.646;227.818;0.914;1818.4;16494409.2;0.0;43635525.2;346.4;3106791.0;0.0;3760339.4;1851.1;18276871.7;0.0;44132978.9;8.170;226.981;0.982
Wed Dec  1 21:25:02 2021;1638390302.220754525;4856.1;31834501.7;0.0;130486740.8;1671.1;6982231.3;0.0;15003243.8;5135.6;37228752.6;0.0;131866629.7;0.946;49.974;1636.4;10591411.5;0.0;42900711.9;710.7;2377695.6;0.0;6127500.5;1784.1;12900079.9;0.0;43327215.1;7.859;228.033;0.917;1386.7;6856224.6;0.0;46058077.6;613.5;2308238.8;0.0;5925903.9;1516.4;9594917.4;0.0;46647014.0;6.663;228.070;0.915;1832.9;16494439.6;0.0;43635525.2;346.9;3106796.8;0.0;3760339.4;1865.5;18276902.7;0.0;44132978.9;8.222;227.303;0.983
Wed Dec  1 21:26:02 2021;1638390362.206747663;4863.2;31834582.8;0.0;130486740.8;1668.2;6982259.2;0.0;15003243.8;5141.4;37228838.3;0.0;131866629.7;0.946;49.974;1632.4;10591438.8;0.0;42900711.9;709.2;2377707.5;0.0;6127500.5;1779.8;12900109.7;0.0;43327215.1;7.850;227.732;0.917;1392.9;6856247.7;0.0;46058077.6;611.0;2308249.0;0.0;5925903.9;1521.0;9594942.7;0.0;46647014.0;6.692;227.772;0.916;1838.0;16494470.1;0.0;43635525.2;347.9;3106802.6;0.0;3760339.4;1870.6;18276933.8;0.0;44132978.9;8.254;227.045;0.983
Wed Dec  1 21:27:02 2021;1638390422.193313848;832.6;31834606.9;0.0;130486740.8;0.0;6982263.4;1342.0;15003262.5;1579.3;37228873.5;0.0;131866629.7;0.527;49.993;293.5;10591447.1;0.0;42900711.9;0.0;2377709.2;349.5;6127505.4;456.4;12900120.6;0.0;43327215.1;2.193;228.812;0.643;65.6;6856252.2;0.0;46058077.6;0.0;2308250.6;365.2;5925909.0;371.0;9594951.8;0.0;46647014.0;1.676;228.990;0.177;473.6;16494481.5;0.0;43635525.2;0.0;3106803.5;627.3;3760348.2;786.0;18276949.6;0.0;44132978.9;3.548;228.168;0.603
Wed Dec  1 21:28:02 2021;1638390482.179244212;565.4;31834616.9;0.0;130486740.8;0.0;6982263.4;1327.5;15003284.6;1442.9;37228897.9;0.0;131866629.7;0.392;49.990;290.6;10591451.9;0.0;42900711.9;0.0;2377709.2;348.2;6127511.2;453.6;12900128.2;0.0;43327215.1;2.184;228.554;0.641;63.4;6856253.3;0.0;46058077.6;0.0;2308250.6;364.7;5925915.0;370.1;9594958.0;0.0;46647014.0;1.674;228.788;0.171;211.4;16494485.6;0.0;43635525.2;0.0;3106803.5;614.6;3760358.5;649.9;18276960.7;0.0;44132978.9;2.991;228.133;0.325
Wed Dec  1 21:29:02 2021;1638390542.172645248;569.1;31834626.2;0.0;130486740.8;0.0;6982263.4;1324.9;15003306.7;1441.9;37228921.9;0.0;131866629.7;0.395;50.005;291.7;10591456.7;0.0;42900711.9;0.0;2377709.2;347.8;6127517.0;454.0;12900135.7;0.0;43327215.1;2.187;228.451;0.643;63.2;6856254.4;0.0;46058077.6;0.0;2308250.6;363.5;5925921.1;368.9;9594964.1;0.0;46647014.0;1.672;228.422;0.171;214.2;16494489.1;0.0;43635525.2;0.0;3106803.5;613.6;3760368.7;649.9;18276971.6;0.0;44132978.9;2.999;228.042;0.330
Wed Dec  1 21:30:02 2021;1638390602.673528990;563.0;31834635.8;0.0;130486740.8;0.0;6982263.4;1324.8;15003329.0;1439.4;37228946.1;0.0;131866629.7;0.391;50.008;283.1;10591461.6;0.0;42900711.9;0.0;2377709.2;347.0;6127522.8;447.9;12900143.3;0.0;43327215.1;2.159;228.480;0.632;63.6;6856255.4;0.0;46058077.6;0.0;2308250.6;363.9;5925927.2;369.5;9594970.3;0.0;46647014.0;1.672;228.442;0.172;216.2;16494492.7;0.0;43635525.2;0.0;3106803.5;613.8;3760379.1;650.8;18276982.5;0.0;44132978.9;3.005;228.060;0.332
Wed Dec  1 21:31:02 2021;1638390662.173134214;568.2;31834645.1;0.0;130486740.8;0.0;6982263.4;1327.5;15003351.0;1444.0;37228970.0;0.0;131866629.7;0.393;49.957;289.0;10591466.4;0.0;42900711.9;0.0;2377709.2;348.1;6127528.6;452.4;12900150.8;0.0;43327215.1;2.176;228.751;0.639;63.3;6856256.5;0.0;46058077.6;0.0;2308250.6;364.4;5925933.3;369.8;9594976.5;0.0;46647014.0;1.671;228.739;0.171;215.9;16494496.2;0.0;43635525.2;0.0;3106803.5;615.1;3760389.2;651.9;18276993.3;0.0;44132978.9;3.006;228.342;0.331
Wed Dec  1 21:32:02 2021;1638390722.122374826;4390.7;31834710.5;0.0;130486740.8;0.0;6982263.4;1328.9;15003373.1;4587.4;37229040.1;0.0;131866629.7;0.957;49.969;295.3;10591471.2;0.0;42900711.9;0.0;2377709.2;349.9;6127534.4;457.9;12900158.3;0.0;43327215.1;2.197;229.151;0.645;2592.5;6856294.6;0.0;46058077.6;0.0;2308250.6;380.7;5925939.6;2620.3;9595015.6;0.0;46647014.0;11.526;227.501;0.989;1502.9;16494518.7;0.0;43635525.2;0.0;3106803.5;598.3;3760399.2;1617.6;18277018.3;0.0;44132978.9;7.160;228.047;0.929
Wed Dec  1 21:33:02 2021;1638390782.108087264;4335.1;31834783.1;0.0;130486740.8;0.0;6982263.4;1325.2;15003395.3;4533.1;37229116.0;0.0;131866629.7;0.956;49.982;289.5;10591476.1;0.0;42900711.9;0.0;2377709.2;348.4;6127540.2;453.0;12900165.9;0.0;43327215.1;2.178;228.993;0.639;2560.3;6856337.4;0.0;46058077.6;0.0;2308250.6;379.3;5925945.9;2588.2;9595059.0;0.0;46647014.0;11.400;227.198;0.989;1485.4;16494543.5;0.0;43635525.2;0.0;3106803.5;597.5;3760409.2;1601.0;18277045.1;0.0;44132978.9;7.090;227.906;0.928
Wed Dec  1 21:34:02 2021;1638390842.095080491;4318.3;31834855.2;0.0;130486740.8;0.0;6982263.4;1327.7;15003417.4;4517.8;37229191.4;0.0;131866629.7;0.956;49.986;289.0;10591480.9;0.0;42900711.9;0.0;2377709.2;349.3;6127546.1;453.3;12900173.5;0.0;43327215.1;2.180;229.108;0.637;2548.9;6856380.0;0.0;46058077.6;0.0;2308250.6;380.1;5925952.2;2577.1;9595102.0;0.0;46647014.0;11.341;227.404;0.989;1480.4;16494568.2;0.0;43635525.2;0.0;3106803.5;598.3;3760419.2;1596.7;18277071.7;0.0;44132978.9;7.074;227.906;0.927
Wed Dec  1 21:35:02 2021;1638390902.080292690;4331.2;31834927.3;0.0;130486740.8;0.0;6982263.4;1336.8;15003439.6;4532.8;37229266.8;0.0;131866629.7;0.956;50.008;295.7;10591485.8;0.0;42900711.9;0.0;2377709.2;351.2;6127551.9;459.1;12900181.1;0.0;43327215.1;2.202;229.514;0.644;2552.6;6856422.5;0.0;46058077.6;0.0;2308250.6;381.9;5925958.6;2581.0;9595145.0;0.0;46647014.0;11.334;227.880;0.989;1482.9;16494592.9;0.0;43635525.2;0.0;3106803.5;603.8;3760429.2;1601.1;18277098.3;0.0;44132978.9;7.079;228.344;0.926
Wed Dec  1 21:36:02 2021;1638390962.072688974;4346.5;31834999.5;0.0;130486740.8;0.0;6982263.4;1338.5;15003461.9;4548.0;37229342.4;0.0;131866629.7;0.956;49.996;304.3;10591490.7;0.0;42900711.9;0.0;2377709.2;353.3;6127557.8;466.3;12900188.8;0.0;43327215.1;2.236;229.595;0.653;2557.0;6856465.1;0.0;46058077.6;0.0;2308250.6;381.7;5925964.9;2585.3;9595188.0;0.0;46647014.0;11.352;227.895;0.989;1485.2;16494617.6;0.0;43635525.2;0.0;3106803.5;603.5;3760439.3;1603.2;18277125.0;0.0;44132978.9;7.085;228.396;0.926
Wed Dec  1 21:37:02 2021;1638391022.073073254;4349.1;31835071.7;0.0;130486740.8;0.0;6982263.4;1336.2;15003484.1;4549.7;37229417.9;0.0;131866629.7;0.956;50.005;311.5;10591495.6;0.0;42900711.9;0.0;2377709.2;353.0;6127563.6;470.8;12900196.4;0.0;43327215.1;2.269;229.339;0.662;2555.4;6856507.7;0.0;46058077.6;0.0;2308250.6;381.2;5925971.3;2583.7;9595231.1;0.0;46647014.0;11.356;227.682;0.989;1482.2;16494642.3;0.0;43635525.2;0.0;3106803.5;602.0;3760449.3;1599.8;18277151.7;0.0;44132978.9;7.077;228.111;0.926
Wed Dec  1 21:38:02 2021;1638391082.073421036;4324.4;31835143.9;0.0;130486740.8;0.0;6982263.4;1328.9;15003506.3;4524.0;37229493.4;0.0;131866629.7;0.956;50.007;292.5;10591500.6;0.0;42900711.9;0.0;2377709.2;350.1;6127569.5;456.2;12900204.1;0.0;43327215.1;2.198;229.107;0.641;2555.4;6856550.3;0.0;46058077.6;0.0;2308250.6;381.1;5925977.6;2583.6;9595274.1;0.0;46647014.0;11.359;227.601;0.989;1476.5;16494666.9;0.0;43635525.2;0.0;3106803.5;597.7;3760459.3;1592.9;18277178.2;0.0;44132978.9;7.051;227.921;0.927
Wed Dec  1 21:39:02 2021;1638391142.524171698;5209.0;31835219.6;0.0;130486740.8;0.0;6982263.4;1147.0;15003528.1;5333.8;37229572.3;0.0;131866629.7;0.977;50.008;555.5;10591506.1;0.0;42900711.9;0.0;2377709.2;296.9;6127575.3;629.9;12900212.1;0.0;43327215.1;2.942;229.223;0.882;2928.7;6856595.2;0.0;46058077.6;0.0;2308250.6;305.6;5925983.7;2944.6;9595319.5;0.0;46647014.0;12.962;227.655;0.995;1724.8;16494692.2;0.0;43635525.2;0.0;3106803.5;544.5;3760469.2;1808.7;18277205.4;0.0;44132978.9;8.000;227.910;0.954
Wed Dec  1 21:40:02 2021;1638391202.510731647;6487.6;31835323.9;0.0;130486740.8;0.0;6982263.4;831.9;15003543.2;6540.8;37229677.6;0.0;131866629.7;0.992;50.009;1039.7;10591522.4;0.0;42900711.9;0.0;2377709.3;191.0;6127578.9;1057.1;12900228.9;0.0;43327215.1;4.766;228.854;0.984;3314.8;6856649.1;0.0;46058077.6;0.0;2308250.6;198.9;5925987.5;3320.8;9595373.5;0.0;46647014.0;14.659;227.151;0.998;2133.1;16494726.3;0.0;43635525.2;0.0;3106803.5;442.0;3760477.0;2178.4;18277240.4;0.0;44132978.9;9.645;227.736;0.979
Wed Dec  1 21:41:02 2021;1638391262.496626809;2678.0;31835386.3;0.0;130486740.8;0.0;6982263.4;858.5;15003557.3;2812.2;37229741.9;0.0;131866629.7;0.952;50.008;1010.8;10591539.6;0.0;42900711.9;0.0;2377709.3;205.2;6127582.2;1031.4;12900246.4;0.0;43327215.1;4.662;228.438;0.980;821.3;6856674.3;0.0;46058077.6;0.0;2308250.6;191.5;5925990.6;843.3;9595399.0;0.0;46647014.0;3.840;228.515;0.974;845.9;16494746.4;0.0;43635525.2;0.0;3106803.5;461.8;3760484.6;963.7;18277262.1;0.0;44132978.9;4.397;227.929;0.878
Wed Dec  1 21:42:02 2021;1638391322.483167341;2755.8;31835431.4;0.0;130486740.8;0.0;6982263.4;848.3;15003571.5;2883.4;37229789.1;0.0;131866629.7;0.956;50.022;1062.2;10591556.7;0.0;42900711.9;0.0;2377709.3;204.8;6127585.6;1081.7;12900263.8;0.0;43327215.1;4.877;228.506;0.982;834.5;6856688.1;0.0;46058077.6;0.0;2308250.6;186.1;5925993.8;855.0;9595413.1;0.0;46647014.0;3.891;228.562;0.976;859.1;16494760.5;0.0;43635525.2;0.0;3106803.5;457.4;3760492.3;973.3;18277278.2;0.0;44132978.9;4.437;227.982;0.883
Wed Dec  1 21:43:02 2021;1638391382.473687056;2724.7;31835477.1;0.0;130486740.8;0.0;6982263.4;862.7;15003585.8;2858.0;37229837.0;0.0;131866629.7;0.953;50.009;1050.6;10591574.3;0.0;42900711.9;0.0;2377709.3;208.5;6127589.1;1071.1;12900281.8;0.0;43327215.1;4.827;228.583;0.981;825.0;6856701.9;0.0;46058077.6;0.0;2308250.6;191.6;5925996.9;847.0;9595427.3;0.0;46647014.0;3.851;228.807;0.974;849.1;16494774.7;0.0;43635525.2;0.0;3106803.5;462.6;3760500.0;967.0;18277294.3;0.0;44132978.9;4.405;228.261;0.878
Wed Dec  1 21:44:02 2021;1638391442.473646791;2690.3;31835522.3;0.0;130486740.8;0.0;6982263.4;876.2;15003600.3;2829.4;37229884.5;0.0;131866629.7;0.951;50.014;1029.3;10591591.7;0.0;42900711.9;0.0;2377709.3;210.6;6127592.5;1050.6;12900299.5;0.0;43327215.1;4.723;229.168;0.980;819.5;6856715.7;0.0;46058077.6;0.0;2308250.6;196.5;5926000.2;842.7;9595441.4;0.0;46647014.0;3.826;229.303;0.972;841.5;16494788.8;0.0;43635525.2;0.0;3106803.5;469.1;3760507.8;963.4;18277310.4;0.0;44132978.9;4.378;228.882;0.873
Wed Dec  1 21:45:02 2021;1638391502.473806566;3249.1;31835567.5;0.0;130486740.8;0.0;6982263.4;482.6;15003614.8;3284.8;37229932.0;0.0;131866629.7;0.989;50.026;1582.6;10591609.3;0.0;42900711.9;180.8;2377709.4;0.0;6127596.0;1592.9;12900317.4;0.0;43327215.1;7.058;228.648;0.994;823.3;6856729.3;0.0;46058077.6;0.0;2308250.6;195.4;5926003.4;846.1;9595455.4;0.0;46647014.0;3.841;229.243;0.973;843.3;16494802.8;0.0;43635525.2;0.0;3106803.5;468.0;3760515.6;964.5;18277326.5;0.0;44132978.9;4.377;228.928;0.874
Wed Dec  1 21:46:02 2021;1638391562.426504909;2832.6;31835614.4;0.0;130486740.8;0.0;6982263.4;866.4;15003629.2;2962.1;37229981.0;0.0;131866629.7;0.956;50.015;1133.9;10591628.3;0.0;42900711.9;0.0;2377709.5;213.6;6127599.5;1153.8;12900336.8;0.0;43327215.1;5.158;229.341;0.983;839.6;6856743.1;0.0;46058077.6;0.0;2308250.6;189.5;5926006.7;860.7;9595469.6;0.0;46647014.0;3.900;229.609;0.975;859.1;16494816.9;0.0;43635525.2;0.0;3106803.5;463.3;3760523.4;976.1;18277342.6;0.0;44132978.9;4.424;229.153;0.880
Wed Dec  1 21:47:02 2021;1638391622.412056080;2810.6;31835661.4;0.0;130486740.8;0.0;6982263.4;851.3;15003643.5;2936.7;37230030.2;0.0;131866629.7;0.957;49.991;1096.3;10591646.9;0.0;42900711.9;0.0;2377709.5;207.7;6127603.0;1115.8;12900355.7;0.0;43327215.1;4.993;229.092;0.983;847.0;6856757.1;0.0;46058077.6;0.0;2308250.6;185.7;5926009.8;867.1;9595484.0;0.0;46647014.0;3.931;229.330;0.977;867.3;16494831.3;0.0;43635525.2;0.0;3106803.5;458.0;3760531.0;980.8;18277358.9;0.0;44132978.9;4.449;228.890;0.884
Wed Dec  1 21:48:02 2021;1638391682.398600023;2849.4;31835709.1;0.0;130486740.8;0.0;6982263.4;833.0;15003657.3;2968.7;37230079.9;0.0;131866629.7;0.960;49.983;1108.9;10591665.5;0.0;42900711.9;0.0;2377709.5;201.1;6127606.3;1126.9;12900374.6;0.0;43327215.1;5.049;228.897;0.984;860.3;6856771.5;0.0;46058077.6;0.0;2308250.6;180.4;5926012.8;879.0;9595498.7;0.0;46647014.0;3.985;229.325;0.979;880.3;16494846.0;0.0;43635525.2;0.0;3106803.5;451.5;3760538.6;989.3;18277375.4;0.0;44132978.9;4.487;228.891;0.890
Wed Dec  1 21:49:02 2021;1638391742.384385329;2844.8;31835756.8;0.0;130486740.8;0.0;6982263.4;842.1;15003671.2;2966.8;37230129.6;0.0;131866629.7;0.959;49.999;1111.7;10591684.1;0.0;42900711.9;0.0;2377709.5;204.7;6127609.7;1130.4;12900393.5;0.0;43327215.1;5.063;229.137;0.983;856.9;6856785.9;0.0;46058077.6;0.0;2308250.6;182.2;5926015.8;876.1;9595513.4;0.0;46647014.0;3.970;229.483;0.978;876.1;16494860.8;0.0;43635525.2;0.0;3106803.5;455.3;3760546.1;987.4;18277392.0;0.0;44132978.9;4.478;229.041;0.887
Wed Dec  1 21:50:02 2021;1638391802.373140059;2758.7;31835803.3;0.0;130486740.8;0.0;6982263.4;828.0;15003685.1;2880.2;37230178.1;0.0;131866629.7;0.958;50.015;1010.8;10591701.6;0.0;42900711.9;0.0;2377709.5;193.9;6127613.0;1029.3;12900411.3;0.0;43327215.1;4.633;229.362;0.982;865.2;6856800.3;0.0;46058077.6;0.0;2308250.6;180.2;5926018.8;883.7;9595528.1;0.0;46647014.0;4.002;229.718;0.979;882.7;16494875.4;0.0;43635525.2;0.0;3106803.5;454.0;3760553.7;992.6;18277408.4;0.0;44132978.9;4.496;229.257;0.889
Wed Dec  1 21:51:02 2021;1638391862.373128994;2793.6;31835849.9;0.0;130486740.8;0.0;6982263.4;825.5;15003698.9;2913.0;37230226.7;0.0;131866629.7;0.959;50.014;1038.7;10591719.0;0.0;42900711.9;0.0;2377709.5;195.4;6127616.3;1056.9;12900429.0;0.0;43327215.1;4.761;229.041;0.983;869.0;6856814.7;0.0;46058077.6;0.0;2308250.6;178.7;5926021.8;887.2;9595542.8;0.0;46647014.0;4.019;229.542;0.980;885.9;16494890.1;0.0;43635525.2;0.0;3106803.5;451.4;3760561.2;994.3;18277425.0;0.0;44132978.9;4.505;229.039;0.891
Wed Dec  1 21:52:02 2021;1638391922.372808080;2809.0;31835896.6;0.0;130486740.8;0.0;6982263.4;815.5;15003712.6;2924.9;37230275.4;0.0;131866629.7;0.960;50.030;1045.5;10591736.4;0.0;42900711.9;0.0;2377709.5;193.5;6127619.5;1063.2;12900446.7;0.0;43327215.1;4.793;228.855;0.983;873.5;6856829.3;0.0;46058077.6;0.0;2308250.6;174.4;5926024.7;890.7;9595557.7;0.0;46647014.0;4.043;229.106;0.981;890.0;16494904.9;0.0;43635525.2;0.0;3106803.5;447.6;3760568.7;996.2;18277441.6;0.0;44132978.9;4.521;228.686;0.893
Wed Dec  1 21:53:02 2021;1638391982.327977541;2802.8;31835943.4;0.0;130486740.8;0.0;6982263.4;809.1;15003726.1;2917.3;37230324.1;0.0;131866629.7;0.961;50.026;1029.3;10591753.7;0.0;42900711.9;0.0;2377709.5;189.7;6127622.7;1046.6;12900464.3;0.0;43327215.1;4.714;229.088;0.983;879.4;6856843.9;0.0;46058077.6;0.0;2308250.6;172.4;5926027.6;896.1;9595572.6;0.0;46647014.0;4.062;229.412;0.981;894.2;16494919.8;0.0;43635525.2;0.0;3106803.5;447.0;3760576.2;999.7;18277458.2;0.0;44132978.9;4.534;228.890;0.894
Wed Dec  1 21:54:02 2021;1638392042.313641463;2821.0;31835990.4;0.0;130486740.8;0.0;6982263.4;812.4;15003739.7;2935.7;37230373.0;0.0;131866629.7;0.961;50.023;1048.1;10591771.1;0.0;42900711.9;0.0;2377709.5;191.4;6127625.9;1065.4;12900482.0;0.0;43327215.1;4.794;229.297;0.984;879.6;6856858.5;0.0;46058077.6;0.0;2308250.6;173.4;5926030.5;896.5;9595587.5;0.0;46647014.0;4.064;229.537;0.981;893.3;16494934.7;0.0;43635525.2;0.0;3106803.5;447.5;3760583.6;999.1;18277474.8;0.0;44132978.9;4.526;229.124;0.894
Wed Dec  1 21:55:02 2021;1638392102.299719195;2822.5;31836037.5;0.0;130486740.8;0.0;6982263.4;803.0;15003753.2;2934.6;37230422.0;0.0;131866629.7;0.962;50.023;1036.2;10591788.6;0.0;42900711.9;0.0;2377709.5;186.1;6127629.1;1052.8;12900499.8;0.0;43327215.1;4.735;229.387;0.984;886.2;6856873.3;0.0;46058077.6;0.0;2308250.6;171.0;5926033.4;902.6;9595602.5;0.0;46647014.0;4.089;229.603;0.982;900.1;16494949.6;0.0;43635525.2;0.0;3106803.5;445.9;3760591.1;1004.5;18277491.5;0.0;44132978.9;4.547;229.239;0.896
Wed Dec  1 21:56:02 2021;1638392162.285397948;6830.2;31836115.9;0.0;130486740.8;2200.8;6982279.7;0.0;15003760.6;7176.0;37230503.9;0.0;131866629.7;0.952;50.026;2281.9;10591815.0;0.0;42900711.9;870.6;2377715.9;0.0;6127630.8;2442.4;12900527.5;0.0;43327215.1;10.721;228.912;0.934;2082.6;6856896.7;0.0;46058077.6;807.3;2308256.6;0.0;5926034.9;2233.6;9595627.2;0.0;46647014.0;9.796;229.311;0.932;2465.7;16494978.2;0.0;43635525.2;522.9;3106807.3;0.0;3760595.3;2520.5;18277521.4;0.0;44132978.9;11.081;228.646;0.978
Wed Dec  1 21:57:02 2021;1638392222.273148249;8349.7;31836241.9;0.0;130486740.8;2400.1;6982317.9;0.0;15003760.6;8687.8;37230635.6;0.0;131866629.7;0.961;50.008;2788.7;10591857.0;0.0;42900711.9;960.2;2377731.2;0.0;6127630.8;2949.4;12900572.2;0.0;43327215.1;12.928;228.940;0.946;2568.3;6856935.3;0.0;46058077.6;861.3;2308270.4;0.0;5926034.9;2708.9;9595668.2;0.0;46647014.0;11.867;229.198;0.948;2992.6;16495023.5;0.0;43635525.2;578.6;3106816.5;0.0;3760595.3;3048.0;18277567.6;0.0;44132978.9;13.381;228.656;0.982
Wed Dec  1 21:58:02 2021;1638392282.273015453;3135.6;31836315.4;0.0;130486740.8;0.0;6982327.3;795.9;15003770.9;3235.0;37230711.8;0.0;131866629.7;0.969;50.008;1067.5;10591881.8;0.0;42900711.9;0.0;2377734.8;182.6;6127633.2;1083.0;12900597.9;0.0;43327215.1;4.869;229.225;0.986;879.8;6856956.9;0.0;46058077.6;0.0;2308273.9;161.6;5926037.0;894.5;9595690.5;0.0;46647014.0;4.033;229.500;0.984;1188.3;16495050.7;0.0;43635525.2;0.0;3106818.8;451.7;3760601.0;1271.3;18277596.1;0.0;44132978.9;5.682;229.024;0.935
Wed Dec  1 21:59:02 2021;1638392342.273149964;2861.0;31836364.2;0.0;130486740.8;0.0;6982327.3;774.3;15003783.9;2964.0;37230762.3;0.0;131866629.7;0.965;50.009;1058.4;10591899.6;0.0;42900711.9;0.0;2377734.8;177.7;6127636.3;1073.2;12900615.9;0.0;43327215.1;4.829;229.206;0.986;883.9;6856971.6;0.0;46058077.6;0.0;2308273.9;159.7;5926039.6;898.2;9595705.5;0.0;46647014.0;4.053;229.463;0.984;918.8;16495067.0;0.0;43635525.2;0.0;3106818.8;437.0;3760608.4;1017.4;18277614.0;0.0;44132978.9;4.604;229.136;0.903
Wed Dec  1 22:00:02 2021;1638392402.730081812;2807.3;31836411.9;0.0;130486740.8;0.0;6982327.3;755.8;15003796.8;2907.3;37230811.6;0.0;131866629.7;0.966;49.978;996.5;10591916.9;0.0;42900711.9;0.0;2377734.8;164.3;6127639.1;1010.0;12900633.4;0.0;43327215.1;4.568;229.284;0.987;887.7;6856986.4;0.0;46058077.6;0.0;2308273.9;157.2;5926042.3;901.5;9595720.6;0.0;46647014.0;4.068;229.497;0.985;923.0;16495082.5;0.0;43635525.2;0.0;3106818.8;434.3;3760615.7;1020.1;18277631.1;0.0;44132978.9;4.618;229.153;0.905
Wed Dec  1 22:01:02 2021;1638392462.215495215;6690.2;31836522.6;0.0;130486740.8;0.0;6982327.3;744.2;15003809.4;6731.5;37230923.0;0.0;131866629.7;0.994;49.943;1019.2;10591933.6;0.0;42900711.9;0.0;2377734.8;152.6;6127641.8;1030.6;12900650.3;0.0;43327215.1;4.646;229.957;0.989;3438.2;6857043.5;0.0;46058077.6;0.0;2308273.9;171.7;5926045.2;3442.5;9595777.7;0.0;46647014.0;15.108;228.416;0.999;2232.8;16495119.4;0.0;43635525.2;0.0;3106818.8;419.9;3760622.8;2272.0;18277668.7;0.0;44132978.9;9.993;229.128;0.983
Wed Dec  1 22:02:02 2021;1638392522.201422690;6602.4;31836633.5;0.0;130486740.8;0.0;6982327.3;719.7;15003821.7;6641.5;37231034.6;0.0;131866629.7;0.994;49.933;1021.1;10591950.5;0.0;42900711.9;0.0;2377734.8;146.4;6127644.3;1031.6;12900667.5;0.0;43327215.1;4.677;228.458;0.990;3379.8;6857100.4;0.0;46058077.6;0.0;2308273.9;163.8;5926048.0;3383.8;9595834.8;0.0;46647014.0;14.947;226.944;0.999;2201.4;16495156.4;0.0;43635525.2;0.0;3106818.8;409.5;3760629.7;2239.2;18277706.4;0.0;44132978.9;9.916;227.584;0.983
Wed Dec  1 22:03:02 2021;1638392582.687153159;6602.4;31836744.4;0.0;130486740.8;0.0;6982327.3;718.8;15003833.8;6641.4;37231146.2;0.0;131866629.7;0.994;49.956;1027.2;10591967.7;0.0;42900711.9;0.0;2377734.8;146.0;6127646.8;1037.6;12900684.8;0.0;43327215.1;4.700;228.776;0.990;3373.5;6857157.2;0.0;46058077.6;0.0;2308273.9;163.9;5926050.8;3377.5;9595891.5;0.0;46647014.0;14.901;227.238;0.999;2201.6;16495193.4;0.0;43635525.2;0.0;3106818.8;408.9;3760636.6;2239.3;18277744.0;0.0;44132978.9;9.904;227.906;0.983
Wed Dec  1 22:04:02 2021;1638392642.173482054;6613.2;31836853.4;0.0;130486740.8;0.0;6982327.3;722.2;15003845.7;6652.5;37231255.9;0.0;131866629.7;0.994;49.942;1028.5;10591984.6;0.0;42900711.9;0.0;2377734.8;146.0;6127649.2;1038.8;12900701.9;0.0;43327215.1;4.699;229.050;0.990;3377.7;6857212.9;0.0;46058077.6;0.0;2308273.9;164.8;5926053.5;3381.7;9595947.3;0.0;46647014.0;14.895;227.604;0.999;2207.0;16495229.8;0.0;43635525.2;0.0;3106818.8;411.4;3760643.4;2245.0;18277781.0;0.0;44132978.9;9.912;228.315;0.983
Wed Dec  1 22:05:02 2021;1638392702.172848569;6619.0;31836963.6;0.0;130486740.8;0.0;6982327.3;715.5;15003857.7;6657.5;37231366.6;0.0;131866629.7;0.994;49.963;1027.8;10592001.8;0.0;42900711.9;0.0;2377734.8;143.5;6127651.6;1037.8;12900719.2;0.0;43327215.1;4.692;229.090;0.990;3381.0;6857269.2;0.0;46058077.6;0.0;2308273.9;162.9;5926056.2;3385.0;9596003.7;0.0;46647014.0;14.917;227.497;0.999;2210.1;16495266.5;0.0;43635525.2;0.0;3106818.8;409.0;3760650.2;2247.7;18277818.3;0.0;44132978.9;9.928;228.213;0.983
Wed Dec  1 22:06:02 2021;1638392762.172955132;6621.5;31837073.9;0.0;130486740.8;0.0;6982327.3;710.7;15003869.6;6659.5;37231477.7;0.0;131866629.7;0.994;49.958;1028.8;10592018.9;0.0;42900711.9;0.0;2377734.8;142.2;6127653.9;1038.5;12900736.5;0.0;43327215.1;4.700;228.811;0.991;3381.5;6857325.6;0.0;46058077.6;0.0;2308273.9;161.4;5926058.9;3385.3;9596060.1;0.0;46647014.0;14.926;227.381;0.999;2211.3;16495303.4;0.0;43635525.2;0.0;3106818.8;407.1;3760657.0;2248.4;18277855.8;0.0;44132978.9;9.939;228.006;0.983
Wed Dec  1 22:07:02 2021;1638392822.130982418;6839.1;31837186.5;0.0;130486740.8;0.0;6982327.3;505.1;15003879.5;6857.7;37231590.6;0.0;131866629.7;0.997;49.954;1239.0;10592038.1;0.0;42900711.9;59.2;2377735.4;0.0;6127655.0;1240.4;12900755.8;0.0;43327215.1;5.565;228.649;0.999;3384.3;6857382.0;0.0;46058077.6;0.0;2308273.9;159.2;5926061.6;3388.1;9596116.6;0.0;46647014.0;14.947;227.255;0.999;2215.8;16495340.3;0.0;43635525.2;0.0;3106818.8;405.1;3760663.8;2252.5;18277893.3;0.0;44132978.9;9.956;228.019;0.984
Wed Dec  1 22:08:02 2021;1638392882.617443065;6826.7;31837301.3;0.0;130486740.8;0.0;6982327.3;498.4;15003887.9;6844.9;37231705.8;0.0;131866629.7;0.997;49.962;1230.4;10592058.9;0.0;42900711.9;59.5;2377736.4;0.0;6127655.0;1231.8;12900776.6;0.0;43327215.1;5.534;228.322;0.999;3382.2;6857438.9;0.0;46058077.6;0.0;2308273.9;156.5;5926064.3;3385.8;9596173.6;0.0;46647014.0;14.951;227.039;0.999;2214.1;16495377.5;0.0;43635525.2;0.0;3106818.8;401.4;3760670.6;2250.2;18277931.2;0.0;44132978.9;9.963;227.648;0.984
Wed Dec  1 22:09:02 2021;1638392942.103698843;6859.0;31837414.3;0.0;130486740.8;0.0;6982327.3;631.4;15003896.5;6888.0;37231819.1;0.0;131866629.7;0.996;49.984;1257.2;10592079.3;0.0;42900711.9;0.0;2377737.2;75.5;6127655.2;1259.5;12900797.0;0.0;43327215.1;5.643;228.405;0.998;3385.7;6857494.8;0.0;46058077.6;0.0;2308273.9;155.5;5926066.8;3389.3;9596229.6;0.0;46647014.0;14.966;227.043;0.999;2216.1;16495414.1;0.0;43635525.2;0.0;3106818.8;400.4;3760677.2;2251.9;18277968.4;0.0;44132978.9;9.972;227.618;0.984
Wed Dec  1 22:10:02 2021;1638393002.089450113;6854.7;31837528.6;0.0;130486740.8;0.0;6982327.3;619.1;15003906.9;6882.6;37231933.9;0.0;131866629.7;0.996;49.994;1254.5;10592100.2;0.0;42900711.9;0.0;2377737.2;72.5;6127656.4;1256.6;12900818.0;0.0;43327215.1;5.637;228.121;0.998;3383.4;6857551.3;0.0;46058077.6;0.0;2308273.9;152.0;5926069.4;3386.8;9596286.1;0.0;46647014.0;14.981;226.668;0.999;2216.7;16495451.1;0.0;43635525.2;0.0;3106818.8;394.6;3760683.9;2251.6;18278005.9;0.0;44132978.9;9.985;227.283;0.985
Wed Dec  1 22:11:02 2021;1638393062.074948267;6884.3;31837643.2;0.0;130486740.8;0.0;6982327.3;625.2;15003917.3;6912.7;37232048.9;0.0;131866629.7;0.996;50.009;1252.9;10592121.1;0.0;42900711.9;0.0;2377737.2;71.7;6127657.6;1255.0;12900838.9;0.0;43327215.1;5.625;228.337;0.998;3406.9;6857607.9;0.0;46058077.6;0.0;2308273.9;158.6;5926072.0;3410.6;9596342.8;0.0;46647014.0;15.069;226.897;0.999;2224.5;16495488.1;0.0;43635525.2;0.0;3106818.8;395.0;3760690.4;2259.3;18278043.5;0.0;44132978.9;10.009;227.539;0.985
Wed Dec  1 22:12:02 2021;1638393122.073431265;6972.0;31837759.5;0.0;130486740.8;0.0;6982327.3;608.3;15003927.5;6998.5;37232165.7;0.0;131866629.7;0.996;50.021;1336.7;10592143.4;0.0;42900711.9;0.0;2377737.3;70.8;6127658.8;1338.5;12900861.2;0.0;43327215.1;5.999;227.582;0.999;3413.6;6857664.9;0.0;46058077.6;0.0;2308273.9;151.1;5926074.6;3416.9;9596399.8;0.0;46647014.0;15.144;226.291;0.999;2221.7;16495525.1;0.0;43635525.2;0.0;3106818.8;386.4;3760697.0;2255.1;18278081.1;0.0;44132978.9;10.018;226.910;0.985
Wed Dec  1 22:13:02 2021;1638393182.073150804;6965.2;31837875.5;0.0;130486740.8;0.0;6982327.3;611.7;15003937.6;6992.0;37232282.2;0.0;131866629.7;0.996;49.992;1331.9;10592165.6;0.0;42900711.9;0.0;2377737.3;74.5;6127660.0;1334.0;12900883.5;0.0;43327215.1;5.967;227.970;0.998;3404.8;6857721.7;0.0;46058077.6;0.0;2308273.9;147.1;5926077.0;3408.0;9596456.7;0.0;46647014.0;15.083;226.611;0.999;2228.5;16495562.2;0.0;43635525.2;0.0;3106818.8;390.1;3760703.4;2262.4;18278118.7;0.0;44132978.9;10.035;227.250;0.985
Wed Dec  1 22:14:02 2021;1638393242.533209321;6957.0;31837992.6;0.0;130486740.8;0.0;6982327.3;597.5;15003947.8;6982.6;37232399.7;0.0;131866629.7;0.996;49.991;1319.2;10592187.9;0.0;42900711.9;0.0;2377737.3;69.3;6127661.2;1321.0;12900905.8;0.0;43327215.1;5.915;227.751;0.999;3410.2;6857779.0;0.0;46058077.6;0.0;2308273.9;142.8;5926079.5;3413.2;9596514.1;0.0;46647014.0;15.115;226.486;0.999;2227.7;16495599.6;0.0;43635525.2;0.0;3106818.8;385.3;3760710.0;2260.7;18278156.8;0.0;44132978.9;10.036;227.051;0.985
Wed Dec  1 22:15:02 2021;1638393302.519174620;6807.1;31838107.8;0.0;130486740.8;0.0;6982327.3;788.2;15003959.0;6852.5;37232515.5;0.0;131866629.7;0.993;50.003;1160.1;10592209.0;0.0;42900711.9;0.0;2377737.3;261.3;6127663.6;1189.2;12900927.1;0.0;43327215.1;5.341;228.086;0.976;3414.7;6857835.9;0.0;46058077.6;0.0;2308273.9;142.3;5926081.9;3417.7;9596571.0;0.0;46647014.0;15.122;226.687;0.999;2232.3;16495636.8;0.0;43635525.2;0.0;3106818.8;384.5;3760716.4;2265.1;18278194.5;0.0;44132978.9;10.050;227.199;0.985
Wed Dec  1 22:16:02 2021;1638393362.504490718;6815.2;31838221.2;0.0;130486740.8;0.0;6982327.3;771.6;15003972.0;6858.7;37232629.6;0.0;131866629.7;0.994;49.999;1168.5;10592228.4;0.0;42900711.9;0.0;2377737.3;255.8;6127667.9;1196.2;12900947.0;0.0;43327215.1;5.385;227.768;0.977;3412.5;6857892.8;0.0;46058077.6;0.0;2308273.9;137.4;5926084.2;3415.3;9596627.9;0.0;46647014.0;15.130;226.418;0.999;2234.1;16495673.9;0.0;43635525.2;0.0;3106818.8;378.4;3760722.7;2265.9;18278232.2;0.0;44132978.9;10.066;226.952;0.986
Wed Dec  1 22:17:02 2021;1638393422.490834897;6841.8;31838335.1;0.0;130486740.8;0.0;6982327.3;767.7;15003984.9;6884.7;37232744.2;0.0;131866629.7;0.994;49.985;1174.6;10592247.8;0.0;42900711.9;0.0;2377737.3;254.3;6127672.2;1201.8;12900966.9;0.0;43327215.1;5.427;227.091;0.977;3428.4;6857949.9;0.0;46058077.6;0.0;2308273.9;138.3;5926086.5;3431.2;9596685.1;0.0;46647014.0;15.176;226.792;0.999;2238.8;16495711.2;0.0;43635525.2;0.0;3106818.8;375.1;3760729.0;2270.0;18278270.0;0.0;44132978.9;10.075;227.154;0.986
Wed Dec  1 22:18:02 2021;1638393482.476591581;6871.3;31838449.5;0.0;130486740.8;0.0;6982327.3;761.2;15003997.7;6913.3;37232859.3;0.0;131866629.7;0.994;49.982;1161.0;10592267.2;0.0;42900711.9;0.0;2377737.3;263.9;6127676.6;1190.6;12900986.8;0.0;43327215.1;5.445;224.162;0.975;3460.0;6858007.5;0.0;46058077.6;0.0;2308273.9;139.8;5926088.8;3462.8;9596742.7;0.0;46647014.0;15.270;227.486;0.999;2250.3;16495748.7;0.0;43635525.2;0.0;3106818.8;357.4;3760735.0;2278.5;18278307.9;0.0;44132978.9;10.096;227.562;0.988
Wed Dec  1 22:19:02 2021;1638393542.473444784;6817.8;31838563.5;0.0;130486740.8;0.0;6982327.3;738.2;15004010.3;6857.6;37232974.0;0.0;131866629.7;0.994;50.000;1158.7;10592286.6;0.0;42900711.9;0.0;2377737.3;244.7;6127681.0;1184.2;12901006.6;0.0;43327215.1;5.424;223.906;0.978;3459.7;6858065.2;0.0;46058077.6;0.0;2308273.9;140.0;5926091.2;3462.5;9596800.5;0.0;46647014.0;15.278;227.346;0.999;2199.4;16495785.6;0.0;43635525.2;0.0;3106818.8;353.6;3760741.0;2227.7;18278345.3;0.0;44132978.9;9.853;227.482;0.987
Wed Dec  1 22:20:02 2021;1638393602.473116347;6816.0;31838676.9;0.0;130486740.8;0.0;6982327.3;595.1;15004020.3;6841.9;37233087.9;0.0;131866629.7;0.996;49.985;1152.2;10592305.7;0.0;42900711.9;0.0;2377737.4;109.7;6127682.9;1157.4;12901025.9;0.0;43327215.1;5.318;223.778;0.995;3460.8;6858122.8;0.0;46058077.6;0.0;2308273.9;135.9;5926093.5;3463.5;9596858.2;0.0;46647014.0;15.292;227.210;0.999;2203.0;16495822.3;0.0;43635525.2;0.0;3106818.8;349.5;3760746.8;2230.5;18278382.4;0.0;44132978.9;9.867;227.467;0.988
Wed Dec  1 22:21:02 2021;1638393662.434202892;6831.9;31838790.7;0.0;130486740.8;0.0;6982327.3;589.3;15004030.3;6857.2;37233202.1;0.0;131866629.7;0.996;49.977;1155.2;10592325.0;0.0;42900711.9;0.0;2377737.4;107.9;6127684.7;1160.2;12901045.2;0.0;43327215.1;5.328;223.841;0.996;3469.1;6858180.6;0.0;46058077.6;0.0;2308273.9;133.3;5926095.7;3471.7;9596916.0;0.0;46647014.0;15.319;227.345;0.999;2207.5;16495859.0;0.0;43635525.2;0.0;3106818.8;348.1;3760752.7;2234.8;18278419.6;0.0;44132978.9;9.881;227.544;0.988
Wed Dec  1 22:22:02 2021;1638393722.420037080;6752.1;31838904.1;0.0;130486740.8;0.0;6982327.3;575.6;15004040.1;6776.6;37233315.9;0.0;131866629.7;0.996;49.989;1080.1;10592343.7;0.0;42900711.9;0.0;2377737.4;98.9;6127686.5;1084.6;12901064.0;0.0;43327215.1;5.010;223.821;0.996;3464.0;6858238.4;0.0;46058077.6;0.0;2308273.9;130.7;5926098.0;3466.5;9596973.9;0.0;46647014.0;15.313;227.096;0.999;2208.0;16495895.8;0.0;43635525.2;0.0;3106818.8;345.9;3760758.5;2235.0;18278456.9;0.0;44132978.9;9.890;227.363;0.988
Wed Dec  1 22:23:02 2021;1638393782.405670602;6767.6;31839016.8;0.0;130486740.8;0.0;6982327.3;571.6;15004049.7;6791.7;37233429.1;0.0;131866629.7;0.996;49.971;1084.5;10592361.8;0.0;42900711.9;0.0;2377737.4;97.8;6127688.2;1088.9;12901082.2;0.0;43327215.1;5.026;223.988;0.996;3470.5;6858296.2;0.0;46058077.6;0.0;2308273.9;129.6;5926100.2;3472.9;9597031.7;0.0;46647014.0;15.329;227.277;0.999;2212.6;16495932.7;0.0;43635525.2;0.0;3106818.8;344.2;3760764.2;2239.2;18278494.2;0.0;44132978.9;9.900;227.547;0.988
Wed Dec  1 22:24:02 2021;1638393842.392088993;6782.1;31839129.8;0.0;130486740.8;0.0;6982327.3;556.2;15004059.2;6804.9;37233542.4;0.0;131866629.7;0.997;49.975;1093.4;10592380.0;0.0;42900711.9;0.0;2377737.4;93.5;6127689.8;1097.4;12901100.5;0.0;43327215.1;5.071;223.811;0.996;3473.1;6858354.1;0.0;46058077.6;0.0;2308273.9;123.3;5926102.3;3475.3;9597089.6;0.0;46647014.0;15.356;227.053;0.999;2215.6;16495969.6;0.0;43635525.2;0.0;3106818.8;339.4;3760770.0;2241.5;18278531.5;0.0;44132978.9;9.919;227.370;0.988
Wed Dec  1 22:25:02 2021;1638393902.377820304;6781.1;31839242.9;0.0;130486740.8;0.0;6982327.3;558.9;15004068.5;6804.1;37233656.0;0.0;131866629.7;0.997;49.985;1096.9;10592398.3;0.0;42900711.9;0.0;2377737.4;93.7;6127691.4;1100.9;12901118.9;0.0;43327215.1;5.078;224.110;0.996;3462.4;6858412.0;0.0;46058077.6;0.0;2308273.9;125.1;5926104.4;3464.7;9597147.5;0.0;46647014.0;15.282;227.369;0.999;2221.8;16496006.6;0.0;43635525.2;0.0;3106818.8;340.1;3760775.7;2247.6;18278569.0;0.0;44132978.9;9.931;227.741;0.988
Wed Dec  1 22:26:02 2021;1638393962.372968513;6796.3;31839356.1;0.0;130486740.8;0.0;6982327.3;543.9;15004077.7;6818.0;37233769.5;0.0;131866629.7;0.997;49.979;1109.2;10592416.7;0.0;42900711.9;0.0;2377737.4;89.1;6127692.9;1112.7;12901137.3;0.0;43327215.1;5.138;223.962;0.997;3463.3;6858469.7;0.0;46058077.6;0.0;2308273.9;120.3;5926106.4;3465.4;9597205.3;0.0;46647014.0;15.300;227.158;0.999;2223.8;16496043.6;0.0;43635525.2;0.0;3106818.8;334.6;3760781.3;2248.8;18278606.5;0.0;44132978.9;9.944;227.568;0.989
Wed Dec  1 22:27:02 2021;1638394022.373397563;6791.2;31839469.3;0.0;130486740.8;0.0;6982327.3;540.1;15004086.8;6812.7;37233883.1;0.0;131866629.7;0.997;50.001;1092.4;10592435.0;0.0;42900711.9;0.0;2377737.4;86.8;6127694.4;1095.8;12901155.6;0.0;43327215.1;5.057;224.032;0.997;3471.1;6858527.5;0.0;46058077.6;0.0;2308273.9;118.9;5926108.4;3473.1;9597263.1;0.0;46647014.0;15.317;227.399;0.999;2227.8;16496080.7;0.0;43635525.2;0.0;3106818.8;334.4;3760786.9;2252.8;18278644.0;0.0;44132978.9;9.959;227.641;0.989
Wed Dec  1 22:28:02 2021;1638394082.373032947;6855.7;31839583.1;0.0;130486740.8;0.0;6982327.3;552.7;15004096.0;6877.9;37233997.3;0.0;131866629.7;0.997;50.016;1123.8;10592453.5;0.0;42900711.9;0.0;2377737.4;91.9;6127695.9;1127.6;12901174.2;0.0;43327215.1;5.188;224.666;0.997;3489.8;6858585.6;0.0;46058077.6;0.0;2308273.9;122.5;5926110.4;3492.0;9597321.2;0.0;46647014.0;15.355;228.063;0.999;2242.0;16496118.0;0.0;43635525.2;0.0;3106818.8;338.4;3760792.5;2267.4;18278681.7;0.0;44132978.9;9.987;228.465;0.989
Wed Dec  1 22:29:02 2021;1638394142.321882592;6850.0;31839697.1;0.0;130486740.8;0.0;6982327.3;533.9;15004105.0;6870.7;37234111.6;0.0;131866629.7;0.997;49.979;1120.0;10592472.1;0.0;42900711.9;0.0;2377737.4;85.5;6127697.3;1123.3;12901192.9;0.0;43327215.1;5.178;224.350;0.997;3487.0;6858643.7;0.0;46058077.6;0.0;2308273.9;117.0;5926112.4;3489.0;9597379.3;0.0;46647014.0;15.367;227.710;0.999;2242.9;16496155.3;0.0;43635525.2;0.0;3106818.8;331.4;3760798.1;2267.3;18278719.4;0.0;44132978.9;10.003;228.133;0.989
Wed Dec  1 22:30:02 2021;1638394202.807859372;6872.1;31839812.5;0.0;130486740.8;0.0;6982327.3;534.5;15004114.0;6892.8;37234227.4;0.0;131866629.7;0.997;49.992;1120.1;10592490.9;0.0;42900711.9;0.0;2377737.4;86.1;6127698.8;1123.4;12901211.8;0.0;43327215.1;5.168;224.780;0.997;3503.6;6858702.5;0.0;46058077.6;0.0;2308273.9;116.7;5926114.4;3505.5;9597438.2;0.0;46647014.0;15.403;228.265;0.999;2248.3;16496193.1;0.0;43635525.2;0.0;3106818.8;331.7;3760803.7;2272.7;18278757.6;0.0;44132978.9;10.009;228.532;0.989
Wed Dec  1 22:31:02 2021;1638394262.293394589;6873.5;31839926.1;0.0;130486740.8;0.0;6982327.3;518.7;15004122.7;6893.1;37234341.3;0.0;131866629.7;0.997;49.979;1128.4;10592509.5;0.0;42900711.9;0.0;2377737.4;81.4;6127700.2;1131.3;12901230.4;0.0;43327215.1;5.215;224.361;0.997;3496.5;6858760.3;0.0;46058077.6;0.0;2308273.9;112.0;5926116.3;3498.3;9597496.1;0.0;46647014.0;15.396;227.893;0.999;2248.6;16496230.2;0.0;43635525.2;0.0;3106818.8;325.3;3760809.1;2272.0;18278795.1;0.0;44132978.9;10.023;228.162;0.990
Wed Dec  1 22:32:02 2021;1638394322.279306161;6872.4;31840040.7;0.0;130486740.8;0.0;6982327.3;508.9;15004131.3;6891.2;37234456.2;0.0;131866629.7;0.997;49.977;1118.3;10592528.2;0.0;42900711.9;0.0;2377737.4;77.5;6127701.5;1121.0;12901249.1;0.0;43327215.1;5.168;224.375;0.998;3500.9;6858818.7;0.0;46058077.6;0.0;2308273.9;108.9;5926118.1;3502.6;9597554.4;0.0;46647014.0;15.416;227.879;1.000;2253.2;16496267.7;0.0;43635525.2;0.0;3106818.8;322.5;3760814.5;2276.2;18278833.0;0.0;44132978.9;10.040;228.215;0.990
Wed Dec  1 22:33:02 2021;1638394382.273389304;6890.2;31840155.5;0.0;130486740.8;0.0;6982327.3;491.0;15004139.7;6907.6;37234571.3;0.0;131866629.7;0.997;49.991;1129.8;10592547.0;0.0;42900711.9;0.0;2377737.4;71.3;6127702.8;1132.1;12901268.0;0.0;43327215.1;5.226;224.329;0.998;3503.3;6858877.1;0.0;46058077.6;0.0;2308273.9;102.8;5926119.9;3504.8;9597612.9;0.0;46647014.0;15.434;227.771;1.000;2257.1;16496305.3;0.0;43635525.2;0.0;3106818.8;316.8;3760819.9;2279.2;18278871.0;0.0;44132978.9;10.058;228.150;0.990
Wed Dec  1 22:34:02 2021;1638394442.273124530;6896.5;31840270.3;0.0;130486740.8;0.0;6982327.3;486.5;15004148.0;6913.7;37234686.4;0.0;131866629.7;0.998;50.000;1123.9;10592565.7;0.0;42900711.9;0.0;2377737.4;68.6;6127704.0;1126.0;12901286.7;0.0;43327215.1;5.177;225.263;0.998;3509.3;6858935.6;0.0;46058077.6;0.0;2308273.9;99.7;5926121.6;3510.8;9597671.4;0.0;46647014.0;15.448;227.967;1.000;2263.3;16496342.9;0.0;43635525.2;0.0;3106818.8;318.2;3760825.2;2285.5;18278909.0;0.0;44132978.9;10.076;228.418;0.990
Wed Dec  1 22:35:02 2021;1638394502.273152040;6904.7;31840385.2;0.0;130486740.8;0.0;6982327.3;490.3;15004156.1;6922.1;37234801.6;0.0;131866629.7;0.997;50.003;1129.2;10592584.5;0.0;42900711.9;0.0;2377737.4;69.7;6127705.1;1131.4;12901305.5;0.0;43327215.1;5.195;225.172;0.998;3510.9;6858994.1;0.0;46058077.6;0.0;2308273.9;101.4;5926123.3;3512.4;9597729.9;0.0;46647014.0;15.454;227.964;1.000;2264.6;16496380.6;0.0;43635525.2;0.0;3106818.8;319.1;3760830.5;2287.0;18278947.1;0.0;44132978.9;10.083;228.337;0.990
Wed Dec  1 22:36:02 2021;1638394562.723932329;6914.2;31840501.3;0.0;130486740.8;111.3;6982328.7;0.0;15004158.1;6915.1;37234917.8;0.0;131866629.7;1.000;50.017;1129.7;10592603.4;0.0;42900711.9;121.6;2377738.9;0.0;6127705.4;1136.2;12901324.5;0.0;43327215.1;5.191;225.345;0.994;3516.9;6859053.2;0.0;46058077.6;103.9;2308275.2;0.0;5926123.7;3518.4;9597789.0;0.0;46647014.0;15.466;228.105;1.000;2267.7;16496418.7;0.0;43635525.2;0.0;3106818.8;114.1;3760833.3;2270.6;18278985.3;0.0;44132978.9;9.997;228.476;0.999
Wed Dec  1 22:37:02 2021;1638394622.710032781;6944.2;31840616.7;0.0;130486740.8;125.0;6982330.7;0.0;15004158.1;6945.3;37235033.2;0.0;131866629.7;1.000;50.000;1142.8;10592622.2;0.0;42900711.9;126.2;2377741.0;0.0;6127705.4;1149.7;12901343.5;0.0;43327215.1;5.252;225.521;0.994;3526.8;6859111.9;0.0;46058077.6;108.5;2308276.9;0.0;5926123.7;3528.4;9597847.7;0.0;46647014.0;15.499;228.273;1.000;2274.7;16496456.6;0.0;43635525.2;0.0;3106818.8;109.7;3760835.1;2277.3;18279023.1;0.0;44132978.9;10.020;228.643;0.999
Wed Dec  1 22:38:02 2021;1638394682.695835727;6931.8;31840732.2;0.0;130486740.8;143.8;6982332.9;0.0;15004158.1;6933.3;37235148.7;0.0;131866629.7;1.000;50.028;1140.3;10592641.2;0.0;42900711.9;131.7;2377743.1;0.0;6127705.4;1147.9;12901362.6;0.0;43327215.1;5.256;225.067;0.993;3519.3;6859170.5;0.0;46058077.6;114.9;2308278.8;0.0;5926123.7;3521.2;9597906.4;0.0;46647014.0;15.498;227.826;0.999;2272.2;16496494.4;0.0;43635525.2;0.0;3106818.8;102.8;3760836.9;2274.6;18279061.0;0.0;44132978.9;10.029;228.205;0.999
Wed Dec  1 22:39:02 2021;1638394742.681894328;6954.0;31840848.0;0.0;130486740.8;136.3;6982335.2;0.0;15004158.1;6955.3;37235264.5;0.0;131866629.7;1.000;50.022;1143.2;10592660.2;0.0;42900711.9;129.5;2377745.3;0.0;6127705.4;1150.5;12901381.7;0.0;43327215.1;5.252;225.619;0.994;3534.1;6859229.3;0.0;46058077.6;113.6;2308280.7;0.0;5926123.7;3535.9;9597965.3;0.0;46647014.0;15.527;228.348;0.999;2276.7;16496532.3;0.0;43635525.2;0.0;3106818.8;106.9;3760838.7;2279.2;18279099.0;0.0;44132978.9;10.035;228.490;0.999
Wed Dec  1 22:40:02 2021;1638394802.673720219;7030.0;31840965.4;0.0;130486740.8;140.1;6982338.0;0.0;15004158.1;7031.3;37235382.0;0.0;131866629.7;1.000;50.008;1212.8;10592680.8;0.0;42900711.9;125.3;2377747.8;0.0;6127705.4;1219.3;12901402.5;0.0;43327215.1;5.544;225.521;0.995;3537.5;6859288.3;0.0;46058077.6;117.2;2308282.6;0.0;5926123.7;3539.4;9598024.2;0.0;46647014.0;15.546;228.305;0.999;2279.7;16496570.3;0.0;43635525.2;0.0;3106818.8;102.4;3760840.4;2282.0;18279137.0;0.0;44132978.9;10.049;228.470;0.999
Wed Dec  1 22:41:02 2021;1638394862.673663717;7070.4;31841082.8;0.0;130486740.8;0.0;6982338.9;61.5;15004158.3;7070.6;37235499.4;0.0;131866629.7;1.000;49.998;1253.4;10592701.3;0.0;42900711.9;0.0;2377748.5;85.1;6127705.8;1256.3;12901423.0;0.0;43327215.1;5.711;225.219;0.998;3534.0;6859347.2;0.0;46058077.6;122.1;2308284.7;0.0;5926123.7;3536.1;9598083.2;0.0;46647014.0;15.550;228.035;0.999;2282.9;16496608.2;0.0;43635525.2;0.0;3106818.8;98.4;3760842.1;2285.0;18279175.0;0.0;44132978.9;10.081;228.092;0.999
Wed Dec  1 22:42:02 2021;1638394922.673789829;7078.5;31841200.9;0.0;130486740.8;0.0;6982338.9;111.3;15004160.4;7079.4;37235617.5;0.0;131866629.7;1.000;50.006;1264.2;10592722.4;0.0;42900711.9;0.0;2377748.5;146.6;6127708.3;1272.6;12901444.3;0.0;43327215.1;5.788;224.873;0.993;3532.0;6859406.1;0.0;46058077.6;127.0;2308286.7;0.0;5926123.7;3534.3;9598142.2;0.0;46647014.0;15.558;227.816;0.999;2282.4;16496646.3;0.0;43635525.2;0.0;3106818.8;91.7;3760843.7;2284.2;18279213.1;0.0;44132978.9;10.094;227.738;0.999
Wed Dec  1 22:43:02 2021;1638394982.625160390;7062.8;31841319.1;0.0;130486740.8;0.0;6982338.9;112.7;15004162.3;7063.7;37235735.7;0.0;131866629.7;1.000;50.026;1235.7;10592743.5;0.0;42900711.9;0.0;2377748.5;146.7;6127710.7;1244.4;12901465.5;0.0;43327215.1;5.661;224.872;0.993;3536.0;6859465.0;0.0;46058077.6;125.8;2308288.8;0.0;5926123.7;3538.2;9598201.1;0.0;46647014.0;15.570;227.879;0.999;2291.0;16496684.4;0.0;43635525.2;0.0;3106818.8;91.8;3760845.2;2292.9;18279251.2;0.0;44132978.9;10.119;228.025;0.999
Wed Dec  1 22:44:02 2021;1638395042.610813149;7153.6;31841437.5;0.0;130486740.8;0.0;6982339.0;7.1;15004163.5;7153.6;37235854.2;0.0;131866629.7;1.000;50.009;1312.0;10592764.7;0.0;42900711.9;0.0;2377748.6;51.4;6127712.5;1313.0;12901486.8;0.0;43327215.1;5.965;224.853;0.999;3544.7;6859524.1;0.0;46058077.6;130.4;2308290.9;0.0;5926123.7;3547.1;9598260.3;0.0;46647014.0;15.604;227.976;0.999;2296.9;16496722.7;0.0;43635525.2;0.0;3106818.8;86.1;3760846.7;2298.5;18279289.5;0.0;44132978.9;10.139;228.167;0.999
Wed Dec  1 22:45:02 2021;1638395102.597295392;7127.2;31841556.3;0.0;130486740.8;171.4;6982341.4;0.0;15004163.5;7129.3;37235973.0;0.0;131866629.7;1.000;49.991;1261.9;10592785.8;0.0;42900711.9;132.9;2377750.4;0.0;6127712.7;1268.8;12901508.0;0.0;43327215.1;5.760;225.468;0.995;3558.9;6859583.4;0.0;46058077.6;128.6;2308293.1;0.0;5926123.7;3561.3;9598319.5;0.0;46647014.0;15.627;228.534;0.999;2306.4;16496761.1;0.0;43635525.2;0.0;3106818.8;90.1;3760848.2;2308.2;18279327.9;0.0;44132978.9;10.152;228.804;0.999
Wed Dec  1 22:46:02 2021;1638395162.582778962;7133.2;31841675.2;0.0;130486740.8;190.5;6982344.4;0.0;15004163.5;7135.8;37236091.9;0.0;131866629.7;1.000;49.977;1263.9;10592806.9;0.0;42900711.9;138.6;2377752.7;0.0;6127712.7;1271.4;12901529.2;0.0;43327215.1;5.786;225.032;0.994;3562.5;6859642.8;0.0;46058077.6;134.5;2308295.3;0.0;5926123.7;3565.1;9598379.0;0.0;46647014.0;15.647;228.495;0.999;2306.8;16496799.5;0.0;43635525.2;0.0;3106818.8;82.6;3760849.6;2308.3;18279366.4;0.0;44132978.9;10.160;228.690;0.999
Wed Dec  1 22:47:02 2021;1638395222.573414280;7148.0;31841794.2;0.0;130486740.8;197.9;6982347.6;0.0;15004163.5;7150.7;37236210.9;0.0;131866629.7;1.000;49.963;1270.2;10592828.0;0.0;42900711.9;141.2;2377755.0;0.0;6127712.7;1278.1;12901550.5;0.0;43327215.1;5.818;224.921;0.994;3564.6;6859702.1;0.0;46058077.6;136.2;2308297.5;0.0;5926123.7;3567.2;9598438.4;0.0;46647014.0;15.662;228.415;0.999;2313.2;16496838.0;0.0;43635525.2;0.0;3106818.8;79.5;3760851.0;2314.5;18279404.9;0.0;44132978.9;10.187;228.694;0.999
Wed Dec  1 22:48:02 2021;1638395282.573481569;4498.1;31841901.0;0.0;130486740.8;0.0;6982349.8;728.6;15004167.0;4556.8;37236318.0;0.0;131866629.7;0.987;49.952;490.3;10592845.6;0.0;42900711.9;0.0;2377756.6;155.5;6127713.4;514.3;12901568.2;0.0;43327215.1;2.426;225.014;0.953;2566.7;6859756.8;0.0;46058077.6;0.0;2308299.1;176.0;5926124.5;2572.7;9598493.1;0.0;46647014.0;11.253;228.658;0.998;1441.1;16496872.5;0.0;43635525.2;0.0;3106818.8;397.1;3760853.9;1494.9;18279439.7;0.0;44132978.9;6.552;228.921;0.964
Wed Dec  1 22:49:02 2021;1638395342.573131098;4410.4;31841975.6;0.0;130486740.8;0.0;6982349.8;726.8;15004179.2;4469.9;37236393.6;0.0;131866629.7;0.987;49.982;408.2;10592853.3;0.0;42900711.9;0.0;2377756.6;153.9;6127716.0;436.2;12901576.4;0.0;43327215.1;2.096;224.967;0.936;2563.8;6859799.6;0.0;46058077.6;0.0;2308299.1;176.1;5926127.5;2569.8;9598536.0;0.0;46647014.0;11.247;228.533;0.998;1438.4;16496896.6;0.0;43635525.2;0.0;3106818.8;396.8;3760860.5;1492.1;18279464.6;0.0;44132978.9;6.544;228.769;0.964
Wed Dec  1 22:50:02 2021;1638395402.526740639;4414.7;31842049.1;0.0;130486740.8;0.0;6982349.8;726.7;15004191.3;4474.1;37236468.1;0.0;131866629.7;0.987;50.008;409.9;10592860.2;0.0;42900711.9;0.0;2377756.6;154.7;6127718.5;438.1;12901583.7;0.0;43327215.1;2.105;224.975;0.936;2564.6;6859842.3;0.0;46058077.6;0.0;2308299.1;175.1;5926130.4;2570.6;9598578.9;0.0;46647014.0;11.252;228.502;0.998;1440.1;16496920.5;0.0;43635525.2;0.0;3106818.8;397.0;3760867.1;1493.8;18279489.5;0.0;44132978.9;6.553;228.756;0.964
Wed Dec  1 22:51:02 2021;1638395462.512269599;4399.7;31842122.6;0.0;130486740.8;0.0;6982349.8;724.3;15004203.3;4458.9;37236542.5;0.0;131866629.7;0.987;49.981;408.1;10592867.0;0.0;42900711.9;0.0;2377756.6;154.1;6127721.1;436.2;12901591.0;0.0;43327215.1;2.093;224.606;0.936;2556.3;6859885.0;0.0;46058077.6;0.0;2308299.1;174.7;5926133.3;2562.3;9598621.6;0.0;46647014.0;11.234;228.125;0.998;1435.2;16496944.5;0.0;43635525.2;0.0;3106818.8;395.5;3760873.7;1488.7;18279514.3;0.0;44132978.9;6.541;228.383;0.964
Wed Dec  1 22:52:01 2021;1638395521.498673986;4439.2;31842194.9;0.0;130486740.8;0.0;6982349.8;720.7;15004215.2;4497.4;37236615.8;0.0;131866629.7;0.987;49.989;390.3;10592873.3;0.0;42900711.9;0.0;2377756.6;148.2;6127723.6;417.5;12901597.8;0.0;43327215.1;2.014;224.893;0.935;2611.0;6859927.4;0.0;46058077.6;0.0;2308299.1;176.0;5926136.2;2616.9;9598664.1;0.0;46647014.0;11.457;228.444;0.998;1438.0;16496968.0;0.0;43635525.2;0.0;3106818.8;396.5;3760880.2;1491.7;18279538.8;0.0;44132978.9;6.545;228.664;0.964
Wed Dec  1 22:53:01 2021;1638395581.484188804;4482.9;31842269.2;0.0;130486740.8;0.0;6982349.8;732.2;15004227.3;4542.3;37236691.2;0.0;131866629.7;0.987;49.999;395.8;10592880.0;0.0;42900711.9;0.0;2377756.6;155.0;6127726.1;425.1;12901604.9;0.0;43327215.1;2.034;225.111;0.931;2615.4;6859971.0;0.0;46058077.6;0.0;2308299.1;176.1;5926139.1;2621.3;9598707.8;0.0;46647014.0;11.467;228.637;0.998;1471.8;16496992.2;0.0;43635525.2;0.0;3106818.8;401.1;3760886.9;1525.4;18279563.8;0.0;44132978.9;6.702;228.854;0.965
Wed Dec  1 22:54:01 2021;1638395641.473150679;4328.3;31842342.7;0.0;130486740.8;0.0;6982349.8;712.3;15004239.3;4386.5;37236765.6;0.0;131866629.7;0.987;50.010;241.5;10592885.3;0.0;42900711.9;0.0;2377756.6;134.7;6127728.5;276.5;12901610.7;0.0;43327215.1;1.448;225.165;0.873;2614.7;6860014.6;0.0;46058077.6;0.0;2308299.1;176.3;5926142.1;2620.7;9598751.5;0.0;46647014.0;11.465;228.612;0.998;1472.1;16497016.7;0.0;43635525.2;0.0;3106818.8;401.3;3760893.6;1525.8;18279589.3;0.0;44132978.9;6.704;228.865;0.965
Wed Dec  1 22:55:01 2021;1638395701.473033061;4313.3;31842414.6;0.0;130486740.8;0.0;6982349.8;717.6;15004251.2;4372.6;37236838.5;0.0;131866629.7;0.986;50.003;254.3;10592889.4;0.0;42900711.9;0.0;2377756.6;134.9;6127730.7;287.9;12901615.4;0.0;43327215.1;1.508;224.992;0.883;2588.3;6860057.9;0.0;46058077.6;0.0;2308299.1;182.1;5926145.0;2594.7;9598794.9;0.0;46647014.0;11.364;228.365;0.998;1470.7;16497041.2;0.0;43635525.2;0.0;3106818.8;400.6;3760900.2;1524.3;18279614.7;0.0;44132978.9;6.704;228.661;0.965
Wed Dec  1 22:56:01 2021;1638395761.472976350;4325.6;31842486.5;0.0;130486740.8;0.0;6982349.8;720.7;15004263.1;4385.2;37236911.3;0.0;131866629.7;0.986;50.016;256.4;10592893.6;0.0;42900711.9;0.0;2377756.6;136.8;6127733.0;290.6;12901620.2;0.0;43327215.1;1.512;225.314;0.882;2595.5;6860101.1;0.0;46058077.6;0.0;2308299.1;182.9;5926148.1;2601.9;9598838.2;0.0;46647014.0;11.381;228.668;0.998;1473.7;16497065.7;0.0;43635525.2;0.0;3106818.8;401.0;3760906.9;1527.3;18279640.1;0.0;44132978.9;6.711;228.875;0.965
Wed Dec  1 22:57:01 2021;1638395821.428350902;4312.9;31842558.3;0.0;130486740.8;0.0;6982349.8;717.0;15004275.1;4372.0;37236984.2;0.0;131866629.7;0.986;49.997;247.7;10592897.7;0.0;42900711.9;0.0;2377756.6;133.8;6127735.2;281.5;12901624.9;0.0;43327215.1;1.473;225.099;0.880;2592.9;6860144.3;0.0;46058077.6;0.0;2308299.1;182.7;5926151.1;2599.4;9598881.5;0.0;46647014.0;11.376;228.537;0.998;1472.2;16497090.3;0.0;43635525.2;0.0;3106818.8;400.4;3760913.6;1525.7;18279665.5;0.0;44132978.9;6.704;228.849;0.965
Wed Dec  1 22:58:01 2021;1638395881.414210504;4304.0;31842630.2;0.0;130486740.8;0.0;6982349.8;717.5;15004287.1;4363.4;37237057.0;0.0;131866629.7;0.986;50.028;243.2;10592901.9;0.0;42900711.9;0.0;2377756.6;134.5;6127737.5;277.9;12901629.6;0.0;43327215.1;1.454;225.174;0.875;2590.1;6860187.5;0.0;46058077.6;0.0;2308299.1;182.6;5926154.1;2596.6;9598924.8;0.0;46647014.0;11.369;228.436;0.998;1470.7;16497114.8;0.0;43635525.2;0.0;3106818.8;400.3;3760920.2;1524.2;18279690.9;0.0;44132978.9;6.702;228.698;0.965
Wed Dec  1 22:59:01 2021;1638395941.399859383;4295.5;31842701.8;0.0;130486740.8;0.0;6982349.8;715.9;15004299.0;4354.7;37237129.6;0.0;131866629.7;0.986;50.003;241.0;10592905.9;0.0;42900711.9;0.0;2377756.6;134.0;6127739.7;275.7;12901634.2;0.0;43327215.1;1.448;225.059;0.874;2586.4;6860230.6;0.0;46058077.6;0.0;2308299.1;182.4;5926157.2;2592.8;9598968.0;0.0;46647014.0;11.361;228.257;0.998;1468.1;16497139.2;0.0;43635525.2;0.0;3106818.8;399.5;3760926.9;1521.5;18279716.2;0.0;44132978.9;6.695;228.541;0.965
Wed Dec  1 23:00:01 2021;1638396001.886499043;505.0;31842757.6;0.0;130486740.8;0.0;6982349.8;721.0;15004311.1;880.3;37237187.7;0.0;131866629.7;0.574;50.004;246.9;10592910.1;0.0;42900711.9;0.0;2377756.6;140.7;6127742.0;284.2;12901639.0;0.0;43327215.1;1.486;224.148;0.869;67.4;6860263.0;0.0;46058077.6;0.0;2308299.1;164.7;5926160.2;177.9;9599001.0;0.0;46647014.0;0.804;229.230;0.379;190.7;16497158.3;0.0;43635525.2;0.0;3106818.8;415.7;3760933.7;457.3;18279737.2;0.0;44132978.9;2.122;228.440;0.417
Wed Dec  1 23:01:01 2021;1638396061.373136497;501.4;31842765.9;0.0;130486740.8;0.0;6982349.8;713.1;15004322.9;871.7;37237202.3;0.0;131866629.7;0.575;50.009;251.8;10592914.3;0.0;42900711.9;0.0;2377756.6;140.5;6127744.3;288.3;12901643.8;0.0;43327215.1;1.508;223.187;0.873;67.2;6860264.2;0.0;46058077.6;0.0;2308299.1;163.2;5926162.9;176.5;9599003.9;0.0;46647014.0;0.801;228.346;0.381;182.4;16497161.5;0.0;43635525.2;0.0;3106818.8;409.4;3760940.5;448.2;18279744.7;0.0;44132978.9;2.095;227.547;0.407
Wed Dec  1 23:02:01 2021;1638396121.372841195;619.3;31842775.9;0.0;130486740.8;0.0;6982349.8;716.5;15004334.9;947.1;37237217.9;0.0;131866629.7;0.654;49.992;369.3;10592920.1;0.0;42900711.9;0.0;2377756.6;141.5;6127746.7;395.5;12901650.1;0.0;43327215.1;1.933;223.659;0.934;67.4;6860265.3;0.0;46058077.6;0.0;2308299.1;163.9;5926165.6;177.3;9599006.9;0.0;46647014.0;0.803;228.839;0.380;182.6;16497164.5;0.0;43635525.2;0.0;3106818.8;411.1;3760947.4;449.8;18279752.2;0.0;44132978.9;2.098;228.080;0.406
Wed Dec  1 23:03:01 2021;1638396181.874089626;709.7;31842787.2;0.0;130486740.8;0.0;6982349.8;719.4;15004347.0;1010.5;37237234.4;0.0;131866629.7;0.702;49.984;458.8;10592927.1;0.0;42900711.9;0.0;2377756.6;143.4;6127749.1;480.7;12901657.5;0.0;43327215.1;2.289;223.825;0.954;67.6;6860266.4;0.0;46058077.6;0.0;2308299.1;164.3;5926168.4;177.7;9599009.9;0.0;46647014.0;0.804;229.056;0.381;183.3;16497167.6;0.0;43635525.2;0.0;3106818.8;411.7;3760954.3;450.6;18279759.7;0.0;44132978.9;2.101;228.354;0.407
Wed Dec  1 23:04:01 2021;1638396241.831086586;859.8;31842800.4;0.0;130486740.8;0.0;6982349.8;701.8;15004358.8;1109.9;37237252.1;0.0;131866629.7;0.775;49.974;486.6;10592935.2;0.0;42900711.9;0.0;2377756.6;150.1;6127751.6;509.2;12901665.9;0.0;43327215.1;2.439;223.675;0.956;192.2;6860268.5;0.0;46058077.6;0.0;2308299.1;140.6;5926170.9;238.1;9599013.3;0.0;46647014.0;1.294;228.749;0.807;181.1;16497170.6;0.0;43635525.2;0.0;3106818.8;411.1;3760961.1;449.3;18279767.2;0.0;44132978.9;2.092;228.112;0.403
Wed Dec  1 23:05:01 2021;1638396301.815849143;4023.7;31842837.8;0.0;130486740.8;492.9;6982352.4;0.0;15004365.2;4053.8;37237291.4;0.0;131866629.7;0.993;49.983;1518.9;10592950.8;0.0;42900711.9;240.3;2377757.9;0.0;6127752.8;1537.8;12901681.8;0.0;43327215.1;7.049;223.293;0.988;1260.3;6860279.6;0.0;46058077.6;245.4;2308300.4;0.0;5926172.1;1284.0;9599024.8;0.0;46647014.0;5.767;228.461;0.982;1244.5;16497181.4;0.0;43635525.2;7.2;3106818.8;0.0;3760965.2;1244.5;18279780.0;0.0;44132978.9;5.634;227.770;1.000
Wed Dec  1 23:06:01 2021;1638396361.803802113;4565.4;31842910.3;0.0;130486740.8;802.9;6982362.9;0.0;15004365.2;4635.5;37237364.6;0.0;131866629.7;0.985;49.993;1822.0;10592978.2;0.0;42900711.9;467.1;2377763.1;0.0;6127752.8;1880.9;12901709.7;0.0;43327215.1;8.561;223.195;0.969;1381.8;6860302.2;0.0;46058077.6;285.5;2308305.1;0.0;5926172.1;1411.0;9599047.9;0.0;46647014.0;6.313;228.428;0.979;1361.6;16497203.8;0.0;43635525.2;50.3;3106819.5;0.0;3760965.2;1362.5;18279802.3;0.0;44132978.9;6.137;227.877;0.999
Wed Dec  1 23:07:01 2021;1638396421.787609331;4461.4;31842985.3;0.0;130486740.8;801.8;6982376.1;0.0;15004365.2;4532.9;37237440.8;0.0;131866629.7;0.984;49.968;1732.9;10593008.1;0.0;42900711.9;468.8;2377770.8;0.0;6127752.8;1795.2;12901740.5;0.0;43327215.1;8.184;223.276;0.965;1374.8;6860325.0;0.0;46058077.6;284.6;2308309.7;0.0;5926172.1;1403.9;9599071.2;0.0;46647014.0;6.281;228.506;0.979;1353.7;16497226.2;0.0;43635525.2;48.5;3106820.2;0.0;3760965.2;1354.6;18279824.8;0.0;44132978.9;6.105;227.841;0.999
Wed Dec  1 23:08:01 2021;1638396481.773701174;4586.9;31843059.3;0.0;130486740.8;875.9;6982389.6;0.0;15004365.2;4669.8;37237516.1;0.0;131866629.7;0.982;49.984;1785.8;10593036.9;0.0;42900711.9;513.5;2377778.9;0.0;6127752.8;1858.1;12901770.4;0.0;43327215.1;8.470;223.045;0.961;1411.6;6860347.8;0.0;46058077.6;298.3;2308314.5;0.0;5926172.1;1442.7;9599094.4;0.0;46647014.0;6.451;228.335;0.978;1389.6;16497248.6;0.0;43635525.2;64.2;3106821.0;0.0;3760965.2;1391.1;18279847.2;0.0;44132978.9;6.265;227.665;0.999
Wed Dec  1 23:09:01 2021;1638396541.773800943;4582.4;31843136.2;0.0;130486740.8;904.4;6982404.6;0.0;15004365.2;4670.8;37237594.4;0.0;131866629.7;0.981;49.978;1690.7;10593065.7;0.0;42900711.9;500.5;2377787.3;0.0;6127752.8;1763.2;12901800.5;0.0;43327215.1;8.052;223.047;0.959;1456.7;6860372.0;0.0;46058077.6;318.7;2308319.7;0.0;5926172.1;1491.1;9599119.2;0.0;46647014.0;6.662;228.217;0.977;1435.0;16497272.4;0.0;43635525.2;85.2;3106822.4;0.0;3760965.2;1437.6;18279871.1;0.0;44132978.9;6.468;227.534;0.998
Wed Dec  1 23:10:01 2021;1638396601.773721474;4524.3;31843211.7;0.0;130486740.8;881.0;6982419.4;0.0;15004365.2;4609.3;37237671.3;0.0;131866629.7;0.982;50.003;1660.9;10593093.4;0.0;42900711.9;493.1;2377795.5;0.0;6127752.8;1732.6;12901829.4;0.0;43327215.1;7.904;223.313;0.959;1441.8;6860396.1;0.0;46058077.6;311.2;2308324.9;0.0;5926172.1;1475.0;9599143.8;0.0;46647014.0;6.585;228.556;0.977;1421.6;16497296.1;0.0;43635525.2;76.6;3106823.7;0.0;3760965.2;1423.6;18279894.8;0.0;44132978.9;6.401;227.847;0.999
Wed Dec  1 23:11:01 2021;1638396661.731950936;4641.7;31843287.1;0.0;130486740.8;928.3;6982434.2;0.0;15004365.2;4733.7;37237748.1;0.0;131866629.7;0.981;49.990;1701.5;10593121.0;0.0;42900711.9;508.9;2377803.8;0.0;6127752.8;1776.0;12901858.2;0.0;43327215.1;8.099;223.275;0.958;1479.7;6860420.1;0.0;46058077.6;326.0;2308330.1;0.0;5926172.1;1515.1;9599168.4;0.0;46647014.0;6.757;228.565;0.977;1460.6;16497319.9;0.0;43635525.2;93.4;3106825.0;0.0;3760965.2;1463.6;18279918.6;0.0;44132978.9;6.568;227.978;0.998
Wed Dec  1 23:12:01 2021;1638396721.717346823;4717.0;31843365.5;0.0;130486740.8;954.2;6982450.1;0.0;15004365.2;4812.5;37237828.2;0.0;131866629.7;0.980;50.006;1723.5;10593149.6;0.0;42900711.9;517.7;2377812.4;0.0;6127752.8;1799.6;12901888.0;0.0;43327215.1;8.203;223.275;0.958;1504.6;6860445.2;0.0;46058077.6;336.3;2308335.7;0.0;5926172.1;1541.7;9599194.1;0.0;46647014.0;6.872;228.500;0.976;1488.9;16497344.6;0.0;43635525.2;100.2;3106826.7;0.0;3760965.2;1492.3;18279943.4;0.0;44132978.9;6.696;227.915;0.998
Wed Dec  1 23:13:01 2021;1638396781.703825585;4771.5;31843444.4;0.0;130486740.8;983.9;6982466.2;0.0;15004365.2;4871.8;37237908.7;0.0;131866629.7;0.979;49.978;1737.0;10593178.3;0.0;42900711.9;525.9;2377821.1;0.0;6127752.8;1814.8;12901918.1;0.0;43327215.1;8.284;222.861;0.957;1524.4;6860470.4;0.0;46058077.6;345.6;2308341.4;0.0;5926172.1;1563.1;9599220.0;0.0;46647014.0;6.977;228.059;0.975;1510.1;16497369.6;0.0;43635525.2;112.4;3106828.5;0.0;3760965.2;1514.3;18279968.5;0.0;44132978.9;6.800;227.539;0.997
Wed Dec  1 23:14:01 2021;1638396841.688627237;4818.9;31843524.1;0.0;130486740.8;1009.5;6982482.8;0.0;15004365.2;4923.5;37237990.1;0.0;131866629.7;0.979;49.971;1750.5;10593207.2;0.0;42900711.9;534.7;2377829.9;0.0;6127752.8;1830.4;12901948.3;0.0;43327215.1;8.351;222.897;0.956;1542.3;6860495.9;0.0;46058077.6;354.3;2308347.2;0.0;5926172.1;1582.5;9599246.1;0.0;46647014.0;7.061;228.014;0.975;1526.1;16497394.8;0.0;43635525.2;120.4;3106830.4;0.0;3760965.2;1530.8;18279993.8;0.0;44132978.9;6.873;227.481;0.997
Wed Dec  1 23:15:01 2021;1638396901.675203008;4705.1;31843602.2;0.0;130486740.8;876.2;6982497.3;0.0;15004365.2;4786.0;37238069.6;0.0;131866629.7;0.983;49.979;1609.7;10593234.1;0.0;42900711.9;365.7;2377836.1;0.0;6127752.8;1650.7;12901975.9;0.0;43327215.1;7.552;223.163;0.975;1544.8;6860521.5;0.0;46058077.6;374.7;2308353.4;0.0;5926172.1;1589.6;9599272.4;0.0;46647014.0;7.086;228.178;0.972;1550.7;16497420.5;0.0;43635525.2;135.8;3106832.6;0.0;3760965.2;1556.6;18280019.6;0.0;44132978.9;6.982;227.529;0.996
Wed Dec  1 23:16:01 2021;1638396961.673693708;4809.0;31843681.7;0.0;130486740.8;891.8;6982512.2;0.0;15004365.2;4890.9;37238150.4;0.0;131866629.7;0.983;49.971;1695.1;10593261.8;0.0;42900711.9;368.0;2377842.4;0.0;6127752.8;1734.6;12902004.3;0.0;43327215.1;7.930;222.846;0.977;1554.7;6860547.3;0.0;46058077.6;380.1;2308359.7;0.0;5926172.1;1600.5;9599299.1;0.0;46647014.0;7.140;227.958;0.971;1559.1;16497446.5;0.0;43635525.2;143.7;3106834.9;0.0;3760965.2;1565.7;18280045.6;0.0;44132978.9;7.028;227.256;0.996
Wed Dec  1 23:17:01 2021;1638397021.673697067;4854.3;31843762.2;0.0;130486740.8;912.2;6982527.2;0.0;15004365.2;4939.3;37238232.3;0.0;131866629.7;0.983;49.957;1701.6;10593290.1;0.0;42900711.9;374.0;2377848.6;0.0;6127752.8;1742.2;12902033.3;0.0;43327215.1;7.953;223.121;0.977;1576.4;6860573.4;0.0;46058077.6;388.3;2308366.1;0.0;5926172.1;1623.5;9599325.9;0.0;46647014.0;7.232;228.220;0.971;1576.3;16497472.6;0.0;43635525.2;150.0;3106837.3;0.0;3760965.2;1583.4;18280071.8;0.0;44132978.9;7.098;227.480;0.996
Wed Dec  1 23:18:01 2021;1638397081.632905551;4924.5;31843843.7;0.0;130486740.8;943.1;6982542.7;0.0;15004365.2;5014.0;37238315.3;0.0;131866629.7;0.982;50.003;1735.4;10593318.7;0.0;42900711.9;383.0;2377854.9;0.0;6127752.8;1777.2;12902062.6;0.0;43327215.1;8.122;222.732;0.977;1591.7;6860599.8;0.0;46058077.6;398.2;2308372.6;0.0;5926172.1;1640.8;9599353.1;0.0;46647014.0;7.319;227.745;0.970;1597.4;16497499.1;0.0;43635525.2;161.9;3106839.9;0.0;3760965.2;1605.5;18280098.4;0.0;44132978.9;7.206;227.079;0.995
Wed Dec  1 23:19:01 2021;1638397141.618281498;5280.0;31843928.0;0.0;130486740.8;945.6;6982558.5;0.0;15004365.2;5364.0;37238401.0;0.0;131866629.7;0.984;49.985;2033.9;10593349.6;0.0;42900711.9;375.3;2377861.3;0.0;6127752.8;2068.3;12902094.1;0.0;43327215.1;9.399;222.794;0.983;1637.2;6860626.5;0.0;46058077.6;402.9;2308379.3;0.0;5926172.1;1686.0;9599380.6;0.0;46647014.0;7.533;227.975;0.971;1608.9;16497525.8;0.0;43635525.2;167.4;3106842.7;0.0;3760965.2;1617.6;18280125.3;0.0;44132978.9;7.247;227.391;0.995
Wed Dec  1 23:20:01 2021;1638397201.604293732;5035.2;31844012.2;0.0;130486740.8;979.4;6982574.6;0.0;15004365.2;5129.6;37238486.8;0.0;131866629.7;0.982;50.010;1764.4;10593379.6;0.0;42900711.9;397.3;2377867.8;0.0;6127752.8;1808.6;12902124.8;0.0;43327215.1;8.237;223.398;0.976;1640.3;6860653.7;0.0;46058077.6;411.4;2308386.1;0.0;5926172.1;1691.1;9599408.6;0.0;46647014.0;7.531;228.368;0.970;1630.6;16497552.8;0.0;43635525.2;170.7;3106845.5;0.0;3760965.2;1639.5;18280152.4;0.0;44132978.9;7.332;227.767;0.995
Wed Dec  1 23:21:01 2021;1638397261.589346884;8107.2;31844100.3;0.0;130486740.8;3775.8;6982592.1;0.0;15004365.2;8943.3;37238576.6;0.0;131866629.7;0.907;50.015;2629.9;10593409.6;0.0;42900711.9;1344.6;2377874.8;0.0;6127752.8;2953.7;12902155.7;0.0;43327215.1;13.324;222.864;0.890;2592.0;6860681.7;0.0;46058077.6;1295.4;2308393.3;0.0;5926172.1;2897.6;9599437.6;0.0;46647014.0;12.783;227.775;0.895;2885.3;16497582.8;0.0;43635525.2;1135.9;3106848.7;0.0;3760965.2;3100.8;18280182.7;0.0;44132978.9;13.722;226.984;0.930
Wed Dec  1 23:22:01 2021;1638397321.576066272;9253.0;31844270.2;0.0;130486740.8;3163.7;6982659.0;0.0;15004365.2;9779.0;37238759.3;0.0;131866629.7;0.946;50.023;3021.5;10593464.9;0.0;42900711.9;1166.1;2377898.9;0.0;6127752.8;3238.7;12902215.9;0.0;43327215.1;15.247;222.760;0.933;2952.8;6860736.2;0.0;46058077.6;1088.9;2308416.0;0.0;5926172.1;3147.2;9599496.6;0.0;46647014.0;14.534;227.662;0.938;3278.7;16497643.1;0.0;43635525.2;908.7;3106868.8;0.0;3760965.2;3402.3;18280246.2;0.0;44132978.9;15.727;226.942;0.964
Wed Dec  1 23:23:01 2021;1638397381.572784176;5297.3;31844360.2;0.0;130486740.8;1055.6;6982676.1;0.0;15004365.2;5401.5;37238850.9;0.0;131866629.7;0.981;50.006;1790.0;10593494.7;0.0;42900711.9;424.5;2377905.9;0.0;6127752.8;1839.6;12902246.6;0.0;43327215.1;8.392;222.826;0.973;1681.4;6860764.1;0.0;46058077.6;437.5;2308423.2;0.0;5926172.1;1737.4;9599525.4;0.0;46647014.0;7.754;227.683;0.968;1826.0;16497675.4;0.0;43635525.2;193.6;3106871.8;0.0;3760965.2;1836.2;18280278.6;0.0;44132978.9;8.220;227.018;0.994
Wed Dec  1 23:24:01 2021;1638397441.573128926;5186.1;31844446.2;0.0;130486740.8;1076.7;6982693.9;0.0;15004365.2;5296.7;37238938.7;0.0;131866629.7;0.979;50.015;1810.1;10593524.6;0.0;42900711.9;428.5;2377913.0;0.0;6127752.8;1860.1;12902277.3;0.0;43327215.1;8.473;223.080;0.973;1694.3;6860792.2;0.0;46058077.6;441.5;2308430.5;0.0;5926172.1;1750.9;9599554.5;0.0;46647014.0;7.799;228.058;0.968;1681.7;16497703.3;0.0;43635525.2;206.7;3106875.2;0.0;3760965.2;1694.3;18280306.8;0.0;44132978.9;7.575;227.486;0.993
Wed Dec  1 23:25:01 2021;1638397501.533872827;5234.4;31844533.7;0.0;130486740.8;1098.9;6982712.4;0.0;15004365.2;5348.5;37239028.1;0.0;131866629.7;0.979;50.013;1825.7;10593555.1;0.0;42900711.9;435.7;2377920.3;0.0;6127752.8;1877.0;12902308.7;0.0;43327215.1;8.546;223.160;0.973;1710.9;6860820.9;0.0;46058077.6;449.2;2308438.0;0.0;5926172.1;1768.9;9599584.1;0.0;46647014.0;7.875;228.099;0.967;1697.7;16497731.7;0.0;43635525.2;214.0;3106878.8;0.0;3760965.2;1711.2;18280335.4;0.0;44132978.9;7.649;227.484;0.992
Wed Dec  1 23:26:01 2021;1638397561.520411519;5476.7;31844622.6;0.0;130486740.8;1272.5;6982731.7;0.0;15004365.2;5622.6;37239119.1;0.0;131866629.7;0.974;50.006;1872.9;10593586.1;0.0;42900711.9;489.6;2377927.8;0.0;6127752.8;1935.9;12902340.6;0.0;43327215.1;8.822;222.783;0.967;1808.3;6860849.9;0.0;46058077.6;506.9;2308445.8;0.0;5926172.1;1878.0;9599614.2;0.0;46647014.0;8.361;227.675;0.963;1795.4;16497760.5;0.0;43635525.2;276.1;3106882.7;0.0;3760965.2;1816.5;18280364.5;0.0;44132978.9;8.114;227.148;0.988
Wed Dec  1 23:27:01 2021;1638397621.505820208;3792.3;31844710.0;0.0;130486740.8;493.9;6982751.1;0.0;15004365.2;3824.4;37239208.7;0.0;131866629.7;0.992;50.009;1341.6;10593616.1;0.0;42900711.9;236.5;2377935.5;0.0;6127752.8;1362.3;12902371.5;0.0;43327215.1;6.321;223.404;0.985;1246.0;6860879.0;0.0;46058077.6;251.8;2308453.7;0.0;5926172.1;1271.2;9599644.3;0.0;46647014.0;5.734;228.334;0.980;1204.7;16497788.9;0.0;43635525.2;5.5;3106886.7;0.0;3760965.2;1204.7;18280393.1;0.0;44132978.9;5.444;227.770;1.000
Wed Dec  1 23:28:01 2021;1638397681.992174620;3051.9;31844769.1;0.0;130486740.8;90.7;6982757.8;0.0;15004365.2;3053.3;37239268.2;0.0;131866629.7;1.000;49.991;1061.0;10593636.5;0.0;42900711.9;105.1;2377939.0;0.0;6127752.8;1066.2;12902392.3;0.0;43327215.1;4.919;223.519;0.995;1019.6;6860898.7;0.0;46058077.6;115.8;2308457.3;0.0;5926172.1;1026.2;9599664.3;0.0;46647014.0;4.654;228.433;0.994;971.3;16497807.8;0.0;43635525.2;0.0;3106886.8;130.2;3760965.8;980.0;18280412.1;0.0;44132978.9;4.437;227.869;0.991
Wed Dec  1 23:29:01 2021;1638397741.478304501;1173.4;31844815.1;0.0;130486740.8;0.0;6982758.1;558.8;15004366.5;1299.7;37239314.3;0.0;131866629.7;0.903;49.984;485.0;10593652.7;0.0;42900711.9;0.0;2377940.0;99.0;6127752.9;495.0;12902408.5;0.0;43327215.1;2.388;223.028;0.980;302.4;6860913.8;0.0;46058077.6;0.0;2308458.5;112.7;5926172.2;322.7;9599679.6;0.0;46647014.0;1.504;228.021;0.937;386.0;16497822.5;0.0;43635525.2;0.0;3106886.8;347.1;3760968.8;519.1;18280427.2;0.0;44132978.9;2.392;227.401;0.744
Wed Dec  1 23:30:01 2021;1638397801.983801813;469.3;31844823.0;0.0;130486740.8;0.0;6982758.1;703.4;15004378.3;845.6;37239328.5;0.0;131866629.7;0.555;49.992;260.9;10593657.1;0.0;42900711.9;0.0;2377940.0;141.6;6127755.3;296.9;12902413.5;0.0;43327215.1;1.556;223.469;0.879;57.4;6860914.8;0.0;46058077.6;0.0;2308458.5;155.7;5926174.9;166.0;9599682.4;0.0;46647014.0;0.801;228.431;0.346;151.0;16497825.0;0.0;43635525.2;0.0;3106886.8;406.1;3760975.6;433.3;18280434.4;0.0;44132978.9;1.983;227.791;0.349
Wed Dec  1 23:31:01 2021;1638397861.973809257;468.0;31844830.8;0.0;130486740.8;0.0;6982758.1;704.8;15004390.1;846.1;37239342.6;0.0;131866629.7;0.553;49.976;258.1;10593661.4;0.0;42900711.9;0.0;2377940.0;140.3;6127757.7;293.8;12902418.4;0.0;43327215.1;1.542;223.986;0.879;58.0;6860915.8;0.0;46058077.6;0.0;2308458.5;156.5;5926177.5;166.9;9599685.1;0.0;46647014.0;0.804;229.037;0.347;151.9;16497827.6;0.0;43635525.2;0.0;3106886.8;408.0;3760982.4;435.3;18280441.7;0.0;44132978.9;1.989;228.323;0.349
Wed Dec  1 23:32:01 2021;1638397921.973803792;456.0;31844838.5;0.0;130486740.8;0.0;6982758.1;707.5;15004401.9;841.7;37239356.7;0.0;131866629.7;0.542;49.987;246.4;10593665.6;0.0;42900711.9;0.0;2377940.0;140.3;6127760.0;283.6;12902423.2;0.0;43327215.1;1.483;224.303;0.869;58.2;6860916.8;0.0;46058077.6;0.0;2308458.5;157.3;5926180.1;167.7;9599687.9;0.0;46647014.0;0.805;229.607;0.347;151.4;16497830.1;0.0;43635525.2;0.0;3106886.8;409.9;3760989.2;436.9;18280448.9;0.0;44132978.9;1.989;228.887;0.347
Wed Dec  1 23:33:01 2021;1638397981.922063001;521.1;31844847.8;0.0;130486740.8;0.0;6982758.1;721.6;15004413.4;890.1;37239371.6;0.0;131866629.7;0.585;49.994;328.9;10593671.4;0.0;42900711.9;0.0;2377940.3;153.9;6127762.3;363.1;12902429.5;0.0;43327215.1;1.791;224.201;0.906;39.2;6860917.7;0.0;46058077.6;0.0;2308458.5;158.3;5926182.7;163.1;9599690.7;0.0;46647014.0;0.743;229.525;0.240;153.0;16497832.6;0.0;43635525.2;0.0;3106886.8;409.4;3760996.0;437.0;18280456.2;0.0;44132978.9;1.993;228.753;0.350
Wed Dec  1 23:34:01 2021;1638398041.908336002;493.9;31844856.2;0.0;130486740.8;0.0;6982758.1;713.0;15004425.3;867.3;37239386.3;0.0;131866629.7;0.569;50.004;302.3;10593676.6;0.0;42900711.9;0.0;2377940.3;147.2;6127764.8;336.3;12902435.3;0.0;43327215.1;1.688;223.692;0.899;38.7;6860918.4;0.0;46058077.6;0.0;2308458.5;157.7;5926185.3;162.4;9599693.4;0.0;46647014.0;0.740;229.006;0.238;152.9;16497835.1;0.0;43635525.2;0.0;3106886.8;408.1;3761002.8;435.8;18280463.5;0.0;44132978.9;1.992;228.287;0.351
Wed Dec  1 23:35:01 2021;1638398101.894219071;504.3;31844864.5;0.0;130486740.8;0.0;6982758.1;714.7;15004437.3;874.7;37239400.9;0.0;131866629.7;0.577;49.992;314.1;10593681.8;0.0;42900711.9;0.0;2377940.3;148.8;6127767.3;347.6;12902441.1;0.0;43327215.1;1.742;223.749;0.904;38.3;6860919.0;0.0;46058077.6;0.0;2308458.5;157.8;5926188.0;162.4;9599696.1;0.0;46647014.0;0.741;229.019;0.236;151.9;16497837.6;0.0;43635525.2;0.0;3106886.8;408.1;3761009.7;435.5;18280470.8;0.0;44132978.9;1.990;228.350;0.349
Wed Dec  1 23:36:01 2021;1638398161.879940663;486.0;31844872.7;0.0;130486740.8;0.0;6982758.1;711.5;15004449.2;861.6;37239415.4;0.0;131866629.7;0.564;50.008;295.1;10593686.8;0.0;42900711.9;0.0;2377940.3;146.3;6127769.8;329.4;12902446.7;0.0;43327215.1;1.660;223.623;0.896;38.7;6860919.7;0.0;46058077.6;0.0;2308458.5;157.5;5926190.6;162.2;9599698.9;0.0;46647014.0;0.741;228.937;0.239;152.2;16497840.2;0.0;43635525.2;0.0;3106886.8;407.7;3761016.5;435.1;18280478.1;0.0;44132978.9;1.991;228.202;0.350
Wed Dec  1 23:37:01 2021;1638398221.872794609;486.1;31844880.8;0.0;130486740.8;0.0;6982758.1;713.2;15004461.1;863.1;37239429.7;0.0;131866629.7;0.563;50.002;295.9;10593691.7;0.0;42900711.9;0.0;2377940.3;146.9;6127772.2;330.3;12902452.2;0.0;43327215.1;1.664;223.818;0.896;38.8;6860920.3;0.0;46058077.6;0.0;2308458.5;157.9;5926193.2;162.6;9599701.6;0.0;46647014.0;0.742;229.178;0.238;151.5;16497842.7;0.0;43635525.2;0.0;3106886.8;408.3;3761023.3;435.5;18280485.3;0.0;44132978.9;1.990;228.417;0.348
Wed Dec  1 23:38:01 2021;1638398281.873112904;488.8;31844888.9;0.0;130486740.8;0.0;6982758.1;715.4;15004473.0;866.4;37239444.1;0.0;131866629.7;0.564;50.001;299.1;10593696.6;0.0;42900711.9;0.0;2377940.3;148.1;6127774.7;333.8;12902457.7;0.0;43327215.1;1.679;224.052;0.896;38.4;6860921.0;0.0;46058077.6;0.0;2308458.5;158.2;5926195.9;162.8;9599704.3;0.0;46647014.0;0.742;229.400;0.236;151.2;16497845.2;0.0;43635525.2;0.0;3106886.8;409.2;3761030.1;436.2;18280492.6;0.0;44132978.9;1.990;228.706;0.347
Wed Dec  1 23:39:01 2021;1638398341.873136721;484.2;31844897.0;0.0;130486740.8;0.0;6982758.1;715.0;15004484.9;863.5;37239458.5;0.0;131866629.7;0.561;50.012;294.4;10593701.6;0.0;42900711.9;0.0;2377940.3;146.9;6127777.1;329.0;12902463.2;0.0;43327215.1;1.656;224.164;0.895;38.7;6860921.6;0.0;46058077.6;0.0;2308458.5;158.5;5926198.5;163.2;9599707.0;0.0;46647014.0;0.743;229.520;0.237;151.1;16497847.7;0.0;43635525.2;0.0;3106886.8;409.5;3761036.9;436.5;18280499.8;0.0;44132978.9;1.991;228.793;0.346
Wed Dec  1 23:40:01 2021;1638398401.823545818;486.5;31844905.0;0.0;130486740.8;0.0;6982758.1;715.0;15004496.8;864.8;37239472.9;0.0;131866629.7;0.563;49.997;295.3;10593706.5;0.0;42900711.9;0.0;2377940.3;146.7;6127779.6;329.8;12902468.7;0.0;43327215.1;1.656;224.207;0.896;38.5;6860922.2;0.0;46058077.6;0.0;2308458.5;158.3;5926201.1;163.0;9599709.7;0.0;46647014.0;0.742;229.544;0.236;152.6;16497850.2;0.0;43635525.2;0.0;3106886.8;410.0;3761043.7;437.5;18280507.1;0.0;44132978.9;1.996;228.786;0.349
Wed Dec  1 23:41:01 2021;1638398461.810054254;486.0;31844913.1;0.0;130486740.8;0.0;6982758.1;710.4;15004508.7;860.7;37239487.2;0.0;131866629.7;0.565;50.011;295.3;10593711.4;0.0;42900711.9;0.0;2377940.3;141.7;6127782.0;327.6;12902474.1;0.0;43327215.1;1.656;224.220;0.902;38.8;6860922.9;0.0;46058077.6;0.0;2308458.5;158.6;5926203.8;163.2;9599712.4;0.0;46647014.0;0.743;229.631;0.238;151.9;16497852.7;0.0;43635525.2;0.0;3106886.8;410.1;3761050.6;437.4;18280514.4;0.0;44132978.9;1.994;228.828;0.347
Wed Dec  1 23:42:01 2021;1638398521.796032378;482.3;31844921.0;0.0;130486740.8;0.0;6982758.1;708.9;15004520.5;857.4;37239501.4;0.0;131866629.7;0.562;49.997;291.7;10593716.1;0.0;42900711.9;0.0;2377940.3;140.5;6127784.4;323.8;12902479.4;0.0;43327215.1;1.638;224.251;0.901;38.8;6860923.5;0.0;46058077.6;0.0;2308458.5;158.4;5926206.4;163.1;9599715.1;0.0;46647014.0;0.743;229.672;0.238;151.7;16497855.3;0.0;43635525.2;0.0;3106886.8;410.0;3761057.4;437.1;18280521.7;0.0;44132978.9;1.993;228.876;0.347
Wed Dec  1 23:43:01 2021;1638398581.781592311;481.4;31844929.0;0.0;130486740.8;0.0;6982758.1;708.6;15004532.3;856.7;37239515.7;0.0;131866629.7;0.562;50.019;290.9;10593721.0;0.0;42900711.9;0.0;2377940.3;140.9;6127786.7;323.3;12902484.8;0.0;43327215.1;1.641;223.989;0.900;38.6;6860924.2;0.0;46058077.6;0.0;2308458.5;158.3;5926209.1;163.0;9599717.9;0.0;46647014.0;0.742;229.414;0.237;151.9;16497857.8;0.0;43635525.2;0.0;3106886.8;409.4;3761064.2;436.7;18280528.9;0.0;44132978.9;1.993;228.598;0.348
Wed Dec  1 23:44:01 2021;1638398641.773076850;483.8;31844937.0;0.0;130486740.8;0.0;6982758.1;712.7;15004544.2;861.4;37239530.0;0.0;131866629.7;0.562;50.029;293.2;10593725.8;0.0;42900711.9;0.0;2377940.3;141.8;6127789.1;325.7;12902490.2;0.0;43327215.1;1.640;224.874;0.900;39.1;6860924.8;0.0;46058077.6;0.0;2308458.5;158.9;5926211.7;163.6;9599720.6;0.0;46647014.0;0.744;230.078;0.239;151.4;16497860.3;0.0;43635525.2;0.0;3106886.8;412.0;3761071.1;438.9;18280536.2;0.0;44132978.9;1.994;229.307;0.345
Wed Dec  1 23:45:02 2021;1638398702.273745345;481.2;31844945.0;0.0;130486740.8;0.0;6982758.1;710.8;15004556.1;858.4;37239544.4;0.0;131866629.7;0.561;50.011;290.2;10593730.6;0.0;42900711.9;0.0;2377940.3;141.1;6127791.4;322.7;12902495.6;0.0;43327215.1;1.630;224.770;0.899;39.2;6860925.5;0.0;46058077.6;0.0;2308458.5;158.8;5926214.4;163.6;9599723.3;0.0;46647014.0;0.745;229.922;0.240;151.8;16497862.8;0.0;43635525.2;0.0;3106886.8;411.0;3761078.0;438.1;18280543.6;0.0;44132978.9;1.994;229.196;0.346
Wed Dec  1 23:46:01 2021;1638398761.773154073;485.4;31844953.0;0.0;130486740.8;0.0;6982758.1;711.0;15004567.9;860.9;37239558.6;0.0;131866629.7;0.564;49.999;294.4;10593735.5;0.0;42900711.9;0.0;2377940.3;141.1;6127793.8;326.5;12902500.9;0.0;43327215.1;1.645;224.803;0.902;38.6;6860926.1;0.0;46058077.6;0.0;2308458.5;158.5;5926217.0;163.1;9599726.0;0.0;46647014.0;0.742;230.000;0.237;152.4;16497865.3;0.0;43635525.2;0.0;3106886.8;411.4;3761084.8;438.7;18280550.8;0.0;44132978.9;1.995;229.262;0.347
Wed Dec  1 23:47:01 2021;1638398821.725792264;420.6;31844960.3;0.0;130486740.8;0.0;6982758.1;700.5;15004579.6;817.1;37239572.4;0.0;131866629.7;0.515;49.975;229.7;10593739.6;0.0;42900711.9;0.0;2377940.3;131.1;6127796.0;264.5;12902505.6;0.0;43327215.1;1.406;224.808;0.868;38.7;6860926.8;0.0;46058077.6;0.0;2308458.5;158.3;5926219.6;163.0;9599728.7;0.0;46647014.0;0.742;229.872;0.238;152.2;16497867.8;0.0;43635525.2;0.0;3106886.8;411.1;3761091.6;438.3;18280558.1;0.0;44132978.9;1.993;229.202;0.347
Wed Dec  1 23:48:01 2021;1638398881.711207767;427.9;31844967.3;0.0;130486740.8;0.0;6982758.1;701.8;15004591.3;821.9;37239586.1;0.0;131866629.7;0.521;50.013;236.3;10593743.4;0.0;42900711.9;0.0;2377940.3;132.6;6127798.2;270.9;12902510.1;0.0;43327215.1;1.432;224.750;0.872;40.2;6860927.4;0.0;46058077.6;0.0;2308458.5;157.7;5926222.3;162.8;9599731.5;0.0;46647014.0;0.741;230.069;0.247;151.4;16497870.4;0.0;43635525.2;0.0;3106886.8;411.4;3761098.5;438.4;18280565.4;0.0;44132978.9;1.993;229.282;0.345
Wed Dec  1 23:49:01 2021;1638398941.697515068;512.3;31844975.3;0.0;130486740.8;0.0;6982758.1;703.0;15004602.9;869.8;37239600.3;0.0;131866629.7;0.589;50.017;319.5;10593748.3;0.0;42900711.9;0.0;2377940.4;135.4;6127800.4;347.0;12902515.4;0.0;43327215.1;1.730;224.224;0.921;40.0;6860928.1;0.0;46058077.6;0.0;2308458.5;157.3;5926224.9;162.3;9599734.2;0.0;46647014.0;0.740;229.595;0.246;152.8;16497872.9;0.0;43635525.2;0.0;3106886.8;410.3;3761105.3;437.8;18280572.7;0.0;44132978.9;1.995;228.867;0.349
Wed Dec  1 23:50:01 2021;1638399001.683018051;498.4;31844983.7;0.0;130486740.8;0.0;6982758.1;704.4;15004614.6;862.9;37239614.7;0.0;131866629.7;0.578;50.019;306.7;10593753.4;0.0;42900711.9;0.0;2377940.4;136.0;6127802.6;335.5;12902521.0;0.0;43327215.1;1.675;224.520;0.914;40.7;6860928.8;0.0;46058077.6;0.0;2308458.5;157.8;5926227.5;163.0;9599736.9;0.0;46647014.0;0.743;229.877;0.250;151.0;16497875.4;0.0;43635525.2;0.0;3106886.8;410.6;3761112.2;437.4;18280580.0;0.0;44132978.9;1.992;229.132;0.345
Wed Dec  1 23:51:01 2021;1638399061.673039059;573.9;31844992.0;0.0;130486740.8;0.0;6982758.1;693.9;15004626.3;900.5;37239629.1;0.0;131866629.7;0.637;50.021;321.7;10593758.6;0.0;42900711.9;0.0;2377940.4;135.4;6127804.9;349.0;12902526.7;0.0;43327215.1;1.738;224.423;0.922;100.5;6860929.5;0.0;46058077.6;0.0;2308458.5;148.0;5926230.1;179.0;9599739.6;0.0;46647014.0;0.923;229.669;0.562;151.7;16497877.9;0.0;43635525.2;0.0;3106886.8;410.5;3761119.0;437.6;18280587.3;0.0;44132978.9;1.995;229.005;0.347
Wed Dec  1 23:52:01 2021;1638399121.672630183;2275.2;31845006.7;0.0;130486740.8;0.0;6982758.1;337.2;15004636.9;2300.1;37239647.7;0.0;131866629.7;0.989;50.023;857.1;10593765.1;0.0;42900711.9;0.0;2377940.4;27.0;6127806.9;857.5;12902533.6;0.0;43327215.1;3.946;224.177;1.000;719.6;6860933.7;0.0;46058077.6;0.0;2308458.5;27.3;5926232.1;720.1;9599744.4;0.0;46647014.0;3.262;229.386;0.999;698.6;16497881.8;0.0;43635525.2;0.0;3106886.8;282.9;3761125.6;753.7;18280595.2;0.0;44132978.9;3.410;228.711;0.927
Wed Dec  1 23:53:01 2021;1638399181.673480392;2659.9;31845049.5;0.0;130486740.8;0.0;6982758.1;184.8;15004640.6;2666.3;37239690.6;0.0;131866629.7;0.998;50.022;970.8;10593780.8;0.0;42900711.9;23.2;2377940.6;0.0;6127806.9;971.1;12902549.2;0.0;43327215.1;4.448;224.403;1.000;855.7;6860947.4;0.0;46058077.6;21.6;2308458.7;0.0;5926232.2;856.0;9599758.2;0.0;46647014.0;3.856;229.624;1.000;833.4;16497895.2;0.0;43635525.2;0.0;3106886.8;229.6;3761129.6;864.4;18280609.2;0.0;44132978.9;3.894;228.972;0.964
Wed Dec  1 23:54:02 2021;1638399242.126875191;2565.1;31845093.4;0.0;130486740.8;0.0;6982758.1;237.2;15004644.1;2576.0;37239734.7;0.0;131866629.7;0.996;50.021;945.3;10593796.9;0.0;42900711.9;6.0;2377940.8;0.0;6127806.9;945.3;12902565.3;0.0;43327215.1;4.330;224.821;1.000;821.8;6860961.5;0.0;46058077.6;5.4;2308458.9;0.0;5926232.2;821.8;9599772.3;0.0;46647014.0;3.701;230.091;1.000;797.9;16497908.9;0.0;43635525.2;0.0;3106886.8;248.6;3761133.6;835.7;18280623.5;0.0;44132978.9;3.762;229.407;0.955
Wed Dec  1 23:55:02 2021;1638399302.112848464;2662.2;31845137.2;0.0;130486740.8;0.0;6982758.1;186.1;15004647.5;2668.7;37239778.6;0.0;131866629.7;0.998;50.023;971.4;10593812.9;0.0;42900711.9;22.5;2377941.1;0.0;6127806.9;971.7;12902581.4;0.0;43327215.1;4.453;224.443;1.000;857.0;6860975.6;0.0;46058077.6;21.6;2308459.2;0.0;5926232.2;857.3;9599786.4;0.0;46647014.0;3.863;229.660;1.000;833.8;16497922.6;0.0;43635525.2;0.0;3106886.8;230.2;3761137.6;865.0;18280637.7;0.0;44132978.9;3.897;229.010;0.964
Wed Dec  1 23:56:02 2021;1638399362.098774451;2613.4;31845181.0;0.0;130486740.8;0.0;6982758.1;207.8;15004650.9;2621.6;37239822.5;0.0;131866629.7;0.997;50.007;959.5;10593828.9;0.0;42900711.9;15.8;2377941.4;0.0;6127806.9;959.6;12902597.4;0.0;43327215.1;4.396;224.623;1.000;839.7;6860989.7;0.0;46058077.6;15.3;2308459.5;0.0;5926232.2;839.9;9599800.5;0.0;46647014.0;3.786;229.643;1.000;814.1;16497936.3;0.0;43635525.2;0.0;3106886.8;238.9;3761141.5;848.5;18280651.9;0.0;44132978.9;3.825;228.950;0.960
Wed Dec  1 23:57:02 2021;1638399422.084338571;2579.1;31845224.3;0.0;130486740.8;0.0;6982758.1;217.9;15004654.4;2588.3;37239865.9;0.0;131866629.7;0.996;49.970;943.0;10593844.8;0.0;42900711.9;13.0;2377941.6;0.0;6127806.9;943.1;12902613.2;0.0;43327215.1;4.328;224.350;1.000;829.6;6861003.7;0.0;46058077.6;12.0;2308459.7;0.0;5926232.2;829.7;9599814.4;0.0;46647014.0;3.749;229.119;1.000;806.5;16497949.7;0.0;43635525.2;0.0;3106886.8;242.9;3761145.5;842.3;18280666.0;0.0;44132978.9;3.803;228.700;0.958
Wed Dec  1 23:58:02 2021;1638399482.073710006;2599.2;31845267.3;0.0;130486740.8;0.0;6982758.1;209.1;15004658.1;2607.6;37239909.2;0.0;131866629.7;0.997;49.996;951.0;10593860.6;0.0;42900711.9;15.9;2377941.9;0.0;6127806.9;951.1;12902629.0;0.0;43327215.1;4.359;224.429;1.000;836.4;6861017.5;0.0;46058077.6;15.1;2308459.9;0.0;5926232.2;836.5;9599828.2;0.0;46647014.0;3.781;229.097;1.000;811.9;16497963.2;0.0;43635525.2;0.0;3106886.8;240.1;3761149.6;846.6;18280680.0;0.0;44132978.9;3.821;228.732;0.959
Wed Dec  1 23:59:02 2021;1638399542.073500132;2565.0;31845310.3;0.0;130486740.8;0.0;6982758.1;191.6;15004661.4;2572.2;37239952.2;0.0;131866629.7;0.997;50.008;897.5;10593875.9;0.0;42900711.9;23.3;2377942.2;0.0;6127806.9;897.8;12902644.3;0.0;43327215.1;4.148;224.369;1.000;846.5;6861031.5;0.0;46058077.6;20.1;2308460.2;0.0;5926232.2;846.7;9599842.3;0.0;46647014.0;3.828;229.092;1.000;821.0;16497976.8;0.0;43635525.2;0.0;3106886.8;235.0;3761153.5;854.0;18280694.2;0.0;44132978.9;3.856;228.656;0.961
